Question,Context,Response,source_text,embeddings
What is malaria?,Malaria is a life-threatening disease caused by parasites that are transmitted to people through the bites of infected female Anopheles mosquitoes.,Malaria is a life-threatening disease caused by parasites and transmitted by mosquitoes.,What is malaria? Malaria is a life-threatening disease caused by parasites that are transmitted to people through the bites of infected female Anopheles mosquitoes.,"[-5.28489240e-02  7.13298619e-02  2.70549636e-02 -3.23349796e-02
  4.19264585e-02  5.09080142e-02  6.82318434e-02  8.88245404e-02
 -1.70394722e-02  1.09299265e-01 -3.44418138e-02 -5.65579021e-03
  9.48972534e-03 -5.16997091e-02 -9.64467153e-02  4.45109122e-02
 -2.70846151e-02 -7.82808959e-02 -1.42777003e-02 -7.78637920e-03
 -1.90783665e-02  9.27528664e-02 -1.00445393e-02 -1.45321377e-02
 -6.36054426e-02 -1.30432351e-02  5.66765945e-03 -4.35438864e-02
  1.03110736e-02  8.81388709e-02 -5.69774769e-02  3.00146919e-02
 -5.69567271e-02  7.95832649e-03 -1.25892058e-01  7.23588765e-02
  2.24067383e-02 -1.37540679e-02  9.04387981e-03 -1.38973007e-02
  1.59413721e-02  5.05167234e-04 -5.08142635e-02 -8.29881728e-02
 -3.45433354e-02 -3.88955586e-02 -1.23854950e-02  1.14662670e-01
  4.08235230e-02 -4.78021018e-02  6.04983559e-03 -8.61922652e-02
 -4.49867137e-02  4.56825681e-02 -1.53264971e-02 -2.67001819e-02
 -4.22156490e-02 -5.03280293e-03 -6.56918064e-02  6.54891040e-03
 -1.94214322e-02 -2.05727294e-02  1.82649996e-02  3.74587774e-02
  5.63660311e-03 -1.98376086e-03  2.89998320e-03  2.80509368e-02
 -4.80425917e-02  3.86631265e-02  4.37998958e-02 -6.56790137e-02
 -1.26129603e-02  8.40828419e-02  4.58775349e-02 -4.30216156e-02
  3.61812155e-04 -1.56413876e-02  3.14609595e-02  5.95458597e-02
 -3.37044224e-02  7.02484101e-02  6.01132438e-02 -1.85114257e-02
  1.07203480e-02 -4.55163419e-02 -4.11819294e-02  4.97170724e-02
  5.85383251e-02  7.45954644e-03 -9.73144770e-02 -5.61804026e-02
  5.57190627e-02  9.08769295e-02 -7.57752657e-02  4.84938994e-02
  6.69263154e-02 -4.55476455e-02  3.93044017e-02  1.69314705e-02
 -1.30833331e-02 -4.15729918e-02 -3.93925682e-02  2.68430961e-03
 -4.83941659e-02  8.07286426e-03 -2.55880095e-02 -6.14092536e-02
 -1.28645841e-02  1.39372540e-03 -4.30488102e-02  3.74248847e-02
  5.12788221e-02 -8.12166408e-02 -5.78950308e-02 -7.36869797e-02
 -2.75892224e-02 -5.25668524e-02 -7.94410259e-02  2.64290739e-02
 -3.52464058e-02 -1.11285057e-02 -3.64658572e-02 -6.86685964e-02
  7.46827126e-02 -7.82213137e-02 -3.46789062e-02 -1.88934232e-33
  1.21992324e-02 -3.59110162e-02  1.06679507e-01  2.65751053e-02
 -8.81504733e-03  8.91972780e-02  2.36958973e-02  1.00640185e-01
 -1.26439054e-02 -8.61863373e-04 -2.83641107e-02 -1.36330530e-01
 -2.59215082e-03  1.24350628e-02  3.43548134e-02  1.07709661e-01
  2.81537995e-02 -4.46162857e-02  4.47760746e-02  1.20572791e-01
 -2.44011246e-02 -1.61360856e-02  2.12870594e-02 -5.44243008e-02
  1.07959276e-02  7.89770037e-02 -9.31907445e-02 -4.36924212e-02
  4.08158004e-02  2.60285344e-02  2.19288450e-02  5.95416501e-03
 -3.62531692e-02 -7.06298277e-02 -4.51375311e-03  1.01540401e-03
 -4.81722765e-02 -2.10756678e-02 -5.16512953e-02 -3.83353271e-02
 -7.18429983e-02  7.06509082e-03 -4.61268090e-02 -7.82367308e-03
 -2.46105436e-03  2.38925172e-03  4.48797308e-02 -7.68095404e-02
 -2.59959400e-02 -5.22982441e-02  2.33730972e-02 -1.35074370e-02
  5.70412241e-02  7.27563277e-02 -2.96430569e-02  4.34197336e-02
  3.17579620e-02  5.77815175e-02 -7.19080120e-02  2.51654424e-02
  6.08246103e-02 -4.27958257e-02  6.37589246e-02  1.48437750e-02
  6.83804005e-02 -4.54530045e-02  4.31016460e-02 -3.69901657e-02
  4.25100923e-02 -9.37242880e-02  1.07109118e-02  5.13245910e-03
 -3.84151787e-02  6.73133582e-02  1.12920795e-02 -3.04497778e-03
  6.71979338e-02 -5.11908680e-02  2.08868049e-02 -1.43177072e-02
 -5.63280173e-02 -4.53314781e-02  8.52642953e-02 -6.99652359e-02
 -8.04067478e-02  4.97955121e-02  3.61057818e-02 -8.77041835e-03
 -2.24710144e-02 -1.58081595e-02  5.69190681e-02  1.17949266e-02
 -4.10488434e-02  1.91069636e-02  4.23296243e-02 -2.05501612e-33
  2.24670228e-02 -6.29917532e-02 -8.62362385e-02 -1.17586210e-01
  2.15083603e-02  3.05353831e-02 -6.10435978e-02  5.34536690e-02
 -7.73262754e-02  4.34364602e-02 -2.54355092e-02 -2.76821107e-02
 -4.18623611e-02  5.08390330e-02 -5.11058271e-02  2.97796144e-03
 -2.34805532e-02  1.50231449e-02  4.55671363e-03 -5.96665889e-02
 -7.61123300e-02 -1.59753207e-03  1.83566529e-02 -9.20654312e-02
 -1.10212684e-01  1.40178176e-02 -3.35498787e-02  1.26251597e-02
  2.33864383e-04  9.62695628e-02  3.15460376e-03  9.43798944e-02
 -3.56138288e-03 -4.34347242e-02  5.55506572e-02  2.45213378e-02
  6.51716962e-02 -7.06097931e-02  8.23862404e-02 -2.61891596e-02
  4.91311029e-02  5.43246977e-02  1.57795139e-02 -2.61728205e-02
  5.97001649e-02  7.06033260e-02 -3.77768427e-02  3.02574821e-02
 -1.10024931e-02 -5.82291931e-02  3.59327756e-02  2.69441046e-02
  4.95795906e-03  8.11426993e-03  2.67708842e-02 -8.48625675e-02
 -7.03867078e-02 -1.03467971e-01  1.14195868e-01 -2.37078406e-02
  3.04150424e-04 -3.54689583e-02 -1.27994478e-01  1.14216000e-01
  2.01301388e-02  4.17319089e-02 -3.64980428e-03  6.07831739e-02
  5.72531484e-02  2.68554427e-02 -4.32501808e-02 -3.26753571e-03
 -8.38121846e-02  4.86311764e-02 -3.43036763e-02 -3.07195541e-02
  1.75155532e-02 -3.04970723e-02  6.04942441e-02  6.71324960e-05
  4.51142974e-02 -7.41758198e-02  5.53027950e-02  1.40493754e-02
 -2.35571060e-02 -3.88065577e-02  5.23365997e-02 -1.78985354e-02
 -8.23941752e-02  1.36851724e-02 -5.60218729e-02  2.20170687e-03
 -4.89580743e-02  3.88070829e-02 -2.43831873e-02 -2.80643047e-08
  1.25222191e-01 -7.88899660e-02 -2.74193790e-02 -4.37548310e-02
  1.03736180e-03  3.02483346e-02 -4.71463650e-02  3.12849991e-02
  8.75326544e-02  3.52506898e-02 -8.66918489e-02 -5.55875413e-02
  6.34360835e-02  2.38948222e-02 -5.92081202e-03  6.08662628e-02
 -3.15937959e-02 -9.00317263e-03 -3.29414271e-02 -2.21261550e-02
 -2.15870980e-02 -1.22952862e-02 -1.43926442e-02 -2.87642404e-02
  6.66966215e-02 -6.28159717e-02  7.55558386e-02  2.64720805e-03
  1.90120086e-03  2.16652965e-03 -1.19650610e-01  3.48180309e-02
  1.31328888e-02  6.06071241e-02 -6.14304375e-03  6.07071891e-02
  2.99163163e-02 -5.97123578e-02  3.65017056e-02 -5.87985888e-02
  3.82095315e-02  7.20469207e-02  1.32426294e-02 -2.37596966e-02
  2.72501670e-02  1.19190607e-02  8.02972540e-02  2.33699158e-02
  5.25976019e-03 -4.19983305e-02  3.61396261e-02  5.99110350e-02
  8.40940401e-02 -4.48694974e-02 -1.03873402e-01 -6.76073879e-02
 -6.15324453e-02  3.12565044e-02  2.77669728e-02 -7.34954849e-02
  2.66679097e-02  4.97653298e-02  1.71592310e-02  4.94888872e-02]"
How is malaria transmitted,The primary way malaria is transmitted to humans is through the bite of an infected Anopheles mosquito.,Malaria is transmitted through the bite of infected Anopheles mosquitoes.,How is malaria transmitted The primary way malaria is transmitted to humans is through the bite of an infected Anopheles mosquito.,"[-7.73453433e-03  4.45029028e-02  2.56462041e-02 -3.36622670e-02
  2.01047547e-02  4.95605767e-02  7.07513839e-02  7.31293783e-02
  1.18907746e-02  1.02194808e-01 -2.94535123e-02  8.91913567e-03
 -3.47479619e-02 -6.53122412e-03 -7.00948313e-02  9.76231880e-03
 -1.46834217e-02 -3.24270502e-02  5.63023845e-03 -2.07735337e-02
 -4.87550087e-02  6.26099184e-02  8.60439241e-03 -3.49867269e-02
 -5.06739244e-02 -3.26063633e-02  2.31447108e-02 -3.07807121e-02
  4.00209390e-02  4.05262671e-02 -4.03545536e-02  2.44394578e-02
 -7.14151934e-02  1.74782705e-02 -1.56485185e-01  5.39819673e-02
  3.43034789e-02 -5.40591069e-02  5.02099060e-02 -6.81350566e-03
  6.08187728e-02 -3.99285778e-02 -5.43730706e-02 -7.96646923e-02
 -3.20153609e-02 -1.24937471e-03 -1.99649646e-03  1.23299062e-01
  3.65276076e-02 -3.69547196e-02 -6.86811330e-03 -1.94682833e-03
 -2.56496165e-02  1.08465225e-01 -6.62727281e-02  1.65477805e-02
 -2.70709358e-02 -1.67358071e-02 -3.04633640e-02  3.84112000e-02
 -9.24272090e-03  1.80351920e-02 -6.39558807e-02  6.12137243e-02
 -6.64401660e-03  7.44256750e-03  1.44209415e-02  4.38976996e-02
 -4.88458909e-02 -1.09257083e-02  2.12431643e-02 -4.89958040e-02
 -2.02218480e-02  2.82696355e-02  4.74511050e-02 -6.76743314e-02
  2.20380519e-02  3.23579647e-02  1.86863001e-02  5.52529916e-02
 -4.68239859e-02  4.98191305e-02  1.01763509e-01 -2.69371010e-02
  2.65371334e-02  2.15376560e-02 -5.68788312e-02  7.89483041e-02
  3.37436679e-03  6.69765472e-02 -4.34154607e-02 -9.27383825e-03
  3.48311178e-02  4.07123193e-02 -1.02410085e-01  3.44734564e-02
  4.13435996e-02 -3.66220507e-03  6.98763952e-02  2.29392294e-03
 -3.50384042e-02 -5.84556460e-02 -6.40371889e-02 -7.25440010e-02
 -5.12721464e-02  1.42755145e-02 -4.35124040e-02 -5.03125712e-02
  9.51900240e-03  2.84147505e-02 -6.90532103e-02  3.60881090e-02
  7.22828954e-02 -5.12263291e-02 -2.04933230e-02 -2.77246088e-02
 -8.65944698e-02 -9.60405450e-03 -3.01615745e-02  2.56165955e-03
 -8.72714911e-03 -1.13323033e-02  1.00917229e-03 -4.18877080e-02
  9.37556624e-02 -4.04953361e-02  5.03881723e-02 -3.07117681e-33
  3.48825790e-02  1.31373117e-02  1.41449958e-01  2.09667068e-02
 -1.05501801e-01  8.84373039e-02  1.16641438e-02  8.38266462e-02
  3.93704697e-02 -4.16722670e-02 -5.87544441e-02 -1.30694821e-01
 -1.17179407e-02  1.06724545e-01 -2.44238302e-02  7.10755885e-02
  2.71913018e-02 -5.45374602e-02  8.77910666e-03  1.14754409e-01
  1.65373478e-02  2.46109460e-02  2.26268917e-02 -4.90060151e-02
  5.96155487e-02  3.84497494e-02 -1.03555053e-01 -5.13882525e-02
  1.54921301e-02  4.42537479e-02 -8.31734668e-03  5.40947262e-03
 -5.63687980e-02 -7.08078174e-03 -3.44347954e-02  3.01986355e-02
  2.13852543e-02 -2.71334127e-02 -2.72931252e-02 -2.58948561e-02
 -3.28612439e-02 -1.21855773e-02 -6.38282597e-02  7.70259090e-03
  3.32454816e-02  3.83566506e-02 -2.31196024e-02 -6.57272562e-02
  3.69360251e-03 -5.36067113e-02  3.50641124e-02 -3.22873145e-02
  1.75554082e-02  7.75383599e-03 -1.36742461e-02  6.48978725e-02
  1.83949452e-02  5.17104156e-02 -2.18172814e-03  7.42401183e-02
  1.10092275e-02 -4.87114042e-02  8.42824727e-02  1.25809675e-02
  2.85768136e-02 -2.40425989e-02 -1.97443133e-03 -4.35868427e-02
 -1.64285619e-02 -8.68675038e-02 -1.94272827e-02  5.70534505e-02
 -5.11263348e-02  1.90156419e-02 -7.51804840e-03 -2.18924172e-02
  2.15772558e-02 -5.81119489e-03  1.05756842e-01  1.59483720e-02
 -1.39255598e-01 -1.68401990e-02  5.38407527e-02 -4.57680225e-02
 -6.30071014e-02  3.71040143e-02  6.48505688e-02 -2.29960121e-02
 -1.81487389e-02  1.88464895e-02  5.96125945e-02  4.84579289e-03
 -1.55898733e-02  5.58420364e-03  1.28229171e-01 -1.24073521e-34
 -1.02560362e-02  7.99426518e-04 -5.08183055e-02 -4.56274636e-02
 -4.07831259e-02  4.51991335e-02  8.59364111e-04  3.67390290e-02
 -3.08950134e-02  6.99746534e-02 -5.13518080e-02  1.43963778e-02
 -4.96355109e-02  1.63008124e-02 -3.88194546e-02  8.74729268e-03
  3.68777104e-02  2.60879509e-02 -1.91556141e-02 -5.78255989e-02
 -6.94359019e-02 -2.80886088e-02  1.05667980e-02 -1.13511942e-01
 -8.22233930e-02 -3.31968479e-02 -7.51303360e-02  8.68718699e-02
 -1.00261869e-03  5.91813698e-02  9.38505027e-03  7.04326853e-02
 -1.84900686e-02 -5.62853813e-02  1.95399337e-02  6.69179931e-02
  3.83715704e-02 -5.54016046e-02  4.82595824e-02  1.36576016e-02
  3.61486003e-02  4.07677591e-02 -1.27449846e-02 -2.08329353e-02
  3.40868495e-02  9.70660821e-02 -8.44825953e-02 -2.91110278e-04
 -2.85424702e-02 -3.41697410e-02  6.55829310e-02  6.29618391e-02
 -8.84339120e-03 -4.15501036e-02  2.08221767e-02  7.14011956e-03
  4.82226303e-03 -1.25258893e-01  1.05742283e-01 -5.17488755e-02
 -5.93302287e-02 -3.94360200e-02 -7.99864009e-02  4.59068306e-02
  3.82573605e-02  8.04532319e-03  2.93675307e-02  2.82601677e-02
 -1.95827894e-02  2.41304375e-02 -1.08539693e-01 -4.27316241e-02
 -2.88709830e-02 -9.75365005e-03 -6.78703655e-03 -3.47500741e-02
  2.79866736e-02 -5.78853786e-02  5.47964387e-02 -4.04323936e-02
  6.00874275e-02 -6.12026379e-02  3.40754725e-02 -4.21998836e-02
 -1.17473751e-02 -2.22812518e-02  1.07716724e-01 -1.20211735e-01
 -6.15345947e-02 -7.04316131e-04 -7.79426396e-02 -7.98062328e-03
 -7.88404234e-03 -3.76276765e-03  1.89576615e-02 -2.15671072e-08
  5.53173311e-02 -9.47913155e-02  2.56135724e-02 -1.00528738e-02
  1.27991773e-02  1.16839156e-01 -3.28892581e-02  6.65156022e-02
  5.91814034e-02  3.87212783e-02 -1.30330160e-01 -3.43368649e-02
  6.56149387e-02  5.09806909e-02  4.30025645e-02  5.57910427e-02
 -1.67646073e-02 -9.56489891e-02 -4.66337390e-02 -7.77521804e-02
 -3.47623453e-02  1.67621672e-03 -2.86045559e-02  1.76324770e-02
  8.54659900e-02 -1.23911947e-02 -6.37139799e-03 -8.06051958e-03
  3.64973173e-02  4.68766838e-02 -8.38087648e-02  3.59530561e-03
 -3.29015478e-02  1.12344086e-01 -8.64876714e-03  5.94572201e-02
  1.24308262e-02 -4.12733741e-02  6.88479915e-02 -4.50775884e-02
  4.69648652e-02  4.79582436e-02 -9.38175898e-03  2.47455179e-03
 -2.95530036e-02  7.13853445e-03  7.76170343e-02  1.81892887e-02
 -4.82979566e-02  1.66239943e-02  5.61415926e-02 -4.75960039e-02
  7.20645413e-02 -6.81153089e-02 -6.55923262e-02 -8.17254856e-02
 -7.97589794e-02 -8.11267924e-03  5.62090464e-02 -8.81976038e-02
 -2.68024695e-03  7.02481940e-02  4.42964351e-03  5.80105670e-02]"
What are the symptoms of malaria?,"Common symptoms of malaria include fever, chills, sweating, headaches, nausea, and vomiting, which usually appear between 10 and 15 days after the mosquito bite.","Symptoms include fever, chills, sweating, headaches, nausea, and vomiting","What are the symptoms of malaria? Common symptoms of malaria include fever, chills, sweating, headaches, nausea, and vomiting, which usually appear between 10 and 15 days after the mosquito bite.","[ 4.14287846e-04  2.04251893e-02  5.32659888e-02 -9.07340087e-03
  8.40535685e-02  1.02205109e-02  2.56750807e-02  4.16538082e-02
 -9.57122352e-03  6.63890839e-02 -2.81427596e-02 -5.47756776e-02
  1.29948545e-03  6.97534671e-03 -1.53186303e-02  3.71009447e-02
 -1.30043542e-02 -6.39809743e-02  3.20853442e-02 -1.94167700e-02
 -6.35978431e-02  5.24401292e-02 -4.52458560e-02  1.09840054e-02
  1.04140164e-03  7.00827166e-02  4.48883213e-02 -2.03728210e-02
 -1.27404649e-02  4.28178534e-02 -8.53401646e-02 -1.08981775e-02
 -4.10672724e-02 -1.55041823e-02 -5.35488166e-02  6.34743348e-02
  1.81460362e-02 -5.51517755e-02 -2.28161365e-02 -1.94723811e-02
  4.07182500e-02  5.39366268e-02 -3.58009376e-02 -5.66938035e-02
 -6.80978876e-03 -4.77142818e-02 -3.60480025e-02  1.13595299e-01
  5.96529171e-02  1.06551927e-02  2.62190551e-02 -1.05300985e-01
  5.54596726e-03 -2.29190160e-02 -2.52365265e-02  8.28933995e-03
 -6.01368099e-02 -3.10735051e-02 -7.14441240e-02  1.22524025e-02
 -6.37146384e-02  1.76294278e-02 -1.52604710e-02 -5.55193704e-03
  1.59168076e-02  3.20067257e-03  2.88929157e-02 -1.93999857e-02
  3.17629203e-02  6.24065399e-02 -1.58100054e-02 -7.65698478e-02
 -7.62394071e-02 -5.79279624e-02 -4.90262955e-02 -1.86206158e-02
  5.69995530e-02 -8.20908975e-03 -1.35184852e-02  4.73956903e-03
 -4.72359285e-02  1.20794758e-01  1.17252998e-01 -1.97570063e-02
  1.47963576e-02 -2.91456562e-02 -1.13828443e-02  1.17384709e-01
  1.65917594e-02  4.30285297e-02  2.13840678e-02 -4.14454006e-02
 -2.47593336e-02  7.01947361e-02 -4.31212895e-02  7.54840672e-02
  3.13690752e-02  6.93630252e-04 -7.56062381e-03  2.32648868e-02
  2.01377422e-02 -7.10388273e-02 -3.34047601e-02 -2.74821767e-03
  7.67980609e-03  3.75960879e-02  3.98339257e-02 -3.71443070e-02
 -4.05646153e-02 -4.10319194e-02 -5.33320270e-02  4.88187261e-02
  3.20048034e-02 -7.66540244e-02 -5.19456342e-02 -1.20714061e-01
 -2.34427173e-02 -1.78291537e-02 -7.39338174e-02  8.50700308e-03
 -1.07648550e-02 -3.89396064e-02 -6.20953878e-03 -9.47937071e-02
  7.07384199e-02 -2.17930172e-02 -8.27873033e-03 -2.56948243e-33
  2.03610789e-02 -1.83993243e-02  8.94942060e-02  2.99887545e-02
 -1.62248546e-03  7.79893026e-02  1.78170074e-02  1.48919076e-01
  5.06625418e-03  4.98198345e-03 -2.93054152e-03 -9.72189605e-02
 -4.70347330e-02  2.27494072e-02 -1.74170863e-02  3.43243666e-02
  4.36444655e-02 -3.01466752e-02  5.14879972e-02  6.96842745e-02
 -4.96443771e-02 -7.30751604e-02 -2.00432148e-02  5.13452142e-02
  2.66349092e-02  6.28321022e-02 -9.04112458e-02  7.22855888e-03
 -3.46240811e-02  1.49095468e-02  1.60424784e-02 -3.30204032e-02
 -5.03300689e-02 -4.12865728e-02 -4.81920540e-02  2.25479100e-02
  9.98096168e-03  3.45228240e-02  3.68839502e-02 -7.82270133e-02
  3.63335721e-02  6.02239817e-02 -8.33656713e-02  1.75130982e-02
 -3.94226834e-02  2.39219647e-02 -3.15901008e-03 -1.56070488e-02
  4.89684343e-02 -8.50048065e-02  4.20809649e-02  1.92791391e-02
  8.80668312e-02  3.25271301e-02  2.85460558e-02  1.04934506e-01
  4.33989726e-02  3.82463187e-02 -4.46101055e-02 -2.94863712e-02
  8.48537609e-02 -1.76799186e-02  3.05836666e-02 -8.04300308e-02
  4.04977314e-02  2.49236692e-02 -7.51595758e-03 -3.26344632e-02
  2.49278471e-02 -1.32688165e-01  2.69104596e-02  4.31062728e-02
 -5.62477894e-02  5.31782731e-02 -3.80308926e-02  1.49310026e-02
  3.20755914e-02 -1.07098453e-01 -4.22546417e-02 -3.48732509e-02
  2.20876914e-02 -5.27999885e-02  1.05171822e-01 -9.89897549e-03
 -3.63813676e-02  3.76723893e-03  7.12727457e-02 -3.95981483e-02
 -6.10033497e-02 -2.50631068e-02  3.67262103e-02  8.71202163e-03
  3.70761305e-02 -1.48926070e-02  3.79863530e-02 -2.48962931e-34
  2.55198628e-02 -2.26457249e-02 -6.54040324e-03 -8.75780731e-02
 -1.91520322e-02  3.76166776e-02 -4.63715941e-02  1.32084087e-01
 -1.02110073e-01 -5.81324450e-04  3.96668874e-02 -7.03545241e-03
 -1.25133470e-01  3.35512236e-02 -7.13750795e-02  6.56398758e-02
  4.74232063e-02  3.11342683e-02  9.08859074e-02 -1.51860686e-02
 -3.61701995e-02 -2.02426221e-02  5.29134534e-02 -6.48076087e-02
 -4.90942225e-02  2.91624404e-02  3.33563499e-02 -2.98030898e-02
 -2.81918850e-02  2.00340468e-02  5.65985665e-02  9.47759300e-02
  4.00124416e-02  4.86708619e-02  1.43122328e-02 -4.88060191e-02
  3.59236710e-02 -6.55638352e-02  5.01856953e-02  1.63204819e-02
  3.47471982e-02  7.80460006e-03  1.36534618e-02 -4.06529307e-02
  7.59751648e-02  5.11900336e-02 -2.61599701e-02 -5.91887310e-02
 -6.67777583e-02 -5.16263619e-02  8.21309164e-02  1.59513317e-02
 -8.07870552e-03  3.40165049e-02  4.36055176e-02 -1.04230054e-01
 -4.39728759e-02 -1.50030434e-01  9.18049365e-02 -5.84719479e-02
 -3.88556756e-02 -7.29344189e-02 -6.10725880e-02  4.87753637e-02
  3.45938862e-03  1.21213254e-02  8.81807599e-03  8.70859548e-02
  6.50991425e-02  1.40354401e-02 -6.35432824e-02 -6.48075864e-02
 -1.15376309e-01  7.65482662e-04 -5.19711822e-02  2.78679542e-02
  3.02369557e-02 -2.10941564e-02  6.18687943e-02 -7.05490932e-02
 -2.43921112e-02 -3.00572049e-02  3.85210998e-02 -7.38395154e-02
 -3.22638489e-02  6.84596226e-03  1.84853096e-03 -5.49640916e-02
 -8.24437588e-02  3.12282816e-02 -1.19537702e-02  7.77397864e-03
  2.04600096e-02  7.50586390e-02  2.85274405e-02 -2.33963959e-08
  4.39810008e-02 -3.14194039e-02  5.45937428e-03 -1.48697081e-03
 -8.58265441e-03  2.01966092e-02 -4.52474803e-02  2.58762259e-02
  1.51825380e-02  2.14314535e-02 -3.01206950e-02 -1.26278365e-03
  2.92447396e-02  5.70498966e-02 -2.00028326e-02  7.51127675e-02
 -1.43158967e-02 -7.39839897e-02  1.48747014e-02 -6.10037744e-02
 -3.49104293e-02  1.10373355e-01 -6.75376803e-02 -3.79042514e-02
  7.35186264e-02 -2.73069367e-02 -1.40945893e-02 -8.52076896e-03
  3.25876730e-03  6.42626584e-02 -1.01170704e-01  5.54496162e-02
 -4.73672617e-03 -1.58834143e-03  2.61345953e-02 -6.17840886e-03
  4.46270965e-03 -6.28925711e-02  6.36337698e-02 -4.75057364e-02
  3.79219353e-02  4.88362201e-02 -4.76322472e-02 -3.96629870e-02
  2.49758549e-02 -5.71149550e-02  1.00326978e-01  5.21008782e-02
  3.07095535e-02 -7.52321109e-02  8.14236626e-02  8.25734437e-02
 -2.38146004e-03  1.74577050e-02 -6.24066629e-02 -1.83968935e-02
 -8.65516886e-02  6.05112016e-02  1.34955868e-02 -1.10534675e-01
  1.82494279e-02 -4.99857292e-02 -1.30724534e-01  2.84556281e-02]"
Can malaria be prevented?,"Malaria prevention includes using mosquito nets, insect repellents, wearing protective clothing, and using antimalarial medications","Prevention methods include mosquito nets, repellents, protective clothing, and medications","Can malaria be prevented? Malaria prevention includes using mosquito nets, insect repellents, wearing protective clothing, and using antimalarial medications","[-4.19004336e-02  9.81983989e-02  6.57088384e-02 -4.06912789e-02
  7.50739649e-02  7.43926018e-02  4.67120521e-02  3.20893526e-02
 -3.99257466e-02  6.07261173e-02  8.34288448e-03  6.40160069e-02
 -1.34930238e-02  7.96075631e-03 -4.37359028e-02  7.32823238e-02
  2.93234121e-02  4.49728966e-02 -7.61782704e-03 -2.78839916e-02
 -1.63017549e-02  5.03082946e-02  2.52811350e-02  1.57213453e-02
 -9.83564258e-02 -8.75360053e-03 -1.87165309e-02  1.08825161e-05
  2.02855729e-02  1.96359493e-02  1.65245850e-02 -4.21821363e-02
 -7.68302903e-02 -1.27646336e-02 -1.60936967e-01  5.71436211e-02
 -4.54895478e-03  2.98059545e-02  3.66651593e-03  3.86723876e-02
 -2.63395552e-02 -2.55509466e-02 -1.04832433e-01 -8.82906988e-02
 -1.79197546e-02 -7.21045211e-02 -1.57519989e-02  7.30802864e-02
  1.38889858e-02 -8.45907163e-03  1.73372254e-02 -3.21408883e-02
 -2.78139319e-02  5.01430705e-02  6.82912767e-02 -1.25243803e-02
 -2.71017719e-02 -2.66408548e-03 -6.92924261e-02 -3.26993838e-02
 -3.24888304e-02 -4.73272335e-03 -6.35956824e-02 -2.18583108e-03
 -2.83635519e-02  3.05335633e-02 -4.90388237e-02  3.49776298e-02
  9.44943056e-02  6.37963191e-02  4.42665555e-02 -4.38165516e-02
  1.30044864e-02  4.73641865e-02 -7.20538246e-03  4.97887507e-02
  2.46479623e-02 -4.92227226e-02  5.78940883e-02  2.25613564e-02
 -5.37879765e-02  5.00667468e-02  1.77863002e-01  8.60591047e-03
  9.89391375e-03  4.18449286e-03 -3.72942947e-02  2.17295066e-02
  5.37891090e-02 -5.85534908e-02 -1.42283831e-02 -4.17288430e-02
  6.06480241e-02  4.48277481e-02 -6.50892258e-02  1.55067546e-02
  2.52557043e-02 -4.63463180e-02 -2.67310292e-02  2.40791123e-02
  3.71296369e-02 -1.13970667e-01 -3.95125970e-02 -1.00769941e-02
 -6.71797693e-02 -4.95578200e-02  5.64370193e-02 -3.56943347e-02
 -5.09221889e-02  1.32453050e-02 -5.59763573e-02  2.71478891e-02
  3.84977572e-02  3.19574624e-02 -8.99519175e-02 -1.08525775e-01
  4.20648120e-02 -2.51625367e-02 -4.39767949e-02  3.55798304e-02
 -1.46797104e-02 -2.46331468e-03  6.17469586e-02 -1.12637281e-01
  1.25837371e-01 -7.93781653e-02  5.37395943e-03  1.45466581e-33
 -2.78900396e-02 -3.31482515e-02  8.17177519e-02 -2.48054154e-02
 -9.22869798e-03  8.24913159e-02  1.04434760e-02  6.37040660e-02
  4.20694426e-02 -1.09351464e-02 -5.03547564e-02 -7.48978704e-02
 -4.94211204e-02  2.11894140e-02  9.09681991e-02  3.98494340e-02
  7.26503432e-02 -5.62965721e-02  4.72967327e-02  2.71867123e-02
 -3.60035971e-02 -1.36841983e-01  1.64307188e-02 -1.52170593e-02
  2.52972562e-02  3.84099148e-02 -4.33152169e-02 -1.07632559e-02
  3.60330082e-02  5.43278195e-02 -1.49222258e-02 -2.29235901e-03
 -3.83031406e-02  1.62429474e-02 -2.41029914e-02  6.17014654e-02
 -8.15514177e-02 -1.45543530e-03 -5.15736043e-02 -4.75518256e-02
 -6.35366812e-02  3.20228077e-02 -8.29870347e-03  2.04340182e-02
  3.50578018e-02 -2.75393529e-03 -5.39687462e-03 -3.65834124e-02
 -6.16704002e-02 -4.80874032e-02  4.08989228e-02  3.80691588e-02
 -6.41921675e-03 -1.45580610e-02  2.97219567e-02  2.03835499e-03
  6.93189632e-03  2.41516568e-02 -1.65180732e-02 -2.51779077e-03
  1.00888819e-01 -3.69379409e-02  5.46571910e-02 -7.29116611e-03
  6.60247505e-02 -2.47638579e-02  5.90586364e-02 -5.60956113e-02
 -3.33127640e-02 -1.08027354e-01 -5.58120839e-04  1.40786273e-02
 -9.20706335e-03  4.25513126e-02 -6.88018501e-02 -6.38096929e-02
  1.47801731e-02 -3.81037258e-02  5.39127737e-02 -1.63685754e-02
 -3.70170288e-02 -4.65214886e-02  8.96404013e-02 -4.03824495e-03
 -3.96881551e-02 -1.41196055e-02  4.70116474e-02  6.73500970e-02
  8.38696398e-03 -7.35024959e-02  3.69127356e-02  1.99833494e-02
 -2.77132634e-02  7.39442371e-03 -2.15834938e-02 -3.15423154e-33
  4.39704768e-02 -2.57424405e-03  3.77857052e-02 -1.11546360e-01
 -4.14535105e-02  7.18500689e-02 -4.36691083e-02 -2.58966293e-02
 -4.69732359e-02  2.87062004e-02  4.81623411e-03  2.27304250e-02
 -1.85172856e-02  1.55955991e-02 -8.50110054e-02  1.92335807e-02
 -7.36026280e-03  3.00367782e-03 -3.91745679e-02 -4.05935831e-02
 -8.29680115e-02 -1.34171620e-02  4.19040993e-02 -2.46858597e-02
 -1.08573951e-01 -1.38394265e-02 -5.33040315e-02  3.89576294e-02
 -8.26544687e-03  6.60070702e-02  1.79035366e-02  4.56725471e-02
 -3.77882668e-03 -1.93179939e-02  1.01467827e-02 -3.12761553e-02
  6.65936247e-02 -4.63735685e-02  1.46814380e-02  2.31452025e-02
  9.54392701e-02  1.25582274e-02 -1.23100420e-02 -1.28923608e-02
  8.00985321e-02  6.15508147e-02 -5.23493849e-02 -7.39778765e-03
 -6.79761693e-02 -7.64778927e-02  1.93177499e-02  3.54430303e-02
 -2.54650544e-02 -1.64383911e-02  2.79206946e-03 -5.01033328e-02
 -3.17352675e-02 -1.26307920e-01  9.47568491e-02 -4.49340865e-02
 -3.01723406e-02 -5.43474220e-02 -8.24759528e-02  7.71752447e-02
  4.34880033e-02  6.93236366e-02 -6.56930963e-03  1.50736406e-01
  8.77912641e-02 -2.07459163e-02 -1.11441384e-03 -6.31499067e-02
 -5.12996465e-02  1.54476203e-02 -1.05678342e-01 -5.83646707e-02
  7.29734078e-02 -2.73706354e-02  6.30171522e-02 -3.77045758e-02
  2.61412170e-02 -7.68897086e-02 -2.24751234e-02 -5.82939759e-02
  1.43211940e-03  4.53168806e-03  4.37573902e-03 -8.36181045e-02
 -1.14330307e-01  4.89392057e-02 -4.99671362e-02  2.26363968e-02
  1.16851851e-02  6.03756830e-02  3.62967663e-02 -2.45336658e-08
  1.07570790e-01 -1.96018293e-02  3.33979204e-02  3.51909250e-02
 -5.14064394e-02 -1.27040911e-02 -5.06500527e-02  5.13636805e-02
  7.19804838e-02  9.66485590e-02 -3.91457118e-02  2.34202836e-02
  8.02837387e-02  4.00786884e-02  8.38965469e-04  6.18678220e-02
  4.80960831e-02  1.70277208e-02 -4.85307164e-02 -5.95711283e-02
  7.12097739e-04  4.08520140e-02 -5.45086078e-02 -9.78231989e-03
  6.16896898e-02 -7.17179999e-02  5.98253123e-02 -2.87658684e-02
  3.78846638e-02  7.81679899e-02 -1.06882088e-01  1.63455941e-02
  9.48957447e-03  1.92265548e-02 -2.47132815e-02  2.58847643e-02
  6.02784567e-02 -4.72561195e-02  8.34299698e-02 -3.73112299e-02
  3.67886797e-02 -2.22987588e-02 -1.36551447e-03  1.84704885e-02
  8.13612118e-02 -4.27796273e-03  7.38573745e-02  3.19703086e-03
 -5.80911199e-03 -4.88296933e-02  2.56139543e-02  8.22710246e-02
  8.37116092e-02 -1.54893482e-02 -9.92480814e-02 -4.59565483e-02
 -3.82753015e-02 -1.30139093e-03 -8.18407629e-03 -3.45937535e-02
 -3.86070344e-04 -6.30202591e-02 -2.35002092e-03  3.58334035e-02]"
Is there a vaccine for malaria?,"The RTS,S/AS01 vaccine, also known as Mosquirix, was the first malaria vaccine recommended by WHO in 2021. It has been shown to significantly reduce malaria and severe, life-threatening malaria in young African children. The R21 vaccine is the second malaria vaccine to receive a WHO recommendation. Both vaccines are considered safe and effective in preventing malaria in children and are expected to have a significant public health impact when broadly implemented.","Yes, there are two: the RTS (Mosquirix) vaccine and the R tweenty one vaccine.","Is there a vaccine for malaria? The RTS,S/AS01 vaccine, also known as Mosquirix, was the first malaria vaccine recommended by WHO in 2021. It has been shown to significantly reduce malaria and severe, life-threatening malaria in young African children. The R21 vaccine is the second malaria vaccine to receive a WHO recommendation. Both vaccines are considered safe and effective in preventing malaria in children and are expected to have a significant public health impact when broadly implemented.","[-9.71178263e-02  1.79500319e-02 -8.48309174e-02 -7.62628689e-02
  2.50458214e-02  2.34239604e-02  2.38874536e-02  5.80372885e-02
 -1.22870235e-02  6.35855645e-02 -3.31258262e-03  9.34527516e-02
  1.21649159e-02  6.37795553e-02 -6.04248457e-02 -4.75736801e-03
  3.97019759e-02 -5.27237654e-02  6.97416812e-02 -7.19484165e-02
 -6.86256737e-02  6.65288419e-02  6.51366413e-02  3.40091035e-04
 -8.88885651e-03 -3.61745693e-02 -6.19209707e-02 -1.79468952e-02
 -2.81304726e-03 -8.99222121e-03  6.97303414e-02 -1.46649908e-02
 -6.48463517e-02 -4.25556935e-02 -1.00902505e-01 -4.76810709e-03
  3.04838847e-02  6.52043596e-02 -2.50071734e-02  4.40618768e-02
 -1.23771401e-02  3.13920863e-02 -3.21180560e-02 -3.58121432e-02
  1.45367056e-04 -5.91667816e-02 -3.29304338e-02  9.43043157e-02
  2.79833507e-02  2.10317932e-02 -1.45837720e-02 -1.52788967e-01
  1.77811254e-02  8.63683522e-02 -1.44047383e-02 -8.86059776e-02
 -1.31609142e-01  2.49180570e-02 -1.95807181e-02  5.84947737e-03
 -9.16066617e-02 -3.96553203e-02  3.51954252e-03  5.05064055e-02
  5.19286096e-03  2.19177008e-02 -4.81557436e-02 -4.78429981e-02
  3.10030859e-02  1.17224175e-02  2.09943319e-04 -3.64375790e-03
  8.42973776e-03  8.49427357e-02 -8.41188505e-02  3.94218042e-02
  7.99039826e-02  1.70297176e-02  5.87995686e-02  7.74527863e-02
  1.42445154e-02  3.89224142e-02  3.44881974e-02  4.36302228e-03
  7.02444315e-02  1.45469932e-02 -8.39788467e-03  2.97543369e-02
  7.87846968e-02 -6.73707724e-02  1.30756618e-02 -2.30407733e-02
  3.35186720e-02  4.32321057e-02 -1.15433641e-01 -1.60135590e-02
  6.93373233e-02  2.77424827e-02 -4.49388810e-02  1.44618247e-02
  5.32332342e-03 -8.87357593e-02 -3.18687595e-02  9.70640220e-03
 -3.27419713e-02  4.48509268e-02 -1.10685509e-02 -4.25298251e-02
  1.89534221e-02 -2.66525317e-02 -1.08123787e-01  9.86825749e-02
  2.35437937e-02 -1.67102441e-02 -7.28052184e-02 -6.54634237e-02
 -7.64476135e-03 -3.86277474e-02 -9.94480588e-03 -4.32746559e-02
 -5.80054820e-02 -5.20081371e-02 -5.09252176e-02 -1.18878715e-01
  1.29477292e-01  9.89828072e-03  4.87124175e-02  9.19427508e-34
 -9.01687145e-03  4.52450104e-02  1.27310127e-01  5.31729124e-02
  2.24150494e-02  5.22918142e-02  2.18679756e-02  1.03998169e-01
 -4.75190952e-02 -9.46366116e-02 -6.58886656e-02 -5.64837605e-02
 -7.67914718e-03  3.40900198e-02 -5.13988221e-03  3.47355939e-02
 -3.72469090e-02 -6.88518658e-02 -1.23429364e-02  3.25449482e-02
 -5.07432371e-02  2.92126872e-02  8.83967266e-04 -2.57718172e-02
  6.26692399e-02  5.88681065e-02  3.99967059e-02  2.01824550e-02
  6.47697672e-02  3.81040163e-02 -2.34623086e-02  7.13247713e-03
 -1.52829945e-01 -1.21419802e-02 -7.43793994e-02 -6.00365028e-02
 -9.55107585e-02 -7.02043399e-02 -4.62876586e-03 -3.01229917e-02
  1.72938686e-02  6.67446330e-02 -7.32987374e-02  2.20511425e-02
  6.91141859e-02 -3.83578762e-02  2.03682780e-02  4.68019843e-02
 -1.25052016e-02 -1.16953971e-02  2.34742295e-02  2.79617086e-02
 -3.15117873e-02 -3.59511971e-02 -2.34840214e-02  2.97278501e-02
 -2.05907132e-02  8.02572817e-02  2.35994756e-02  7.06810318e-03
  3.19307372e-02 -9.55187678e-02 -4.48653940e-03 -5.87883554e-02
  9.39781219e-03  2.39264518e-02  3.65893319e-02 -1.14376642e-01
  5.06090224e-02 -2.72436719e-02  7.75992945e-02 -4.53625135e-02
 -3.86178568e-02  7.73487659e-03 -2.55222954e-02 -8.98559950e-03
  1.24624483e-01 -6.01911135e-02  7.09243193e-02  2.68151183e-02
 -5.62609583e-02  2.55145971e-03  4.37342301e-02  4.16213311e-02
 -7.92902485e-02 -9.79403034e-02 -2.51162760e-02 -4.80328165e-02
 -3.02404650e-02 -2.41577905e-02 -2.32359488e-03  4.05505020e-03
 -3.87626290e-02  3.10559738e-02  9.24399123e-03 -1.42191268e-33
  2.23346762e-02 -2.46538464e-02 -1.96950454e-02 -2.66400296e-02
  1.23898294e-02  2.88204406e-03  1.75115969e-02  3.26196030e-02
  2.54945848e-02  6.99474430e-03  5.38921058e-02 -2.05272511e-02
  8.82084860e-05  5.79173639e-02 -2.81035006e-02 -1.19385179e-02
 -2.46185903e-02 -2.14009061e-02 -1.73431411e-02 -4.16862704e-02
  4.89435950e-03  7.51701072e-02  8.64774138e-02 -2.60462798e-02
 -1.29376100e-02  1.05494624e-02  2.44818465e-03  7.19372779e-02
 -7.93782994e-03  6.14844486e-02 -9.91256721e-03  2.78268103e-02
  1.72899663e-02  3.52101028e-02  1.39677301e-02  7.46932207e-03
  9.31087434e-02 -4.27887253e-02  3.93592380e-02  5.33680767e-02
  3.50879654e-02  2.99669970e-02 -4.19493578e-02  2.02949420e-02
  6.33355305e-02  4.75355387e-02  5.73496218e-04  5.62445074e-02
  3.76115702e-02 -7.40509778e-02 -1.60401203e-02  3.60158980e-02
 -2.98382286e-02  8.18358660e-02  5.34754544e-02 -8.05774480e-02
 -9.22253430e-02 -6.09192848e-02  4.20433134e-02 -3.21863517e-02
  3.59286144e-02 -4.83127078e-03 -1.08592913e-01  1.68303121e-02
  1.53877037e-02  6.15141131e-02 -2.47367118e-02  7.07318485e-02
  4.11187895e-02  3.23145837e-02  2.70038750e-02 -2.99623478e-02
 -1.01615246e-02 -1.54080447e-02 -3.67425494e-02 -4.28021438e-02
  4.29443382e-02  2.61547863e-02  3.03066708e-02 -1.40278293e-02
  6.38422146e-02 -7.06233606e-02  1.77338091e-03  3.28910761e-02
  7.69550353e-02  2.23685126e-03  2.25614533e-02 -8.32416937e-02
 -8.10063556e-02  8.49011764e-02 -2.54966523e-02 -8.91832635e-03
 -1.65350444e-03  1.01885118e-01  4.05620933e-02 -3.53649945e-08
  1.68242097e-01 -3.33945602e-02  3.12161744e-02 -1.34910420e-02
 -4.13884595e-02  2.68559288e-02 -9.22483727e-02  8.41597095e-04
  4.64951359e-02  9.71583277e-02 -1.85835473e-02  9.41725727e-03
  9.55554396e-02 -4.33064178e-02  1.39499670e-02  3.60442586e-02
 -3.07395980e-02  2.17781365e-02 -6.18109070e-02 -7.51558505e-03
  7.54018724e-02  6.12166896e-02 -5.63930012e-02 -1.38261272e-02
  5.91697916e-02 -1.35273049e-02  4.47090389e-03 -1.75249837e-02
  1.31497327e-02 -6.74438477e-02 -1.11886755e-01  5.33190032e-04
  5.12006134e-02 -2.12180745e-02 -2.24829745e-02  1.85138267e-02
  1.33908630e-04  5.05613498e-02  6.60861656e-02 -5.05640097e-02
  8.01225379e-03  4.40593921e-02 -1.70974508e-02  4.07016417e-03
 -3.52731496e-02  6.38265461e-02  1.13702267e-02 -2.74994206e-02
 -2.93262731e-02 -3.66010778e-02 -3.35154012e-02 -2.32753698e-02
  3.41931134e-02 -3.50550115e-02 -1.13507308e-01 -3.14792171e-02
 -8.82915407e-02 -4.13446501e-02 -8.61780345e-03 -9.11820009e-02
  5.14160395e-02  1.45558128e-02  1.54643506e-03  3.33259366e-02]"
What is the treatment for malaria?,"Malaria treatment involves prescribed antimalarial medications based on the type of parasite, severity of symptoms, and patient's medical history.",Treatment involves antimalarial medications tailored to the patient's needs,"What is the treatment for malaria? Malaria treatment involves prescribed antimalarial medications based on the type of parasite, severity of symptoms, and patient's medical history.","[-1.90810524e-02  2.78332382e-02  7.27580190e-02 -7.77574256e-02
 -5.21294121e-03  1.01115834e-02 -2.46582218e-02  9.61215273e-02
 -9.69330221e-03  5.32282107e-02 -7.40968585e-02  4.44001704e-02
 -4.27566580e-02 -1.79887582e-02 -4.44347672e-02  6.75873235e-02
  2.96692885e-02  9.65404138e-03  1.21108899e-02 -7.70167215e-03
 -3.55372243e-02  4.49485928e-02  6.49043126e-03  4.80142012e-02
 -6.72410205e-02  6.88507780e-02 -4.29419801e-04 -1.92497298e-02
 -2.21789926e-02  3.17811705e-02  1.76619254e-02  4.68723737e-02
 -2.63754483e-02  2.48981286e-02 -1.97832257e-01  4.95615192e-02
 -8.97997245e-02  6.10022806e-03 -2.97900327e-02 -1.02222618e-02
  8.28531105e-03  2.35548057e-03 -9.18299854e-02 -6.48474768e-02
 -1.98271088e-02 -1.14346482e-01 -6.59447685e-02  6.97536841e-02
  1.07306167e-02  3.91823314e-02  1.57974437e-02 -4.26588617e-02
 -3.00939027e-02  7.93582872e-02  1.69209540e-02  1.60638802e-02
 -2.96500456e-02  4.47651297e-02 -2.56742593e-02 -2.09498778e-02
  2.27296771e-03  2.80161314e-02 -2.96619646e-02  9.19005834e-03
 -1.20182363e-02  2.10980419e-03  9.86408256e-03  5.22238016e-03
  1.38760014e-02 -3.82490754e-02  2.32734568e-02 -1.83374416e-02
  4.20773774e-02  4.69904542e-02 -7.07230940e-02 -4.92011309e-02
  4.15951051e-02 -5.47845569e-03  9.62247141e-03  1.21634295e-02
  6.19848119e-03  3.07351667e-02  8.42972696e-02 -1.98942628e-02
  1.14251748e-02 -2.15548594e-02 -7.79585466e-02  1.75632592e-02
  7.83451721e-02 -9.40885209e-03  3.58891971e-02 -1.90034006e-02
 -1.20463315e-02 -8.27802345e-03 -2.98815314e-02  6.51477044e-03
  4.94155511e-02  1.03413174e-02  2.78067440e-02  1.12769818e-02
  5.29675297e-02 -7.00883642e-02 -9.04622152e-02 -4.88650501e-02
 -2.21183207e-02 -4.49588901e-04 -5.55687991e-04 -1.22839781e-02
 -4.23939116e-02 -4.62122001e-02 -6.63628057e-02 -3.66945118e-02
 -2.40307674e-02  3.72681804e-02 -8.42954516e-02 -5.18550426e-02
  2.44241627e-03 -1.30100977e-02 -6.73617870e-02  5.88173121e-02
 -3.65267061e-02 -2.71314144e-04  2.53695082e-02 -1.04548715e-01
  5.37211299e-02 -6.93078910e-04  3.89165729e-02 -3.74287577e-33
 -4.15865332e-02 -4.57151569e-02  5.86895719e-02  3.39029022e-02
 -7.09910877e-03  7.98819587e-02  5.73363230e-02  1.13987073e-01
  9.08974209e-04 -4.23920900e-02 -3.44017241e-03 -2.59125885e-02
 -3.36923860e-02  1.15269877e-01  5.35904849e-03  2.70002391e-02
  7.29162022e-02 -5.30932322e-02  3.91488336e-02  5.63923232e-02
  2.82398444e-02  3.66806649e-02  1.90664716e-02  9.38414317e-03
  1.31514212e-02  3.43348123e-02 -6.80222511e-02  1.95634253e-02
  2.31343899e-02  1.30958874e-02  1.60579532e-02  2.59252042e-02
 -6.96953684e-02 -4.75245453e-02 -6.11723866e-03 -9.04413755e-04
 -2.29171608e-02 -5.17035369e-03 -3.59196067e-02 -5.78185581e-02
 -8.79256353e-02  9.20839701e-03 -6.95657134e-02  1.23940799e-02
  1.85822900e-02  1.88732818e-02 -1.56416688e-02 -2.26146784e-02
  2.54920498e-02 -4.22185548e-02  7.46016204e-02  9.33570042e-03
 -2.95157563e-02  8.03154055e-03  3.66215669e-02  6.99802041e-02
 -2.91420054e-03  5.92429899e-02 -1.41395433e-02 -5.79460571e-03
  9.55832005e-02 -1.08711191e-01  3.26132327e-02 -1.75073487e-03
  2.62590572e-02 -1.24267675e-02  2.02801786e-02 -4.46076691e-02
 -2.30434500e-02 -9.30122957e-02 -3.46427523e-02  1.73153542e-02
 -1.96241103e-02  1.48387492e-01  3.54558937e-02 -1.11433091e-02
  4.06495184e-02 -6.14076667e-02 -1.34678045e-02  8.23256280e-03
 -4.06784080e-02 -6.25318885e-02  2.51556970e-02  1.22630373e-02
 -6.12890683e-02  2.23403536e-02  1.43945366e-02  4.44809794e-02
  1.33555746e-02 -8.92809182e-02  1.88476481e-02  1.35552203e-02
 -7.08738491e-02  2.99868323e-02  1.02681778e-01 -2.74681186e-34
  6.36743829e-02 -4.34579886e-03 -2.22441345e-03 -5.36708757e-02
 -4.25974758e-05  8.09588283e-02 -1.21975645e-01 -8.34685341e-02
  2.26156786e-02  5.48003092e-02 -4.46816795e-02  2.18287576e-02
 -6.15989566e-02  4.08737026e-02 -1.31625965e-01 -7.74727622e-03
 -5.22147417e-02 -7.06896558e-02 -2.10309289e-02  2.21233498e-02
 -6.82394058e-02 -2.07689758e-02  1.52719384e-02 -5.69832139e-02
 -5.52858077e-02 -8.12446419e-03  1.30506791e-02 -3.42638195e-02
  3.70723493e-02  9.12384838e-02 -2.53583565e-02  7.56530440e-04
  4.47819717e-02 -5.78906871e-02  2.07220688e-02  2.94807088e-02
  6.49022385e-02 -3.33972787e-03  2.24166811e-02 -4.18765191e-03
  7.52001628e-02  5.07624773e-03 -1.60240233e-02 -1.84054896e-02
  5.89724481e-02  4.39565256e-02 -1.42762899e-01  1.43410005e-02
 -2.03452893e-02 -9.89366025e-02  3.57817933e-02  5.54800108e-02
  3.08036115e-02  6.24729730e-02  5.35631776e-02 -1.30048037e-01
 -9.01846737e-02 -1.27667740e-01  7.90458024e-02 -7.86442906e-02
 -5.29893823e-02 -6.38975203e-02 -1.28007205e-02  7.43880197e-02
 -5.01366146e-02  5.67630790e-02  5.50658209e-03  4.76242080e-02
  5.34393378e-02 -2.14113351e-02 -2.34225467e-02 -4.32475507e-02
 -4.15268634e-03  9.97867659e-02 -1.09938141e-02 -2.45664623e-02
  4.34306115e-02 -7.28299394e-02  6.94092065e-02 -3.09652463e-02
  1.03480846e-01 -6.02272227e-02  4.09021191e-02 -1.86283644e-02
 -5.71893491e-02  6.81434795e-02  6.68193847e-02  7.96662271e-03
 -9.38073099e-02  2.11102366e-02  3.04057598e-02 -2.42217742e-02
  7.95263331e-03  5.76701500e-02  8.37830901e-02 -2.59071804e-08
  8.53959545e-02 -6.39530346e-02  3.75684537e-02 -2.68594250e-02
 -4.71967831e-02  6.33938191e-03 -7.73651972e-02  7.38844126e-02
  4.60226908e-02  8.70917737e-02 -1.45286962e-01  5.83569799e-03
  2.43065935e-02  1.07123321e-02  7.14561343e-03  5.59974536e-02
  4.48039882e-02  9.81856324e-03 -8.01553763e-03  1.51804704e-02
 -6.48283809e-02  3.75272222e-02 -4.13726568e-02 -8.09321702e-02
  1.09472863e-01 -3.28255482e-02  1.37545653e-02 -3.53945717e-02
 -1.49589023e-02 -3.57610406e-03 -9.17538851e-02  3.09623890e-02
  5.22974469e-02 -2.65421830e-02  1.16724484e-02  7.68762678e-02
  2.17558723e-02 -9.24569890e-02  5.46401702e-02 -4.84472252e-02
  3.38370800e-02  4.04985994e-02  1.35937054e-02 -5.95094487e-02
  4.70365994e-02 -1.45910447e-02  1.10235050e-01 -2.30595116e-02
 -1.88478865e-02 -5.51740974e-02  5.37923239e-02  6.37916699e-02
  5.41436747e-02 -4.56490628e-02 -8.92348364e-02  6.64421637e-03
 -4.79828864e-02 -1.51621262e-02 -1.48387970e-02 -9.98537615e-02
  1.22269215e-02  2.68633161e-02 -3.20599787e-02  2.10498832e-02]"
How many people are affected by malaria annually?,"Malaria affects millions of people worldwide every year, particularly in sub-Saharan Africa and South Asia.","Millions are affected annually, especially in sub-Saharan Africa and South Asia.","How many people are affected by malaria annually? Malaria affects millions of people worldwide every year, particularly in sub-Saharan Africa and South Asia.","[ 5.52464463e-02 -2.32918872e-04  1.01177432e-01 -5.89851700e-02
  1.53726041e-02  7.54422545e-02 -1.32229626e-02  7.65244439e-02
 -4.91107032e-02  4.70239110e-02  5.17296186e-03 -3.56675200e-02
 -1.09660439e-02 -5.23689054e-02 -3.93301360e-02  1.91099253e-02
 -9.06096995e-02 -5.75071573e-02 -4.07464504e-02 -3.04600541e-02
 -4.83367592e-02  2.76822262e-02  3.23816836e-02  2.03822348e-02
 -9.44213197e-02 -4.42364663e-02  4.52554366e-03 -2.21635699e-02
 -2.24114452e-02  8.61313269e-02 -2.20940504e-02  1.10875450e-01
  4.44015674e-03  2.78371759e-02 -1.83195144e-01 -3.36819105e-02
 -5.23337647e-02  5.01161888e-02 -4.51972112e-02 -1.46839116e-02
  7.31470659e-02  6.82777911e-03 -3.09272967e-02 -9.98074934e-02
  2.80989353e-02 -8.38983953e-02 -4.22999486e-02  6.56677336e-02
 -1.32376337e-02  9.08376500e-02  5.01781702e-02 -2.57246010e-03
 -1.86217092e-02  5.73987253e-02  3.07441000e-02 -7.98001811e-02
 -2.51303669e-02  3.15374844e-02 -3.35679427e-02  1.16859078e-02
 -3.23599651e-02 -2.29968019e-02 -1.02867726e-02 -1.46414607e-03
  9.24620591e-03  4.41448502e-02  3.36404257e-02 -6.95400033e-03
 -2.05835756e-02  1.31780868e-02  1.47496033e-02 -5.10224849e-02
  2.71203499e-02  3.63209136e-02 -2.38561630e-02 -6.14775270e-02
 -2.19779257e-02  6.24587573e-02  9.05782133e-02  7.91994273e-04
  3.46159264e-02 -3.64565314e-03  1.08189791e-01 -7.33612031e-02
  2.22393330e-02 -1.01786545e-02 -2.77430080e-02  4.40873839e-02
  6.90971594e-03  4.71287873e-03  9.21062659e-03 -5.50815314e-02
  1.20902888e-01  3.09462212e-02 -1.11382745e-01  2.81488467e-02
  2.14364957e-02  1.80377867e-02  4.19208333e-02  2.43450291e-02
 -7.15044141e-02 -4.35821973e-02 -1.63565315e-02  1.40912656e-03
 -6.93005025e-02  3.65680307e-02 -8.52697995e-03 -4.43338230e-02
 -8.36777166e-02 -4.96158097e-03 -2.92510390e-02  4.57574874e-02
  2.14918517e-02 -1.61306448e-02 -1.74292792e-02 -1.34660527e-01
  6.71698665e-03 -7.37560689e-02 -6.61739931e-02  9.49817896e-02
 -4.16401364e-02 -1.64978241e-03  1.02841621e-02 -2.69179586e-02
  3.08487862e-02 -2.42838990e-02  3.35512199e-02 -2.45972707e-33
  1.05730183e-02 -5.71036711e-02  1.12888955e-01  3.59683707e-02
 -3.68995182e-02 -1.26966857e-03  4.24552709e-02  8.02946538e-02
  1.65865719e-02 -1.44386934e-02 -3.47204925e-03 -8.91342983e-02
  1.24578224e-02  9.71592441e-02  3.70069891e-02  8.96813273e-02
  8.54989961e-02 -4.48627286e-02 -3.37809697e-02  1.04207084e-01
 -2.96651833e-02 -8.22754279e-02 -2.34035347e-02  4.39086277e-03
 -5.37359482e-03  1.63688846e-02 -1.93656553e-02  3.50966640e-02
  2.11232491e-02  2.48360839e-02  6.88629672e-02 -2.87065208e-02
 -3.39424424e-02 -1.15513325e-01 -4.87238541e-03  7.44570396e-04
 -8.81284755e-03  2.36250535e-02 -1.54128941e-02  1.35491574e-02
 -6.83170632e-02  7.33120088e-03 -2.93246377e-02 -5.58772730e-03
 -1.87868811e-02  2.97789536e-02  6.15259670e-02 -3.96564044e-02
  2.99941823e-02 -1.55737866e-02 -2.02641133e-02  4.42401282e-02
 -2.18079463e-02  7.77534321e-02  7.35690519e-02 -1.20645575e-02
  2.85795238e-02  1.43289694e-03  2.24859337e-03  4.66019735e-02
  7.16892257e-02 -8.11452642e-02  8.73487219e-02 -1.78133361e-02
  1.01386569e-01  2.30681933e-02  5.07764593e-02 -5.83900837e-03
 -4.18381728e-02 -4.13958058e-02 -3.61708016e-03 -7.20531307e-03
 -5.93755767e-02  4.63427790e-02  3.80917988e-03  5.73173501e-02
  8.85607302e-02 -5.22963703e-02  1.67159662e-02  1.32655188e-01
 -5.57587035e-02 -3.57954949e-02  6.86124638e-02 -5.56484647e-02
 -1.71229411e-02  3.84659953e-02  2.14806255e-02 -2.89162621e-02
  1.18746152e-02 -5.16033731e-02  1.21904209e-01 -2.72636046e-03
 -1.76233351e-02 -5.35760541e-03  2.48969886e-02 -7.66414511e-34
 -2.37084869e-02  7.68578798e-02 -2.81012785e-02 -9.86019447e-02
  1.46485176e-02 -2.60394216e-02 -6.26284331e-02  1.97113380e-02
 -1.10145537e-02  3.68204713e-02 -1.83616579e-02  4.79435176e-02
  3.11589576e-02  7.18259662e-02 -9.42160785e-02  8.97930004e-03
 -4.85344492e-02  7.72735989e-03 -4.20783535e-02  9.14863124e-03
 -1.32445738e-01 -6.87412992e-02  3.87047082e-02 -5.18900007e-02
 -1.11460209e-01 -1.68146193e-02 -4.37785983e-02  8.27386230e-03
  2.17312183e-02  2.17520706e-02 -3.02140452e-02  2.73147933e-02
 -1.28005026e-02 -4.82482836e-02  2.09901258e-02 -9.23370291e-03
  3.69882062e-02 -2.67327409e-02  4.16717045e-02 -3.86572145e-02
  5.97628094e-02  8.03675205e-02 -1.35659482e-02 -2.57140175e-02
  2.38901339e-02  6.99344352e-02 -9.17782858e-02 -3.49333175e-02
 -2.09476408e-02 -7.80503750e-02  2.31797099e-02  2.44554263e-02
 -8.05521291e-03 -1.24517353e-02  3.44472229e-02 -1.43089723e-02
  2.59421021e-03 -1.17565468e-01  3.59411500e-02 -3.49133089e-02
 -9.49987695e-02 -1.83573905e-02 -6.20884597e-02  7.92158544e-02
 -7.11631775e-02 -7.42760114e-03  5.79978153e-03  1.86508172e-03
  9.37445555e-03 -4.85154092e-02 -4.53820936e-02 -6.88502118e-02
 -6.86515868e-02 -1.46607570e-02 -3.19286361e-02  1.89736895e-02
 -3.04146437e-03  1.60316061e-02  6.52767047e-02 -1.85112841e-02
  1.20986074e-01 -5.85943609e-02  3.93622695e-03 -1.52002117e-02
 -7.99234286e-02  1.96814593e-02  8.12261030e-02 -6.55062720e-02
 -1.21454604e-01  7.93090910e-02 -8.87214541e-02  1.55773610e-02
 -5.00128791e-02 -2.76387371e-02  6.81438372e-02 -2.43829827e-08
  1.07192546e-01  2.22744960e-02  5.93834333e-02 -4.45176475e-03
  1.08758323e-02  1.33337984e-02 -2.79283058e-02  4.66549806e-02
  3.09961513e-02  1.11253463e-01 -3.37736122e-02  1.58585161e-02
  4.90490496e-02  5.72028477e-03  1.83608308e-02  6.82975128e-02
 -6.01135716e-02 -2.60438328e-03 -2.91499943e-02  6.67130714e-03
 -2.68219616e-02  7.87096471e-02  3.22230384e-02 -3.43402103e-02
  8.87488276e-02 -4.27015908e-02 -3.80377881e-02 -7.88317993e-03
 -4.64173891e-02 -4.71936204e-02 -1.89595539e-02 -4.22993936e-02
  5.42975292e-02  3.75296548e-02  4.66334671e-02  4.72658593e-03
 -2.20437050e-02 -5.79421148e-02  5.93560040e-02 -8.84516351e-03
  5.73165109e-03 -7.02896342e-02  4.41421345e-02  4.79195118e-02
  4.82135341e-02 -3.79287526e-02  7.76686966e-02 -5.54865437e-05
 -5.44600599e-02 -4.69627194e-02  5.20511493e-02  3.80761065e-02
  5.04181013e-02 -4.16880324e-02 -4.37479243e-02 -1.98860765e-02
 -1.71013921e-02 -1.21136932e-02  3.57226729e-02 -1.07724458e-01
  2.27899179e-02  9.73799906e-04 -9.54328105e-02 -2.26979461e-02]"
What causes malaria?,"Malaria is caused by Plasmodium parasites, which are spread to people",Malaria is caused by Plasmodium parasites. ,"What causes malaria? Malaria is caused by Plasmodium parasites, which are spread to people","[-1.09839290e-02  2.48398501e-02  9.90995467e-02 -5.01466841e-02
  8.60914513e-02  3.48034650e-02  8.84465501e-03  8.19679946e-02
 -3.76203135e-02  8.35492536e-02  9.49574262e-03 -3.52541618e-02
  9.96117201e-03 -6.93936795e-02 -3.47909182e-02  1.68578774e-02
 -6.83733150e-02 -7.91365802e-02 -5.34653813e-02 -1.71062499e-02
  2.09158547e-02  2.03358419e-02 -2.83746631e-03 -3.05346213e-03
 -6.58519864e-02  3.44688632e-03  4.67619561e-02 -1.51207019e-02
  5.99012114e-02  5.19992448e-02  1.85402727e-03  8.56166054e-03
 -3.81841362e-02  9.93121695e-03 -1.72410950e-01  4.52598855e-02
  1.89668518e-02  4.07818034e-02 -1.90350879e-03  1.02465658e-03
  2.92349737e-02 -2.66236602e-03 -6.68340698e-02 -4.48429398e-02
 -1.34811932e-02 -5.67658246e-02 -1.84253994e-02  1.23900838e-01
  4.44108136e-02  2.34669968e-02 -2.26450115e-02 -6.07696325e-02
 -3.96113396e-02  6.65768012e-02  3.82906734e-03 -3.61296833e-02
 -4.65477891e-02  4.79835570e-02 -8.05585831e-03 -3.35048768e-03
 -5.37630357e-02 -9.72705078e-04 -8.68909732e-02  1.95801556e-02
  3.77111919e-02 -5.74260438e-03  1.26519948e-02  4.09775414e-02
 -4.23076414e-02  2.76519675e-02  6.56730235e-02 -4.71410202e-03
 -1.89053621e-02  4.06575613e-02 -1.22157568e-02 -1.42403552e-02
 -5.25094494e-02 -3.20082158e-02  4.07564528e-02  6.75500333e-02
  2.53046472e-02  9.17231441e-02  9.79429483e-02 -3.92443500e-02
  4.35104407e-02 -6.20869324e-02 -3.03915748e-03  1.76743269e-02
  4.07264382e-03  7.11962488e-03 -6.78252950e-02 -4.22244295e-02
 -1.04105081e-02  4.18924540e-02 -7.09455907e-02  5.34851477e-02
  4.91639152e-02 -1.18989125e-02  8.14093724e-02 -2.43722601e-03
 -2.40667909e-02 -8.55323002e-02  1.34381885e-03  2.14249287e-02
 -5.60091510e-02  7.47003069e-04 -2.33724695e-02 -3.41483951e-03
 -2.71004662e-02  3.58547568e-02 -4.66951840e-02  6.90312237e-02
  1.63919087e-02 -3.96205597e-02 -4.43726219e-03 -7.76200965e-02
  1.21879783e-02 -4.22029682e-02 -9.55904722e-02  5.69731323e-03
 -7.32251406e-02  5.02049318e-03 -7.00979978e-02 -3.64965089e-02
  4.63165343e-02 -6.38648048e-02 -4.92894948e-02 -1.65532214e-33
 -2.10452024e-02 -7.35120028e-02  1.00738369e-01  4.53752540e-02
  2.35327380e-03  6.09720349e-02  1.39059946e-02  8.92048106e-02
  2.05406342e-02  2.88267285e-02 -2.26016603e-02 -9.94786248e-02
 -3.07654664e-02  9.48056486e-03 -5.99011686e-03  3.19522731e-02
  5.10633402e-02 -2.24519148e-02 -1.38705587e-02  9.67089087e-02
 -2.04214603e-02 -3.87455784e-02  1.96122024e-02 -7.34084100e-02
 -1.59952417e-02  6.58150241e-02 -3.88903357e-02 -2.28673611e-02
  5.28813787e-02  2.37367041e-02  3.28815021e-02 -4.60652076e-02
 -4.38934527e-02 -5.28386161e-02  1.04886806e-02 -9.17595404e-04
 -5.80912679e-02 -2.03605182e-02 -1.75978001e-02 -3.67090330e-02
 -6.08825237e-02 -2.37628482e-02 -8.20580795e-02 -3.77049223e-02
  4.45102043e-02  5.70672425e-03 -7.51680462e-03 -4.42662574e-02
  3.30032483e-02 -6.87865447e-03 -2.26414553e-03  2.25066170e-02
 -2.16868403e-03  8.26625898e-02  8.66085198e-03 -1.86187811e-02
  4.71441448e-02 -1.42152896e-02 -4.05436568e-02  5.90909049e-02
  8.59746039e-02 -3.53180654e-02  5.49535975e-02  6.18124157e-02
  5.75205311e-02 -5.57640903e-02  1.66196898e-02 -1.49948038e-02
 -6.06089365e-03 -3.72820795e-02  8.46655015e-03  9.52375028e-03
 -1.02835648e-01  4.95897084e-02 -1.14489021e-02 -4.01545428e-02
  5.30930643e-04 -2.60484498e-02  2.21596397e-02  1.90213900e-02
 -6.42911941e-02 -5.93015961e-02  4.01789621e-02 -8.61722156e-02
 -1.24383248e-01  8.30666348e-02 -1.40826218e-02 -3.45939212e-02
 -2.84563322e-02 -2.37744264e-02  7.33053908e-02 -3.86151150e-02
 -2.87494250e-02  3.58839333e-02  4.52657603e-02 -2.04803938e-33
  2.45381501e-02 -2.58165859e-02 -5.06644621e-02 -1.15198828e-01
  5.55089042e-02  5.50192259e-02 -6.23521470e-02  2.09901258e-02
 -1.06066801e-02  9.21253487e-02 -8.62898231e-02  2.84882705e-03
 -1.14733810e-02  5.83496653e-02 -7.51684830e-02 -9.40782949e-03
  1.10849468e-02  7.28357509e-02  1.46213342e-02 -3.16808037e-02
 -8.17640796e-02  4.50349525e-02  3.34598646e-02 -7.87686557e-02
 -6.36438057e-02 -1.18054608e-02 -4.19051498e-02  7.65883252e-02
  4.32096459e-02  9.14899483e-02 -2.40114219e-02  9.80192348e-02
 -3.12495511e-02 -7.68628716e-02 -6.79724105e-03  8.85224249e-03
  4.05560732e-02 -1.77935511e-02  8.97348970e-02 -5.11727808e-03
  8.05063024e-02  1.53082097e-02  8.38770121e-02 -6.34620897e-03
  7.30492845e-02  3.54680344e-02 -3.99354734e-02  4.51461412e-03
  2.68298620e-03 -6.47930354e-02  5.84563017e-02  8.86665378e-03
  1.05176549e-02  2.42438521e-02 -1.99723542e-02 -6.32351413e-02
 -4.09141928e-02 -6.47677109e-02  7.74264410e-02 -5.57261929e-02
 -1.76514387e-02 -9.48932674e-03 -1.00686558e-01  6.72706887e-02
  4.49002944e-02 -1.48357414e-02 -2.87603680e-03  6.15205690e-02
  4.94708829e-02  4.44439967e-04 -6.34431541e-02 -3.60816484e-03
 -8.61829966e-02  5.44005148e-02 -7.45245963e-02  2.37291325e-02
 -1.78972892e-02 -2.07494460e-02  1.02437317e-01 -6.38798326e-02
  8.99055153e-02 -9.36063454e-02  1.79438405e-02 -8.89025908e-03
 -1.08701453e-01 -8.90054367e-03  1.05291985e-01 -7.65187144e-02
 -8.86682421e-02  5.96817546e-02 -1.02247536e-01 -3.07637323e-02
 -4.32579219e-03  5.32944798e-02  4.66773054e-03 -2.19856453e-08
  1.12704419e-01 -5.73162884e-02 -2.50604050e-03  3.31825353e-02
  8.34262650e-03  2.53686178e-02 -1.29660750e-02  1.00174956e-01
  8.03811699e-02  2.66457405e-02 -1.15619913e-01 -1.22979041e-02
  7.28811622e-02  3.93429734e-02  6.78975508e-02  4.35842127e-02
 -5.04349098e-02 -3.02043594e-02 -1.37367873e-02 -7.22696930e-02
 -2.64457446e-02 -3.10973581e-02  2.76090018e-02  2.73161270e-02
  6.94683716e-02 -4.07108739e-02  3.61018330e-02  4.28077988e-02
 -2.01124395e-03 -1.76888856e-03 -6.55287206e-02 -2.02803705e-02
 -3.19169532e-03 -1.50592187e-02 -3.12153623e-02  1.10436551e-01
  1.28647676e-02 -8.22958052e-02  4.33278382e-02 -8.48254710e-02
  2.05547735e-02  7.10809305e-02  1.10524902e-02 -4.05299328e-02
  2.99366079e-02  6.25230046e-03  5.32343984e-02  1.86509658e-02
 -9.24077444e-03 -3.96676697e-02  1.54735819e-02  1.39493113e-02
  8.66369009e-02 -8.49182978e-02 -8.96455199e-02 -3.76162268e-02
 -4.69347052e-02  3.07117626e-02  8.93425494e-02 -4.45306040e-02
  1.04807243e-02  8.97335112e-02  4.30345796e-02  5.99398203e-02]"
How is malaria transmitted?,"Malaria is transmitted exclusively through the bites of Anopheles mosquitoes. The mosquitoes carry the Plasmodium parasite, which is released into the bloodstream upon a mosquito bite.",Through the bite of an infected Anopheles mosquito.,"How is malaria transmitted? Malaria is transmitted exclusively through the bites of Anopheles mosquitoes. The mosquitoes carry the Plasmodium parasite, which is released into the bloodstream upon a mosquito bite.","[ 1.01711357e-03  4.38660942e-02  3.71970097e-03 -6.87827840e-02
  4.29697149e-02  6.21057637e-02  7.17209429e-02  4.65624630e-02
  1.40373409e-02  9.06554088e-02 -2.24701706e-02  6.43062405e-03
 -9.45782580e-04  1.04777410e-03 -4.99578156e-02  4.06368002e-02
 -6.70858612e-03 -3.89306210e-02 -1.16394488e-02 -6.39268756e-02
 -2.23250855e-02  8.00351128e-02 -7.47353595e-04 -2.55096648e-02
 -2.23199781e-02  1.62754080e-03  1.48995789e-02 -4.86202836e-02
  6.02159128e-02  5.49862795e-02 -5.37324548e-02 -3.11937146e-02
 -1.09820202e-01  2.07957774e-02 -1.65153384e-01  4.79953066e-02
  4.49031852e-02 -3.71997915e-02  2.15518475e-02  6.30110549e-03
  4.06562425e-02 -2.58277617e-02 -5.43207228e-02 -5.94004281e-02
 -3.16105895e-02 -3.20555642e-02  2.50595808e-02  1.00914828e-01
 -3.38793057e-03 -4.01118621e-02 -6.51387265e-03 -3.72156389e-02
 -4.40612920e-02  1.02667615e-01 -5.93841933e-02  1.71431713e-02
 -4.09376528e-03  4.91723139e-03 -3.16393971e-02  3.72332819e-02
 -5.89149259e-02  2.26523560e-02 -2.44672392e-02  4.99282964e-02
 -3.00379712e-02 -1.40468152e-02 -1.34223711e-03  6.52730167e-02
 -4.46790941e-02 -3.17845531e-02  2.96860896e-02 -4.17260528e-02
  9.67316271e-04  3.63018252e-02  4.52169739e-02 -4.31889370e-02
  1.23525187e-02  2.78952699e-02  4.55916161e-03  4.94062975e-02
 -5.82620762e-02  3.20244990e-02  1.08799554e-01 -3.39810587e-02
 -1.91516534e-03  9.45824757e-03 -3.74765843e-02  7.94319659e-02
  2.38587591e-03  9.27554071e-03 -4.78906371e-02  2.39386433e-03
  2.12839805e-02  3.54790427e-02 -7.39553720e-02  6.08540187e-03
  6.17335737e-02 -1.10972999e-02  7.51379281e-02 -1.56184263e-03
 -3.67564149e-02 -5.68469614e-02 -6.81106299e-02 -2.80872919e-02
 -7.11219385e-02  1.44614987e-02 -3.47278193e-02 -5.15665859e-02
 -1.61904432e-02  4.24699523e-02 -4.73219678e-02  6.08287863e-02
  6.19303174e-02 -4.00456265e-02 -4.72800247e-02 -7.63928667e-02
 -7.42633268e-02 -2.79272310e-02 -5.86155578e-02  2.95531154e-02
 -1.81893893e-02 -8.70984979e-03 -1.25864707e-02 -1.03680771e-02
  9.67892632e-02 -4.24739085e-02  2.47039348e-02 -1.76173175e-33
  8.06466397e-03 -1.36939138e-02  1.24901444e-01  5.04251644e-02
 -7.40024298e-02  1.22359283e-01  2.01999024e-02  1.14472121e-01
  5.55952936e-02  9.60124470e-03 -8.40088949e-02 -1.12013787e-01
 -6.79543661e-03  1.00529559e-01  2.24434696e-02  9.83342677e-02
  4.44160774e-02 -8.25486779e-02  1.90323945e-02  1.31238520e-01
  1.11122020e-02  6.16916921e-03  5.61466860e-03 -2.32435074e-02
  4.74832915e-02  5.58964349e-02 -1.01998590e-01 -3.56613733e-02
  1.60761140e-02  3.13599966e-02 -2.92760283e-02  3.16707621e-04
 -1.91812739e-02 -3.22331227e-02 -4.51721344e-03  3.48117463e-02
 -3.26900072e-02 -9.83268954e-03 -3.74465510e-02 -3.82633172e-02
 -1.64876338e-02 -1.36464639e-02 -6.31431639e-02  1.48076063e-03
  2.16916725e-02 -1.50111073e-03 -2.56893896e-02 -7.21075162e-02
  1.11441519e-02 -5.09469844e-02  4.80046049e-02 -4.03332338e-02
  3.30710635e-02  7.77052902e-03 -5.54048829e-03  2.69963462e-02
  8.09113123e-03  2.67075952e-02 -3.06114890e-02  7.53553659e-02
  5.53842522e-02 -1.30715482e-02  8.78323913e-02 -3.92228998e-02
  6.36829808e-02 -1.70553592e-03  2.80459458e-03 -4.84476127e-02
 -6.69145538e-03 -1.10920824e-01 -3.52020282e-03  4.80185784e-02
 -4.22771759e-02  9.90090054e-03 -2.96554971e-03 -4.29109298e-02
  1.39285214e-02 -3.49693112e-02  9.62866694e-02 -8.76348093e-03
 -6.54634014e-02 -6.56528026e-02  8.34261253e-02 -4.37190048e-02
 -5.56819774e-02  4.61861193e-02  6.26736954e-02 -8.17807578e-03
 -8.47483985e-03 -7.96611607e-03  8.28721300e-02 -2.47826092e-02
 -2.33182684e-02 -4.81689572e-02  1.24602698e-01 -1.38444141e-33
  3.45346481e-02  5.58887003e-03 -7.51260072e-02 -8.64243731e-02
 -1.77150071e-02  6.40031770e-02 -2.28577163e-02  3.81652638e-02
 -4.98273894e-02  6.52529895e-02 -3.46608758e-02  1.31526804e-02
 -4.82849665e-02  3.31755877e-02 -4.54461500e-02  2.33975090e-02
  3.20073552e-02  1.52745079e-02 -2.08790489e-02 -7.61625543e-02
 -6.94539770e-02 -4.40668203e-02  8.62681493e-02 -8.59542117e-02
 -8.33890140e-02 -4.34941314e-02 -5.35228774e-02  7.92714506e-02
  3.32162995e-03  6.09818213e-02  2.14508139e-02  6.97522312e-02
 -1.91949867e-02 -5.76340072e-02 -9.96642094e-03 -3.67632764e-03
  6.70968965e-02 -4.89545166e-02  6.96169734e-02 -7.75415683e-03
  3.35217677e-02  1.34286201e-02 -3.85149405e-03  2.57536396e-03
  4.03160602e-02  7.90817663e-02 -6.42880425e-02  3.10863391e-03
 -1.60547849e-02 -7.51417577e-02  4.94231135e-02  3.66395488e-02
  3.81075055e-03 -4.23558541e-02  3.99449468e-02 -2.88168713e-02
 -3.07317898e-02 -1.00324646e-01  8.36225525e-02 -7.47006536e-02
 -3.64681408e-02 -3.51884030e-02 -1.17130585e-01  5.74497692e-02
  2.79851016e-02  1.71731245e-02  4.73838337e-02  7.04200342e-02
  2.45577190e-02  1.82602666e-02 -9.10144225e-02 -1.85212418e-02
 -5.13918772e-02 -1.10023040e-02 -1.07420934e-02  2.21350067e-03
  3.82651351e-02 -4.41789441e-02  5.37800603e-02 -3.28848101e-02
  4.43304852e-02 -6.25283420e-02  3.22055258e-02 -1.51819978e-02
  1.26481168e-02 -2.20588166e-02  8.19827393e-02 -1.33687228e-01
 -6.33898303e-02 -2.32973956e-02 -5.24005555e-02  1.95725635e-02
  2.03339159e-02 -1.03735486e-02  2.79757101e-02 -2.77914118e-08
  9.25642475e-02 -6.30791038e-02 -1.40715269e-02 -2.42277440e-02
 -1.61621962e-02  1.10362165e-01 -3.85706238e-02  3.27447392e-02
  7.63359591e-02  7.00789467e-02 -1.09000795e-01 -6.00655340e-02
  7.63707161e-02  2.93528680e-02  4.02849838e-02  9.52133685e-02
 -1.25675024e-02 -7.79891387e-02 -2.20295154e-02 -6.17018677e-02
 -4.33577858e-02 -8.50012898e-03 -2.15551537e-02  5.70047684e-02
  8.30061063e-02 -4.02697474e-02  3.52946557e-02 -4.54611331e-02
  4.74900641e-02  4.85507287e-02 -1.06747590e-01  4.92466846e-03
 -4.01438847e-02  8.37962404e-02 -8.13998841e-03  4.09407988e-02
  6.11597411e-02 -2.85882968e-02  5.74314333e-02 -3.09156459e-02
  4.84111235e-02  5.80608472e-03 -2.56857835e-03 -2.15107985e-02
  5.03804954e-03  2.78793890e-02  6.13699071e-02  1.83224436e-02
 -1.66547652e-02 -1.50514031e-02  4.87585478e-02  1.96178965e-02
  5.71161360e-02 -6.14611842e-02 -1.10379115e-01 -1.04087293e-01
 -6.92025423e-02 -2.55787242e-02  5.66064864e-02 -7.31793493e-02
  8.12507421e-03  5.29334657e-02  9.19156428e-03  1.90409999e-02]"
Can malaria be fatal?,"Malaria can be a life-threatening disease, particularly when caused by the parasite species Plasmodium falciparum. Without prompt and effective treatment, it can deteriorate quickly into severe illness and death.","Yes, particularly the P. falciparum species.","Can malaria be fatal? Malaria can be a life-threatening disease, particularly when caused by the parasite species Plasmodium falciparum. Without prompt and effective treatment, it can deteriorate quickly into severe illness and death.","[-7.81967305e-03  3.13718952e-02  1.93356276e-02 -8.15724656e-02
  6.27552867e-02  5.59576489e-02 -5.55968098e-03  1.11970797e-01
 -3.55153382e-02  1.19886622e-01 -3.58924158e-02  5.91477938e-02
  3.64095606e-02 -8.44153669e-03 -2.50919070e-02  2.69520264e-02
 -4.34221216e-02 -2.62911338e-02 -3.63457240e-02  5.58680482e-02
 -2.75510356e-05  8.07365403e-02 -2.81790048e-02  5.18723018e-03
 -1.01872705e-01  3.20408051e-03  1.37180220e-02  2.45994609e-03
  1.84661185e-03  5.81720658e-02 -3.23209465e-02  1.91161744e-02
 -8.36641118e-02 -2.40420755e-02 -1.66381836e-01  6.29227236e-02
 -5.64602297e-03 -2.67759711e-02  1.20743066e-02 -4.66229348e-03
 -1.92905180e-02  1.47628775e-02 -9.37227085e-02 -2.69381069e-02
  5.48321521e-03 -8.83188471e-02 -2.84630079e-02  6.58565462e-02
  8.17239005e-03  1.53609775e-02 -1.03378976e-02 -7.98961967e-02
  8.79619457e-03  2.80941408e-02  4.42064218e-02 -1.67633891e-02
 -8.62664655e-02  1.14581808e-02 -5.31350523e-02  8.69640056e-03
 -4.75338176e-02 -2.96246202e-04  2.02462319e-02 -2.10041329e-02
  3.79884467e-02  1.05162077e-02  8.46584677e-04 -4.93225716e-02
  1.26391016e-02  9.81883854e-02  4.06326465e-02 -8.66044462e-02
 -4.47818637e-02  6.45493641e-02 -3.91186476e-02  3.19852792e-02
 -1.50446277e-02 -7.19597489e-02  4.70641395e-03  7.46177882e-02
 -5.10476239e-04  1.64713953e-02  7.68395737e-02 -5.21407761e-02
  1.19314389e-02  2.47747218e-03 -1.49840256e-02  1.89323910e-02
  7.28619620e-02 -2.43827496e-02 -6.14822321e-02  1.92474667e-02
  9.59043503e-02  5.19628786e-02 -7.30399117e-02  8.34049508e-02
  1.16371857e-02 -5.14288247e-02 -9.78455786e-03 -2.54761446e-02
 -2.17398182e-02 -9.91852880e-02 -4.19230387e-02 -1.76678710e-02
 -2.55967062e-02 -2.78733131e-02 -1.37244575e-02 -3.96811916e-03
 -2.88818739e-02  3.53811644e-02 -1.32874995e-02  1.07485484e-02
  7.90573508e-02 -2.12095510e-02 -3.93775776e-02 -8.20672438e-02
 -3.46738137e-02 -7.20763877e-02 -9.68372151e-02  3.41735296e-02
 -6.43538013e-02 -5.85365202e-03 -1.46489721e-02 -5.57690226e-02
  6.49350882e-02 -4.87992764e-02  5.28997481e-02  1.20995287e-33
 -1.25751197e-02 -7.64940456e-02  1.14334024e-01 -1.29012307e-02
  1.25489030e-02  2.63496302e-02  3.55305076e-02  1.04011826e-01
  3.43842469e-02 -1.41359353e-02  1.42226098e-02 -1.31651446e-01
 -1.41734025e-03  2.39212960e-02  3.33393365e-02  7.87055418e-02
  8.64337981e-02 -4.91776317e-02  2.07422953e-02  3.19821462e-02
 -9.73437820e-03 -6.14796653e-02  3.56738083e-02 -8.56069401e-02
  1.63702071e-02  6.90678284e-02 -3.35063674e-02  2.45323032e-02
  3.31563354e-02  1.97313465e-02 -1.81618463e-02 -4.24735919e-02
 -7.60346949e-02 -2.51212064e-02 -2.00012624e-02 -2.31812447e-02
 -1.22966781e-01  6.67799264e-02 -2.74359565e-02  3.99225317e-02
 -9.44640785e-02  1.49622262e-02 -2.95282826e-02  3.54842208e-02
  6.10041618e-02  3.10014226e-02  6.35547638e-02  1.35149797e-02
 -6.13073297e-02 -3.91207412e-02  5.50841819e-03 -5.52955605e-02
 -2.94057801e-02  1.12373829e-01  7.50271324e-03  6.61828965e-02
  4.66628000e-02  2.67390106e-02 -3.44702490e-02 -3.62263136e-02
  7.45497420e-02 -3.77276093e-02  3.35552581e-02  3.12937163e-02
  2.70553753e-02 -2.81919464e-02  3.46790031e-02 -3.11934203e-02
  4.46687192e-02 -9.85704064e-02  3.10548339e-02 -2.63726786e-02
 -1.06994018e-01  6.95491722e-03 -4.80266334e-03 -8.63153487e-02
  7.04418868e-02 -3.93908508e-02  8.17474071e-03  2.58792266e-02
 -8.61148629e-03 -2.62293238e-02  2.35671531e-02 -1.45916771e-02
 -3.03839557e-02  8.10037479e-02  3.13549489e-02 -2.40620133e-02
 -6.36143312e-02  4.54541342e-03  3.35602388e-02 -1.51247187e-02
 -8.07163492e-02  1.74627043e-02  5.03049791e-02 -2.94238781e-33
  5.70027754e-02 -1.68182794e-02 -3.73244435e-02 -7.33838528e-02
 -2.27926970e-02  2.66778860e-02 -1.05212688e-01 -2.91570295e-02
 -7.56645054e-02 -1.71663594e-02 -3.01237754e-03  3.51460278e-02
 -1.66073386e-02  8.91495347e-02 -5.98492511e-02 -6.67977566e-03
 -5.30401319e-02  8.72602177e-05  9.73029155e-03 -8.64193402e-03
 -9.33512896e-02 -5.01445644e-02 -4.53286655e-02 -4.58002761e-02
 -8.46203342e-02  7.96389952e-03 -4.31351624e-02  2.49761064e-02
  2.04688311e-02  8.53514522e-02  7.75526166e-02  4.23792563e-02
 -1.09662777e-02 -3.05106631e-03  6.04137890e-02 -2.20803916e-02
  8.02709386e-02 -7.73606673e-02  7.02287480e-02 -1.82255488e-02
  8.20018351e-02  4.09504771e-02  1.52684990e-02 -1.44839631e-02
  9.05043930e-02 -1.65010951e-02 -1.37401633e-02 -4.62489482e-03
  2.91450461e-03 -6.18913434e-02  9.46493540e-03  1.08074579e-04
  3.58229212e-04  6.33897856e-02  3.38822827e-02 -1.04802378e-01
 -4.63151559e-02 -8.07892382e-02  1.09983623e-01 -9.32104960e-02
  1.21825331e-04 -3.27738300e-02 -3.13578956e-02  1.34435758e-01
  3.08754668e-02  2.30789427e-02 -9.98348184e-03  9.90903229e-02
  6.64473847e-02  1.59128010e-02  4.66467626e-03  1.74498819e-02
 -1.37486905e-01  7.88201913e-02 -2.81558335e-02  2.04805452e-02
  1.90950371e-02  2.13417709e-02  3.15134563e-02 -2.84575913e-02
  3.16188335e-02 -3.62186767e-02  1.66266430e-02  1.16009070e-02
 -3.11967786e-02 -1.00411857e-02  2.46056356e-02 -2.87254471e-02
 -3.95682938e-02  3.17162164e-02 -6.35597035e-02 -1.46655543e-02
  2.89839366e-03  7.33270645e-02  1.12535898e-02 -3.29540129e-08
  1.05805025e-01 -2.09407937e-02 -6.09380286e-03 -5.34656532e-02
 -3.96565869e-02 -1.19675891e-02 -1.05141979e-02  6.83415262e-03
  9.58470628e-02  1.31519437e-01 -7.96361044e-02 -1.90319270e-02
  3.07717267e-02  4.24862131e-02 -1.40108028e-02  7.23573118e-02
 -2.12130672e-03 -3.56703848e-02 -3.46192792e-02  1.76925620e-03
 -5.40471002e-02 -1.15231527e-02  3.34365517e-02  1.82556901e-02
  9.29101110e-02 -1.64762754e-02  9.91521031e-02 -1.27646271e-02
 -2.24114414e-02  6.02433868e-02 -1.25079915e-01  4.13665082e-03
  1.00343302e-02  6.43376783e-02  2.94844527e-02  1.99548807e-02
  7.02691302e-02 -3.05862296e-02 -2.21670931e-03 -3.53435352e-02
 -1.88315555e-03 -1.76858827e-02 -3.32977809e-02 -2.61962153e-02
  5.62453754e-02 -2.81307455e-02  1.08545698e-01 -1.72401629e-02
  1.10844588e-02 -4.23887372e-02  2.08733715e-02  5.37351780e-02
  6.72442466e-02 -3.79645042e-02 -9.49946418e-02 -1.79000255e-02
 -6.12840913e-02  5.44465557e-02 -3.03104427e-02 -4.61401232e-03
  5.72338775e-02  1.96340401e-02  1.19409300e-02  2.96530277e-02]"
What are the types of malaria parasites?,"There are five parasite species that cause malaria in humans: Plasmodium falciparum, Plasmodium vivax, Plasmodium malariae, Plasmodium ovale, and Plasmodium knowlesi.","Mainly P. falciparum, P. vivax, P. malariae, P. ovale, and P. knowlesi.","What are the types of malaria parasites? There are five parasite species that cause malaria in humans: Plasmodium falciparum, Plasmodium vivax, Plasmodium malariae, Plasmodium ovale, and Plasmodium knowlesi.","[ 2.10525040e-02 -4.20110859e-02  1.24698676e-01 -8.68745521e-02
  3.48109119e-02  2.97353212e-02  2.40182392e-02  9.35926381e-03
 -4.01275642e-02  6.94891140e-02 -4.37295064e-02 -4.37526479e-02
 -5.60634397e-02 -2.27073813e-03 -3.30958292e-02 -3.91750247e-04
 -5.90400808e-02 -7.24906847e-02  3.11115757e-02  1.24297971e-02
  2.31723804e-02 -6.38413057e-03  1.48927011e-02  9.03876789e-04
 -7.75357634e-02 -3.68633233e-02  5.01623861e-02  4.83451933e-02
  4.17366326e-02 -4.54865322e-02 -9.01092589e-02 -1.15548109e-03
 -1.55375618e-02 -1.55651569e-02 -9.40710381e-02 -8.16521700e-03
 -4.05012816e-02  8.05534795e-02  2.13321056e-02  3.17367613e-02
  7.00553879e-02  3.28811095e-03 -8.02922715e-03 -3.14372368e-02
 -6.71252469e-03 -1.13007762e-01 -8.60753134e-02  4.43049073e-02
  4.21913750e-02 -2.62130443e-02  2.53169946e-02 -5.28192446e-02
 -8.38206783e-02  1.22791462e-01 -3.53969634e-02 -1.08885586e-01
 -6.13158606e-02  5.02647832e-02  1.30925477e-02  2.02108528e-02
 -1.48049882e-02 -6.20561792e-03 -1.94894020e-02 -4.55227792e-02
 -2.63329521e-02  1.00873187e-01 -1.96190402e-02 -1.44471768e-02
 -1.57566927e-02  1.66707989e-02 -6.10210234e-03 -3.03732269e-02
  2.28852092e-04  7.41680264e-02 -3.64641771e-02  3.09633370e-03
 -2.27906853e-02 -2.42447089e-02 -2.56192852e-02  5.51500684e-03
 -4.76778708e-02  3.78223248e-02  3.98401506e-02 -3.83306108e-02
  8.60094372e-03 -3.64243030e-03 -6.03601448e-02  8.26733559e-02
  5.04459217e-02  4.70530465e-02 -3.46636921e-02 -5.40587399e-03
  2.46243160e-02 -1.76630411e-02 -1.00929178e-01  7.20098540e-02
  4.10595387e-02  4.02027443e-02  6.44432828e-02 -4.50794213e-03
  4.76477668e-02 -1.11886561e-01  7.81754870e-03  2.37164516e-02
 -2.02496946e-02 -2.03425102e-02 -1.13201244e-02 -3.45511325e-02
 -4.24379483e-02 -3.54584418e-02 -5.34556285e-02  2.28162725e-02
 -5.31644635e-02 -8.54833201e-02 -7.43797794e-02 -9.66578275e-02
 -6.15783855e-02 -3.33945975e-02 -4.16391417e-02  1.16970781e-02
 -2.95130089e-02  1.33229140e-02  6.71752542e-02 -1.10822991e-01
  7.90772662e-02 -1.07337311e-02 -1.17619587e-02  5.28188550e-33
 -3.60652655e-02 -4.64544371e-02  9.84606072e-02  2.95982230e-02
 -2.50527002e-02  8.07905570e-02  3.75398211e-02  1.03897646e-01
 -1.29169356e-02  3.01001333e-02 -4.73640710e-02 -2.90212128e-02
 -6.11690469e-02  4.21478115e-02  4.61468957e-02  6.05406798e-02
  1.24650151e-01 -5.04468642e-02 -6.11231774e-02  6.52547479e-02
  6.52648062e-02  5.61657734e-02  4.02168147e-02 -1.32758999e-02
  3.21360491e-02  4.31475155e-02 -2.70837918e-03 -9.82986204e-03
  1.94504894e-02  1.57033876e-02  1.45587120e-02 -5.33315167e-02
 -4.51932959e-02 -2.99208704e-02  1.22579047e-02  3.49171795e-02
 -6.16928749e-02  2.64103804e-03  2.56125554e-02 -6.61325380e-02
 -6.12008385e-02  2.23372132e-02 -5.66506647e-02  1.84642654e-02
  4.69718054e-02 -1.83320860e-03  3.47065032e-02 -4.06833785e-03
  2.04482698e-03 -3.86167243e-02 -9.19033366e-04  3.71244475e-02
 -6.27936376e-03  6.04411401e-02  2.89118439e-02  3.24568786e-02
  4.33584638e-02  8.27159733e-02 -4.21743058e-02  3.64627354e-02
  1.15520991e-01 -6.18055463e-02  2.17344910e-02 -4.84974086e-02
  2.58102491e-02 -3.27649452e-02 -1.41088795e-02 -4.50777486e-02
 -3.56917344e-02  3.11412662e-03  1.37322384e-03  2.62189545e-02
 -7.58871511e-02  1.22409388e-01  4.11559530e-02  3.00106988e-03
  5.84165342e-02 -4.42754962e-02 -1.59985316e-03 -7.83933137e-05
 -3.19232419e-02 -5.24299778e-02  3.70074511e-02  1.23115163e-03
 -1.33547559e-01  6.18360825e-02  1.92902591e-02 -1.07233962e-02
  9.65902284e-02 -3.77684645e-02  6.76631462e-03 -1.75901745e-02
 -1.86788794e-02  2.75490694e-02 -2.13867091e-02 -7.74396650e-33
  2.81235925e-03 -1.32296067e-02 -4.21479791e-02 -1.48052588e-01
 -1.48424564e-03  1.22327738e-01 -8.26631561e-02 -2.82090739e-03
 -6.02494702e-02  6.17163535e-03  3.64659424e-03 -5.07404609e-03
 -4.67280857e-02 -5.53005747e-03 -1.04967341e-01 -3.05805635e-03
 -6.84894472e-02 -6.17988827e-03  6.63186237e-02 -6.58621918e-03
 -1.17234997e-01 -1.41932787e-02  4.39624265e-02 -6.04939908e-02
 -7.35593289e-02  3.13269794e-02  8.69498774e-03  5.61328083e-02
  3.94782871e-02  6.77743256e-02 -2.68204901e-02  5.32517061e-02
  5.09339571e-02 -1.17253121e-02  2.01199912e-02 -4.56827916e-02
  5.33817820e-02 -1.51814539e-02  9.00830925e-02  8.56727641e-03
  4.26082425e-02  3.55206467e-02  6.16267733e-02 -2.49631815e-02
  4.01554070e-02  2.74308734e-02 -6.70114681e-02 -2.34797448e-02
 -9.65760555e-03 -2.36527156e-02 -2.89112888e-03 -2.40411311e-02
 -7.89741799e-02 -4.55736443e-02 -1.35893058e-02 -7.85622969e-02
 -4.67907041e-02 -8.42581838e-02  9.37042311e-02 -5.86508773e-02
 -6.39868304e-02 -6.36881217e-02 -3.10555622e-02  7.24936947e-02
 -2.44488884e-02 -5.94785586e-02 -1.61695722e-02 -3.50558013e-02
 -3.96550260e-02  8.46159738e-03 -5.31221777e-02 -3.91625017e-02
 -8.01208019e-02 -1.44853722e-02 -1.40944161e-02  2.05833279e-02
 -1.47112226e-02 -2.11774781e-02  1.08800985e-01 -6.22629486e-02
  1.52670801e-01 -3.14676240e-02  1.83431432e-02  6.73529133e-02
 -6.73278496e-02  6.78878129e-02  7.34855905e-02 -7.27083185e-04
 -2.26755831e-02  8.92656073e-02  9.36014205e-03  2.97589302e-02
  5.78334033e-02  9.74530354e-02  3.63983847e-02 -3.77659042e-08
  1.28031075e-01 -2.81004161e-02 -2.47634724e-02 -1.43392980e-02
 -4.43801917e-02  8.40773154e-03 -1.11531436e-01  4.53203991e-02
  7.60414600e-02  3.77150588e-02 -8.98813680e-02 -2.49625780e-02
  5.46835847e-02  1.59275867e-02  6.14431836e-02  2.23480668e-02
 -2.73607746e-02 -2.43170257e-03 -5.66806924e-03 -5.62130893e-03
 -2.97585633e-02 -5.15653752e-03 -3.71552780e-02  3.59818130e-03
  6.15093373e-02  1.31473672e-02 -9.09024850e-03 -3.09724603e-02
 -2.66409647e-02  3.34859416e-02 -5.31939827e-02  2.00247318e-02
  5.21062315e-03 -6.68584853e-02  4.15949114e-02  1.35453954e-01
 -3.19922790e-02 -5.55342026e-02  4.44168150e-02 -2.69473419e-02
  3.73724736e-02 -3.84072475e-02  1.38551404e-03 -6.90693483e-02
  5.99089563e-02 -5.15072495e-02  3.17939743e-02 -2.33158115e-02
 -5.83335850e-03 -2.62464359e-02 -1.10330265e-02 -1.82440281e-02
  3.82791385e-02 -5.90622760e-02 -7.68316239e-02 -3.00499499e-02
  9.14271630e-04  3.89994401e-03  7.91483298e-02 -8.04945007e-02
  2.97517832e-02  4.53803390e-02  2.98775863e-02  5.31609245e-02]"
Where is malaria most commonly found?,"Malaria is most commonly found in sub-Saharan Africa, where it is a major public health problem. The disease is also prevalent in parts of South Asia and Latin America.",In sub-Saharan Africa and South Asia.,"Where is malaria most commonly found? Malaria is most commonly found in sub-Saharan Africa, where it is a major public health problem. The disease is also prevalent in parts of South Asia and Latin America.","[ 6.62382841e-02  1.10644521e-02  9.60393343e-03 -7.43864030e-02
  1.01687893e-01  7.56803900e-02 -3.48190293e-02  7.62489140e-02
 -9.92846861e-03  1.06120288e-01  1.68599132e-02  1.15897022e-02
 -2.78551560e-02  1.35223009e-02 -8.87307711e-03 -5.94992051e-03
  1.92185715e-02 -1.15384713e-01  2.83691790e-02 -2.75993478e-02
 -7.45828003e-02  6.13674521e-02  8.20043981e-02 -1.31347729e-02
 -1.40177663e-02 -4.72045355e-02  3.85756567e-02 -2.56779864e-02
 -4.88542207e-03  3.28642279e-02 -3.81251425e-02  7.72168115e-02
 -8.55685677e-03 -5.00205010e-02 -7.84574226e-02  9.76435468e-03
 -5.48625179e-02  6.17190916e-03  6.15177788e-02 -2.50541810e-02
 -3.41218244e-03  1.90709624e-02 -1.49401380e-02 -1.24435723e-01
 -2.04427391e-02 -4.01621461e-02  1.37371561e-02  4.93562631e-02
  3.37547921e-02 -2.93512251e-02  4.37819399e-02 -5.09877615e-02
 -3.22532728e-02  8.77675489e-02  1.15878461e-02 -6.09254576e-02
 -3.34410444e-02 -3.65862399e-02 -3.53687704e-02  7.52974376e-02
 -6.42548269e-03  5.02766017e-03 -2.63129286e-02 -1.26138888e-02
  1.53502142e-02  4.57331836e-02  4.34698574e-02  3.89450751e-02
  1.63771976e-02 -3.00357002e-03  7.16955680e-03 -4.11681086e-02
 -3.24980542e-02  9.86610875e-02 -3.35591729e-03 -1.00417817e-02
  3.00636664e-02 -1.90664455e-02  1.47858821e-02  2.91949399e-02
  1.00437244e-02  8.18715692e-02  1.09911740e-01 -3.44005451e-02
  8.52901116e-02 -3.60539705e-02 -3.78925726e-02  5.66763319e-02
  5.11453561e-02 -4.06060331e-02 -3.27260233e-02 -1.94159418e-03
  8.14820174e-03 -2.43778285e-02 -3.11856121e-02  1.75137669e-02
  8.66610110e-02  2.97603081e-03  4.80965674e-02 -5.18199503e-02
 -1.48512982e-02 -8.70062485e-02  4.59762178e-02  2.97931768e-02
 -2.20973343e-02  3.70405354e-02 -4.32116427e-02 -2.44198404e-02
  7.70656066e-03  7.76372105e-03 -1.29838765e-01  6.39779121e-02
 -1.57809556e-02 -2.92185396e-02 -2.36296910e-03 -9.19262245e-02
  4.47689891e-02 -5.16708940e-02 -1.15823090e-01  7.61567056e-02
 -1.45494834e-01 -2.75962111e-02  3.09784040e-02 -7.42755011e-02
  9.89294499e-02 -1.04727354e-02 -3.77790108e-02 -2.75366531e-33
  3.80485207e-02 -6.90950900e-02  1.48168892e-01  1.60557944e-02
 -3.33209671e-02  6.55345768e-02  6.77471161e-02  9.01259780e-02
  2.53604054e-02 -2.81358249e-02 -2.57988293e-02 -7.81342834e-02
 -2.78962012e-02  8.51439834e-02 -6.20561559e-03  8.09298903e-02
  1.18679576e-01 -7.81562030e-02 -3.94225642e-02  4.28409316e-02
 -4.59041297e-02 -1.59124918e-02  4.03152891e-02 -5.95752113e-02
 -2.06911787e-02  3.66109982e-02  3.20751369e-02 -4.34885733e-02
  5.50703146e-02  2.45970394e-02 -4.00432805e-03 -4.42547053e-02
  7.29221897e-03 -5.81605472e-02  5.57718389e-02  2.34390125e-02
 -4.47342880e-02  2.30868515e-02 -1.80266015e-02  2.93561667e-02
 -2.39178468e-03 -2.86723976e-03 -2.02488117e-02  1.00732669e-02
  5.74991591e-02  4.33344692e-02 -2.38519870e-02 -3.25075723e-02
 -2.22153515e-02 -8.04248899e-02 -7.31292218e-02  3.88890319e-02
  2.48636957e-02  5.77994660e-02  5.47559112e-02  2.87600011e-02
  2.34517902e-02  1.00623462e-02  3.81432250e-02  7.00957924e-02
  4.64137122e-02 -1.53952476e-03  3.89120094e-02  1.40247038e-02
  5.64549863e-02 -1.55953057e-02 -6.85896724e-04 -2.15476006e-02
 -5.51366210e-02 -3.05434596e-02  5.54469526e-02 -2.49807257e-03
 -9.51508656e-02  6.73867613e-02  2.94733569e-02  4.01701219e-03
  8.12930763e-02 -4.23138291e-02  2.95835380e-02 -4.82707396e-02
 -6.01895414e-02 -4.32832576e-02 -3.03372345e-03  5.40982373e-02
 -6.48646653e-02  1.97907258e-02  3.58617661e-04 -1.06091492e-01
 -2.87124347e-02  1.57932565e-02 -4.99334140e-03 -5.84948622e-03
 -3.03261094e-02 -1.76354032e-02  5.55043034e-02 -1.93035644e-35
  5.47290854e-02 -4.04471196e-02 -8.24627094e-03 -1.11176737e-01
  2.00703647e-02  3.91144864e-02 -4.05347124e-02 -6.39939979e-02
 -1.45701878e-02  8.47066641e-02 -4.37273309e-02 -3.29947070e-04
  2.09415630e-02  9.03761294e-03 -1.86376553e-02  4.43869680e-02
 -1.55826490e-02  3.95202525e-02  4.65386780e-03  1.35190543e-02
 -1.03487968e-02 -9.60951746e-02  3.09124738e-02 -8.30751061e-02
 -7.68059716e-02 -2.98405997e-02 -1.32918805e-01 -5.66430530e-03
 -4.56018746e-02 -9.88645945e-03 -8.48721117e-02  9.84634459e-02
  3.05565931e-02 -1.92977525e-02 -6.08046167e-02 -3.35488915e-02
 -1.21502001e-02 -8.50293711e-02  5.94174340e-02  2.11213436e-02
  4.98495810e-02  7.29202405e-02  4.22318932e-04 -4.20526415e-02
  5.59803322e-02  4.86144125e-02 -7.08387792e-02 -7.36168865e-03
  3.18967775e-02 -2.83340346e-02  9.17572994e-03 -3.36566903e-02
 -2.75177285e-02  1.62056107e-02  4.08699736e-02  3.33924554e-02
 -1.04220226e-01 -3.91008472e-03  1.05247097e-02 -3.60099189e-02
 -3.50071862e-03  3.54521014e-02 -9.52129737e-02  7.16658309e-02
 -2.07337178e-03  1.39891496e-03  5.29478230e-02  8.68447423e-02
 -3.63882910e-03 -1.53870471e-02 -1.10015549e-01 -5.79833835e-02
 -7.52591789e-02  3.57587971e-02 -5.56417294e-02  9.43369195e-02
  2.38062851e-02 -3.31463367e-02  7.53238872e-02  1.72074027e-02
  1.11680463e-01 -6.91122785e-02 -1.41231390e-03 -3.92929874e-02
 -6.51581511e-02  2.18285304e-02  6.40717670e-02 -1.01965226e-01
 -4.22647633e-02  4.83889878e-03 -7.45594203e-02 -4.95361118e-03
 -7.05172047e-02  1.48554835e-02  6.14224523e-02 -2.75160907e-08
  8.59475061e-02 -5.81850484e-02  6.79159239e-02 -1.94489118e-02
  3.36777344e-02  5.33050075e-02 -1.08025372e-02  9.14286152e-02
  4.29511890e-02  6.77232370e-02 -7.52615109e-02 -5.17120026e-02
  4.14733253e-02 -6.11298718e-02 -2.46262848e-02  5.65269850e-02
 -2.73173340e-02 -3.40502560e-02 -3.92124578e-02  8.17537308e-03
 -1.93219390e-02  4.42499779e-02  5.93313724e-02 -3.72762717e-02
  4.91890050e-02 -3.74961272e-02 -4.12849002e-02 -3.63169685e-02
 -4.93374132e-02  3.75970639e-02 -6.02918081e-02 -2.83290911e-02
  5.91383763e-02 -5.21222362e-03  2.17524413e-02  2.97748037e-02
 -1.72751620e-02 -5.98697290e-02 -3.47366221e-02 -6.59896284e-02
  5.09870872e-02 -4.01516668e-02  3.31367701e-02 -1.68890264e-02
 -1.61816261e-03  1.89834423e-02  9.70668420e-02  7.40224272e-02
 -3.47104110e-02 -2.69330014e-02 -5.21558411e-02  1.11786760e-02
  6.39966503e-02 -3.02609708e-02 -4.54983525e-02  5.61840944e-02
 -3.94588970e-02 -4.94574495e-02  2.48840991e-02 -1.10033914e-01
  1.82747152e-02  4.78479639e-02 -2.51767505e-02  6.38536215e-02]"
What is the treatment for malaria?,"The treatment for malaria involves antimalarial medications. The most effective are artemisinin-based combination therapies (ACTs), especially for P. falciparum malaria.",Antimalarial medications like artemisinin-based combination therapies.,"What is the treatment for malaria? The treatment for malaria involves antimalarial medications. The most effective are artemisinin-based combination therapies (ACTs), especially for P. falciparum malaria.","[-2.65426002e-02  1.60330590e-02  6.56588227e-02 -7.65469968e-02
  3.42898280e-03  2.70421747e-02 -1.78094767e-02  8.09165537e-02
  2.79612490e-03  6.71433508e-02 -5.91061749e-02  5.89729771e-02
 -7.50912204e-02 -4.10311762e-03 -2.86179259e-02  8.81787017e-02
  4.18090913e-03  5.62938415e-02  8.62832088e-03 -1.49905887e-02
 -4.70308810e-02  3.68271358e-02  3.04181688e-02  5.11297919e-02
 -5.22451624e-02  5.21900803e-02 -1.12278741e-02 -1.34856682e-02
 -1.37952305e-02  2.67417561e-02  2.69222762e-02  3.02968621e-02
 -2.77459081e-02  1.97550114e-02 -2.06170276e-01  7.04200938e-02
 -8.30874220e-02  4.95914696e-03 -7.37522496e-03 -2.92774253e-02
  1.39855053e-02 -1.17320167e-02 -8.49031061e-02 -8.90183821e-02
 -5.96052827e-03 -1.09563522e-01 -4.13981378e-02  5.51763251e-02
  1.30526694e-02  5.66313416e-02  8.79659876e-03 -5.63292652e-02
 -3.74986231e-02  8.02755728e-02  1.12221334e-02  4.33987891e-03
 -3.10996100e-02  6.11691065e-02 -9.26165096e-03 -1.54641690e-02
  2.50315503e-03  4.13261354e-02 -4.79932092e-02  2.37042755e-02
 -4.43537533e-02  1.48295192e-02 -3.38999950e-03  8.66535027e-03
  1.88766271e-02 -8.26804806e-03  4.46084142e-02 -3.40732038e-02
  3.59653048e-02  2.63732132e-02 -5.45174070e-02 -1.98380034e-02
  1.68707930e-02 -4.73646400e-03  1.92549396e-02  7.96381850e-03
  1.07985726e-02  2.84181871e-02  8.06882530e-02  5.47666394e-04
  1.03482381e-02 -8.10577441e-03 -9.40296501e-02  1.54960360e-02
  6.06635995e-02 -1.94689799e-02  1.98206380e-02 -1.75559111e-02
 -4.15751990e-03 -9.19521134e-03 -2.37281211e-02  1.05899572e-02
  4.68310602e-02 -1.09304730e-02  1.70733295e-02  1.48392841e-02
  4.72064428e-02 -4.67235073e-02 -1.01082675e-01 -7.24918395e-02
 -3.76381502e-02 -7.90573657e-03 -3.41493916e-03 -1.94732863e-02
 -5.39513491e-02 -3.07123810e-02 -6.43009767e-02 -5.10051027e-02
 -2.48264894e-02  1.77194402e-02 -9.17941332e-02 -3.22019346e-02
  3.66967637e-03 -1.75313391e-02 -4.95529994e-02  3.33476812e-02
 -4.62432690e-02  2.89968532e-02  3.68431695e-02 -7.56745115e-02
  6.66338429e-02 -3.37629509e-03  4.74824570e-02 -1.58394558e-33
 -4.12144735e-02 -5.10849953e-02  6.28328398e-02  3.26314308e-02
  1.38436153e-03  6.43957332e-02  5.66835217e-02  8.95518214e-02
  8.26765131e-03 -5.12116626e-02 -6.27959322e-04 -3.45753059e-02
 -6.71090698e-03  9.39920843e-02  2.83071063e-02  1.92118995e-02
  6.84411228e-02 -7.55132362e-02  6.93000257e-02  4.32056896e-02
  5.74344359e-02  7.10711628e-02  4.07283790e-02  9.38220322e-03
  1.04653016e-02 -3.41359805e-03 -5.17377704e-02  2.61684898e-02
  1.49862412e-02  4.24929261e-02 -5.56949014e-03  2.44789058e-03
 -4.44367640e-02 -5.49698509e-02 -2.81548928e-02  1.23503059e-02
 -6.17320947e-02 -2.84674373e-02 -4.45424765e-02 -1.82054956e-02
 -1.01015963e-01  1.77425332e-02 -6.40197322e-02  9.21912212e-03
  3.12986746e-02  2.51939837e-02 -1.44485673e-02  1.84615608e-03
 -4.57380153e-03 -3.00582368e-02  7.84892291e-02 -4.49830783e-04
 -2.74432078e-02  3.19260024e-02  1.77308209e-02  7.06795603e-02
  5.67093608e-04  5.53617664e-02 -1.33602312e-02 -1.38847185e-02
  1.05378680e-01 -1.13962151e-01  4.20802832e-02  8.48494121e-04
  1.22942887e-02  1.37053349e-03  3.44052166e-02 -3.85235474e-02
 -3.29115540e-02 -1.06948458e-01 -2.16170512e-02  2.65965275e-02
 -9.72219929e-03  1.35646433e-01  4.33426052e-02 -2.38083191e-02
  6.08293973e-02 -5.89622930e-02 -1.29260560e-02  1.92780588e-02
 -2.64229644e-02 -5.41210361e-02  2.30349209e-02  9.07175522e-03
 -4.90510315e-02  9.45505593e-03 -1.65275240e-03  3.51921655e-02
  4.14619176e-03 -7.77282119e-02  2.36281697e-02 -2.62853913e-02
 -6.35071471e-02  3.92609946e-02  8.44706297e-02 -1.38846647e-33
  6.80526718e-02 -2.24654023e-02  3.72701138e-02 -1.74114965e-02
 -2.68557034e-02  5.72724752e-02 -9.38162804e-02 -9.89012867e-02
  2.05391832e-02  6.24302439e-02 -4.44472209e-02  4.30966308e-03
 -4.19419371e-02  2.81892102e-02 -1.22786045e-01 -9.36720613e-03
 -4.41030376e-02 -4.67071161e-02 -1.36266667e-02  3.80135067e-02
 -4.83879484e-02 -1.52766071e-02  3.75513658e-02 -6.15026169e-02
 -6.06269762e-02 -2.50732936e-02 -8.52273777e-03 -1.34559441e-02
  3.81375775e-02  9.71272886e-02 -2.26380918e-02 -8.74555111e-03
  2.38224193e-02 -8.29961300e-02  3.25285736e-03  3.45743969e-02
  7.01192543e-02 -2.01537404e-02  5.78704709e-03 -2.37821881e-02
  8.62709582e-02 -6.65981462e-03 -1.92344952e-02 -1.62502229e-02
  6.23347089e-02  6.40099198e-02 -1.60195410e-01 -3.66630382e-03
 -4.59022932e-02 -1.03552833e-01  1.88842835e-03  5.01726940e-02
  2.41026115e-02  6.59224167e-02  6.43773898e-02 -1.08406216e-01
 -6.20550774e-02 -1.02307118e-01  7.32178092e-02 -8.40661526e-02
 -5.87476827e-02 -7.14738816e-02  1.48362282e-03  7.65460283e-02
 -5.49261458e-03  8.26708227e-02  9.95945279e-03  7.86818713e-02
  4.08590138e-02 -1.75440945e-02 -3.07737533e-02 -3.37641910e-02
 -1.50472419e-02  1.01782031e-01 -1.45660946e-02 -1.64419021e-02
  5.64140640e-02 -9.93283615e-02  7.58917257e-02 -2.55713984e-02
  1.17355563e-01 -7.12271035e-02  6.36737654e-03 -3.30893621e-02
 -5.11005856e-02  7.13303089e-02  7.13684782e-02  1.89959146e-02
 -1.16208650e-01  2.08387878e-02  3.20682712e-02 -9.24223755e-03
  4.85868417e-02  3.83800268e-02  9.43139419e-02 -2.98006153e-08
  8.86859000e-02 -5.98002039e-02  5.61053120e-02 -1.77085102e-02
 -4.45488915e-02 -5.11395419e-03 -1.09446041e-01  1.02305517e-01
  3.80044542e-02  7.57499337e-02 -1.37196034e-01  6.14206132e-04
  5.03949299e-02 -7.61215156e-03 -7.43386196e-03  3.51564847e-02
  5.11012822e-02  3.27762030e-02 -2.38614846e-02 -1.70751493e-02
 -6.82430640e-02  4.43951003e-02 -4.81487326e-02 -6.81292415e-02
  9.13091078e-02 -4.66533117e-02  3.05253696e-02 -5.60154878e-02
 -1.72937121e-02 -1.70584470e-02 -8.57447013e-02  1.35170284e-03
  4.47165743e-02 -5.06900344e-03  3.73644009e-03  9.05651301e-02
  3.89069989e-02 -8.56101885e-02  5.06244451e-02 -2.49834955e-02
  2.72662975e-02  1.66529957e-02  4.31449944e-03 -5.62733971e-02
  2.47191954e-02 -1.00804232e-02  9.69739854e-02 -1.95873175e-02
 -2.72767898e-02 -5.02216779e-02  7.08305761e-02  5.00098169e-02
  4.53115329e-02 -5.88264279e-02 -7.89426342e-02 -6.45352644e-04
 -4.98919226e-02 -2.86572408e-02 -1.39316050e-02 -6.60732165e-02
  1.42863225e-02  2.52024678e-04 -4.33258191e-02  3.36452536e-02]"
How does malaria impact global health?,"Malaria has a significant impact on global health, causing hundreds of thousands of deaths annually, most of them children in Africa. It also contributes to economic burdens in endemic countries.","It causes significant morbidity and mortality worldwide, especially in Africa.","How does malaria impact global health? Malaria has a significant impact on global health, causing hundreds of thousands of deaths annually, most of them children in Africa. It also contributes to economic burdens in endemic countries.","[ 2.05285493e-02  4.93252575e-02  5.90845719e-02 -6.14306889e-02
  1.22435473e-01  7.70107880e-02 -1.31615959e-02  7.30944574e-02
 -3.51242125e-02  8.80784392e-02 -8.80250614e-03  3.24507826e-03
 -4.96190116e-02 -2.40636915e-02 -4.93533723e-02  5.54795284e-03
 -2.37129219e-02 -2.98593976e-02 -9.51481760e-02 -7.36593604e-02
 -1.12585975e-02  6.49474338e-02  9.80998129e-02  2.85874717e-02
 -9.11627710e-02 -2.15295069e-02  1.59642100e-02 -2.31605154e-02
 -3.10614295e-02  4.08419780e-02 -1.46393692e-02  1.01103701e-01
  2.14716000e-03 -7.62893353e-03 -1.92238837e-01  1.22362683e-02
  8.05449020e-03  8.04132409e-03 -3.51053402e-02 -4.08241861e-02
  5.12125343e-02  8.23499076e-03 -7.42488503e-02 -7.25034401e-02
  3.31661012e-03 -1.06351398e-01 -1.08258920e-02  7.20582977e-02
  5.15221152e-03  4.33608741e-02  6.87877089e-03 -3.63448150e-02
 -4.56408560e-02  6.16445839e-02  3.71005647e-02 -5.16389273e-02
 -3.95142175e-02 -4.72087860e-02 -6.03624880e-02  1.75226983e-02
 -1.52128991e-02 -1.98950246e-02 -2.72923429e-03  2.97910604e-03
  5.36916927e-02  1.03053469e-02  2.60311440e-02  2.96816230e-02
 -8.60589892e-02 -6.67107292e-03  6.16824850e-02 -7.10646734e-02
  4.33889590e-02  5.75854257e-02 -4.69446667e-02 -2.81058010e-02
 -4.91306521e-02  3.04003116e-02  9.87255052e-02  4.19952646e-02
  3.65893245e-02  3.54692526e-02  1.16894871e-01 -3.70005034e-02
  4.69156168e-02 -4.80997860e-02 -1.65817887e-02 -1.56998746e-02
 -2.24755052e-02 -9.54257417e-03  6.59351004e-03 -7.70902410e-02
  6.64984658e-02  6.73073679e-02 -6.83639869e-02 -1.14008803e-02
  2.51926593e-02 -1.92881040e-02  1.74833965e-02 -5.01028113e-02
 -3.30938548e-02 -7.26880282e-02 -1.91983003e-02 -6.13320246e-03
 -5.96291088e-02  3.26238647e-02 -6.52242685e-03 -3.01994719e-02
 -4.44055125e-02 -4.35628416e-03 -9.46238041e-02  3.43269929e-02
  2.62694377e-02 -6.89579500e-03 -4.56021763e-02 -7.08321705e-02
  2.79842746e-02 -7.42093548e-02 -1.36022031e-01  2.72046402e-02
 -3.74287367e-02 -7.84668997e-02 -2.34654136e-02  4.95093688e-03
  5.33374120e-03 -2.19677668e-02  2.47212816e-02 -1.97155529e-33
 -7.55077824e-02 -3.76293659e-02  1.15376674e-01  4.17252928e-02
  4.21155989e-02  2.59978361e-02  3.02542076e-02  5.16103357e-02
 -1.52859399e-02 -3.34538706e-02 -3.76466736e-02 -4.80711460e-02
  6.70591593e-02  9.92352068e-02 -2.05143504e-02  7.56073594e-02
  4.22074161e-02 -3.69397923e-02  2.61324439e-02  1.55968994e-01
 -2.86969934e-02 -1.02754056e-01  2.17740666e-02  7.58296018e-03
  2.50692852e-02  7.18593076e-02 -2.77447589e-02  1.11052347e-02
 -1.91655811e-02  3.21754701e-02  7.85346422e-03 -6.88696578e-02
 -8.51233602e-02 -1.00468785e-01  3.96036506e-02  2.93741450e-02
 -2.84753889e-02 -3.92624037e-03 -2.76875980e-02  3.71874198e-02
 -3.86905223e-02 -7.14741508e-03 -5.19176759e-02  3.78516987e-02
  4.57194112e-02  3.39385495e-02  2.19960380e-02 -1.44304745e-02
  1.65245924e-02 -2.83987839e-02 -6.28917885e-04  2.45215073e-02
 -3.80264036e-02  7.72182364e-03  3.67092974e-02  1.73926279e-02
  1.94370151e-02  1.32882281e-03 -7.71601424e-02  2.02376209e-02
  8.46986026e-02 -1.09265327e-01  2.76579391e-02 -3.76663767e-02
  1.13596551e-01  4.70232330e-02  4.70783785e-02 -1.53225986e-02
  1.02810969e-03 -6.90701455e-02  2.69300956e-02  1.86693389e-02
 -5.96233420e-02  3.20672840e-02 -5.36957243e-03  4.75857668e-02
  6.84233680e-02 -8.72570053e-02 -1.87234546e-03  1.15517117e-01
 -6.53771982e-02 -3.72338817e-02  5.24071343e-02 -8.22968259e-02
 -1.96230672e-02  2.19644271e-02  4.94232439e-02 -1.38706313e-02
 -1.22981602e-02 -8.19160342e-02  1.35481730e-02  1.73474047e-02
 -9.31602065e-03  4.37620748e-03  5.54548204e-02 -1.54451674e-33
  3.53715685e-03  3.24548557e-02 -4.01825123e-02 -7.59549141e-02
  3.64449285e-02 -2.24851556e-02 -1.06615730e-01 -2.22155843e-02
 -1.08194221e-02  2.61593014e-02  3.21575589e-02  5.91823421e-02
  3.30175995e-03  8.42443705e-02 -1.34477736e-02 -5.62311895e-03
 -1.55353965e-02 -2.90707015e-02 -3.60905938e-02  1.23960879e-02
  2.38141860e-03 -6.35652915e-02  6.74062297e-02 -3.27991471e-02
 -1.06948361e-01  3.50757240e-04 -9.79480669e-02  2.58284267e-02
  6.62459508e-02  5.62095530e-02  1.50539316e-02  1.06538929e-01
  2.55161021e-02 -7.45096570e-03 -3.06372950e-03  1.72909666e-02
  8.43439903e-03 -4.26986404e-02  5.46367466e-02 -5.69273345e-02
  9.14244428e-02  4.18306403e-02 -1.09200599e-02 -3.73055264e-02
  2.73583061e-03  5.71017005e-02 -7.09720850e-02  6.43169433e-02
 -3.84036750e-02 -4.01178673e-02  9.12418514e-02  6.04670495e-02
 -4.15649004e-02  3.17877978e-02 -1.17240597e-04 -2.33187713e-02
 -1.48548968e-02 -1.06456161e-01 -4.49535111e-03 -6.01838529e-02
 -7.82717541e-02  2.95991953e-02 -9.39937532e-02  8.57037231e-02
 -2.38322169e-02 -4.55296300e-02  3.79299000e-02  1.88462660e-02
  3.86171862e-02 -3.06320675e-02 -5.70003539e-02 -1.67978089e-02
 -6.62878677e-02  2.38874424e-02 -7.07457364e-02  3.95665318e-02
 -9.15400524e-05  1.18411602e-02  3.05643622e-02  4.44850102e-02
  9.96121168e-02 -8.79448801e-02  8.29322822e-03 -8.15488026e-02
 -8.35303813e-02 -9.94909741e-03  2.35341210e-02 -4.65804301e-02
 -9.11787525e-02  9.15379226e-02 -9.40625966e-02  6.96764747e-03
 -8.26093480e-02 -3.73898968e-02  7.88487494e-03 -2.59291983e-08
  1.01412974e-01 -1.26318447e-02  5.10187075e-02  2.82130111e-02
  6.43029157e-03 -1.66225769e-02 -5.37031405e-02  6.03107475e-02
  5.36257103e-02  1.24536298e-01 -5.61339855e-02  4.01277952e-02
  5.93160428e-02  3.96650918e-02  5.78801148e-03  6.68710992e-02
 -5.56088760e-02 -4.13863221e-03 -8.29487760e-03  1.08589400e-02
 -1.78340040e-02  4.83419299e-02  4.04916331e-02 -1.47860385e-02
  3.22340988e-02 -8.43510553e-02  1.07806539e-02 -1.81925688e-02
 -3.70855182e-02 -3.82171944e-02 -2.22174227e-02  1.27401939e-02
  4.00226079e-02  8.33602995e-02  1.33364880e-02 -1.51336472e-03
 -2.50551431e-03  3.68254352e-03  2.15940885e-02  3.18434485e-03
  9.52685438e-03  4.78186980e-02  1.00720944e-02 -9.18564387e-03
  4.18690592e-03 -6.43171519e-02  5.86552806e-02  3.92836928e-02
 -2.40540337e-02 -3.99252120e-03  3.00177955e-04  4.99515794e-02
  7.60676563e-02 -5.68544306e-02 -5.16459383e-02  1.08743524e-02
 -4.69524525e-02  1.92236826e-02  1.25586456e-02 -3.43860015e-02
  1.27790347e-02 -3.61309610e-02 -5.75579219e-02  8.36017169e-03]"
What is the effect of urbanization on malaria prevalence?,"Urbanization often reduces malaria prevalence due to better infrastructure and healthcare. However, it can also create new breeding sites for mosquitoes in poorly planned urban areas.",Urbanization can reduce prevalence but also create new breeding sites.,"What is the effect of urbanization on malaria prevalence? Urbanization often reduces malaria prevalence due to better infrastructure and healthcare. However, it can also create new breeding sites for mosquitoes in poorly planned urban areas.","[ 9.03870314e-02  6.02158718e-02  9.81180966e-02 -3.77696641e-02
  5.97923249e-02  8.34832713e-02  1.54007664e-02  5.81777235e-03
 -8.64674821e-02  7.41982311e-02  9.28063318e-03 -3.15879621e-02
 -7.70765245e-02  2.36429814e-02 -1.07108317e-02  5.16530387e-02
  1.96597949e-02  1.33730443e-02 -3.20712216e-02 -5.22912592e-02
 -4.35697436e-02 -3.38224298e-03  8.96314010e-02  2.12235413e-02
 -4.81670611e-02  2.69441679e-03  1.12940678e-02  2.84605455e-02
 -2.84366328e-02  1.64837372e-02 -4.30923849e-02  1.08216241e-01
 -5.11907600e-03 -5.58486246e-02 -1.12092949e-01 -1.95074454e-02
 -2.72815078e-02  5.77461086e-02  1.01603242e-02  3.52778984e-03
  8.47025439e-02 -6.01323619e-02 -4.69364449e-02 -1.00677826e-01
 -7.18415529e-02 -8.99515525e-02 -2.05512624e-02  9.09925774e-02
 -4.01141960e-03 -5.14453948e-02  2.95060445e-02 -2.72035152e-02
 -3.04069761e-02 -1.47019168e-02 -1.18019506e-02 -6.41623233e-03
 -4.05960269e-02  2.75964979e-02 -4.01231050e-02 -2.69369613e-02
  4.68708668e-03  5.92175946e-02 -2.96488628e-02  4.68427651e-02
  6.63894936e-02 -1.35832448e-02  2.09302008e-02 -4.99514770e-03
  3.36215571e-02 -1.39732407e-02  3.62801254e-02 -9.94342752e-03
 -1.56586878e-02  2.31763963e-02  2.35456079e-02 -4.69299369e-02
 -6.85844719e-02  1.56148216e-02  8.79966617e-02 -1.08861439e-02
  2.90791485e-02  2.52206028e-02  7.60220066e-02 -3.51373143e-02
 -1.97987705e-02 -1.86609048e-02 -3.72591764e-02 -1.99152417e-02
 -2.69156992e-02 -3.69807109e-02  8.43962058e-02 -1.73942484e-02
 -2.20558885e-02  3.32155935e-02 -8.51866454e-02  2.51725521e-02
 -3.16344714e-03 -1.65415742e-02  2.56830752e-02  1.21205430e-02
 -4.50274199e-02 -7.81792998e-02 -4.31596738e-04  2.57503185e-02
 -3.40776891e-02 -6.82667568e-02 -3.73000056e-02 -6.32276088e-02
 -6.84102848e-02  3.78000289e-02 -2.21540947e-02  3.85285616e-02
  8.96925852e-03  2.08288338e-02 -8.28168392e-02 -5.72868958e-02
  2.45651659e-02 -7.02330172e-02 -6.93647563e-02  6.57812180e-03
 -1.83167700e-02 -1.04404047e-01 -8.38900208e-02 -5.06939739e-02
  5.12151830e-02 -4.10354361e-02  2.84729851e-03 -1.46023921e-33
 -3.00907847e-02 -9.20071453e-02  8.66893902e-02  5.09118252e-02
  3.65507528e-02 -5.39826192e-02  2.60687564e-02  4.65726629e-02
  3.20225693e-02 -8.51587355e-02 -1.38772316e-02 -7.75200129e-02
  2.50167958e-02  7.16019049e-02  6.63453564e-02  7.20234886e-02
  1.19398832e-01  1.04079843e-02  1.82410888e-02  1.10473491e-01
 -4.71474789e-02 -4.66153398e-02 -2.10858304e-02 -1.50316693e-02
  1.84051301e-02  9.06403642e-03 -4.85593639e-03 -8.47255636e-04
  2.30401708e-03  1.02159660e-02 -5.56169311e-04 -2.96506267e-02
 -3.09358090e-02 -6.69980347e-02  6.67212307e-02  1.15903333e-01
 -2.61593014e-02 -2.35898346e-02 -7.72533193e-03  4.04648259e-02
 -8.69368166e-02  1.25631168e-02 -4.90508899e-02 -7.74742290e-03
  6.36327714e-02  6.03365302e-02  2.02060211e-02 -6.21713437e-02
  2.15161201e-02 -4.80706915e-02  6.63231313e-02  5.96471131e-02
 -7.20034763e-02  5.43863997e-02  6.64180741e-02  6.24198243e-02
  1.96877606e-02 -1.71040613e-02  2.44249590e-03  1.01325968e-02
  1.90800261e-02 -8.97625759e-02  5.76497018e-02 -2.60131340e-02
  1.25350669e-01 -8.02564323e-02  9.42231491e-02  3.72903384e-02
 -1.27601484e-03 -1.30173573e-02 -1.01340758e-02  1.12418039e-02
 -2.86188647e-02  5.32253645e-02  1.63464192e-02  1.10269804e-02
 -1.84739251e-02 -6.02015927e-02  1.78011023e-02 -1.09091103e-02
 -3.52898762e-02 -5.88413738e-02 -1.76301207e-02 -1.28700500e-02
  6.97628111e-02  3.94805148e-02  5.56636266e-02 -7.05987774e-03
  6.39594123e-02 -7.11736754e-02  7.27113187e-02  1.21737793e-02
 -5.60534671e-02 -4.84220823e-03  2.35709343e-02 -1.89948022e-33
 -2.18439009e-02  1.15766758e-02 -6.25150651e-02 -6.10403158e-02
 -6.24849573e-02  3.58294137e-02 -5.61794825e-02 -2.22668629e-02
 -3.49045359e-02 -1.72804669e-02 -7.01478571e-02  7.57434145e-02
  6.27199709e-02  4.35601436e-02 -5.37156314e-02 -1.83811169e-02
 -2.81204563e-02 -7.04023894e-03 -4.83365878e-02  5.85355461e-02
 -4.45603095e-02 -1.04514487e-01  5.09015583e-02 -7.95572400e-02
 -1.33969530e-01 -3.61989364e-02 -1.48761481e-01  5.66296466e-02
  6.50541037e-02  6.64600311e-03  1.28388861e-02  4.84352075e-02
 -2.45313328e-02  4.65442985e-03 -1.47668216e-02  3.17791365e-02
  5.49721979e-02 -6.89468235e-02  6.39211461e-02  2.54555941e-02
  1.50191933e-02  2.00426970e-02 -6.80885883e-03 -7.31483102e-02
  8.03521797e-02  7.91423321e-02 -4.23908159e-02  1.42067485e-02
 -2.04779319e-02 -1.09789990e-01  1.19596601e-01  1.00852586e-01
 -4.31172289e-02  3.98141220e-02 -1.44957248e-02 -1.94486454e-02
  4.04007472e-02 -8.78027678e-02 -1.18765114e-02 -2.01009028e-02
 -8.72416049e-02  2.39447989e-02 -4.96969931e-02  7.30035752e-02
 -4.05792370e-02 -1.75155718e-02  5.04861437e-02  4.29957248e-02
  3.93165536e-02 -4.84133251e-02 -5.63406758e-02 -8.18412676e-02
 -5.08200340e-02  4.51354049e-02 -4.57755402e-02 -2.97569074e-02
  8.71157944e-02  8.60944092e-02  7.39054605e-02  4.00549807e-02
  5.40759973e-02 -3.29162590e-02 -3.26639377e-02 -1.09975465e-01
  2.90156528e-03  1.48544414e-02  2.12457161e-02 -4.66147102e-02
 -6.88930526e-02  7.41430819e-02 -5.71255051e-02  4.13602218e-02
 -4.91724908e-02 -5.49406046e-03  4.40869555e-02 -2.80282109e-08
  4.60361876e-02 -1.28965760e-02  1.55274486e-02  6.74862089e-03
  5.67049999e-03 -7.83591811e-03 -4.35538366e-02  7.30172768e-02
  1.68496668e-02  9.43082646e-02 -6.01415485e-02  3.78536396e-02
  3.09018381e-02  6.05267175e-02 -1.68444905e-02  1.14226222e-01
  1.80352721e-02 -4.96901534e-02 -2.40161400e-02 -2.44978792e-03
 -5.41260745e-03  6.52179047e-02 -5.82903996e-02 -1.33225718e-03
  4.50239815e-02 -5.43518774e-02 -1.37524763e-02  2.89567560e-03
 -2.15236731e-02  4.94158901e-02 -6.10519759e-02  4.25758995e-02
  5.88286929e-02  8.05703551e-02  6.87430352e-02 -5.04035130e-03
 -5.76881226e-03 -2.79737078e-02  7.16111735e-02 -3.21068279e-02
  3.86542603e-02 -4.49597687e-02 -1.35997171e-02 -2.33611255e-03
  5.40315434e-02 -9.23189819e-02  5.99905662e-02  4.59716059e-02
 -3.56391072e-02 -5.38921542e-02  2.98051862e-03  2.50630435e-02
  2.40532514e-02 -4.12775800e-02 -1.90541018e-02 -2.47678086e-02
 -5.43161482e-02  1.91237312e-02  1.27600115e-02 -7.09250644e-02
  5.29543823e-03 -1.95554439e-02 -9.74776074e-02  1.62212551e-02]"
Are there specific ethnic groups more affected by malaria?,"The impact of malaria varies among ethnic groups. For instance, some groups in Africa have genetic factors like sickle cell trait that offer partial protection against malaria.","Impact varies, with some ethnic groups having genetic factors offering partial protection.","Are there specific ethnic groups more affected by malaria? The impact of malaria varies among ethnic groups. For instance, some groups in Africa have genetic factors like sickle cell trait that offer partial protection against malaria.","[ 7.99482539e-02  8.08580518e-02  1.57648809e-02 -4.25296873e-02
  7.94657171e-02  4.93454412e-02  1.47732412e-02  2.33267937e-02
 -2.02935953e-02  2.33123787e-02  3.82502489e-02 -6.82916045e-02
 -7.18136355e-02 -1.27269132e-02  1.69831724e-03 -1.85936205e-02
 -7.28285238e-02  2.16034753e-03 -1.28676042e-01 -4.88943383e-02
 -9.36651379e-02 -2.39152592e-02  8.55471939e-02 -4.31860890e-03
 -4.16918844e-02 -6.13715276e-02  4.60352562e-02  2.31494214e-02
  5.09731658e-02  2.25147642e-02 -4.65337634e-02  6.24018610e-02
  6.32071868e-03  8.18511238e-04 -1.48987785e-01  2.56634764e-02
  8.06484465e-03  5.85652068e-02 -7.03825951e-02  1.20038940e-02
  2.27901954e-02  4.25835662e-02 -1.62949599e-02 -1.65867731e-02
  5.82823679e-02 -7.69651905e-02 -1.92840602e-02  9.25803035e-02
 -7.50733390e-02  7.50008747e-02  3.16787958e-02 -1.49775958e-02
  2.94051562e-02  5.54445609e-02  2.81124953e-02 -4.93700020e-02
 -2.25300286e-02 -2.87175388e-03 -7.55712315e-02 -9.71535500e-03
 -9.29647218e-03 -8.64975061e-03 -2.32158639e-02  3.84337315e-03
  3.42491940e-02  7.14355558e-02  6.24668039e-02 -3.46349813e-02
 -2.92054340e-02 -6.49589524e-02  6.36097416e-02 -5.30441031e-02
 -2.21582875e-02  5.32322861e-02  1.36414571e-02  2.75357123e-02
 -1.25041753e-02  2.96318587e-02 -3.43355611e-02  5.62977558e-03
  1.60739925e-02  3.71899381e-02  8.46182331e-02 -4.00285795e-02
  3.44391093e-02 -5.06599322e-02 -3.05713117e-02  1.43187661e-02
 -2.91814134e-02  1.15962904e-02  8.00951850e-03  4.07003500e-02
  5.84837720e-02 -3.73806953e-02 -1.89715475e-02  2.09270371e-03
  9.49434489e-02 -1.31654437e-03  3.88996676e-02 -2.55678105e-03
 -1.78810917e-02 -1.20119475e-01 -2.53309291e-02  2.37626284e-02
 -5.05472086e-02 -2.49785036e-02 -2.20984202e-02 -5.72782531e-02
 -7.32212588e-02 -1.11387726e-02 -6.97488561e-02  3.79745811e-02
 -3.51541638e-02 -1.96936205e-02 -4.30582426e-02 -1.73025548e-01
  1.76367983e-02 -7.85956755e-02 -5.71556948e-02  4.49612252e-02
 -4.72964346e-02 -1.07758082e-02 -3.47110778e-02 -5.51897436e-02
  8.61186236e-02 -1.60386844e-03 -3.14701758e-02  7.71801673e-34
 -1.33995479e-02 -7.51395524e-02  5.50182760e-02 -5.70585812e-03
  2.48687975e-02 -1.59831494e-02  5.41778281e-02  1.06642269e-01
 -4.33522984e-02 -5.58767244e-02 -9.33963507e-02 -1.28236022e-02
  6.36389293e-03  6.43941239e-02  3.46691906e-02  9.88117829e-02
 -4.55333404e-02 -8.67083818e-02 -6.55534789e-02  8.12160894e-02
 -1.87212788e-02  4.50443476e-03 -3.57306041e-02  2.62181228e-03
 -1.02972323e-02 -1.52053861e-02 -6.07109368e-02  7.67373014e-03
 -4.05184887e-02  1.37310345e-02 -5.25547983e-03 -5.41137904e-02
 -3.72303613e-02 -1.09665275e-01  1.95791945e-02  5.91694824e-02
 -3.32911499e-02  3.51382559e-03  4.16810671e-03  2.85578985e-02
 -5.91335073e-02  2.64152605e-02 -4.62958403e-03 -4.05818596e-02
  3.08549516e-02 -7.28301192e-03 -7.75180850e-03 -5.46799451e-02
 -6.57019839e-02 -2.77999497e-04 -3.90423574e-02  3.51632424e-02
  2.22416501e-02  1.08601395e-02  1.00833490e-01 -1.80644654e-02
  3.48290503e-02  8.39191005e-02 -1.11652203e-02  5.64306863e-02
  4.20602225e-02 -2.81407200e-02  5.44531606e-02 -3.96746807e-02
  1.04679540e-01 -2.47838851e-02  6.89841732e-02  2.53709387e-02
 -9.85793397e-03 -6.53408095e-02  5.48155233e-02 -2.70785913e-02
 -5.45381382e-02  1.09627999e-01 -3.86867374e-02  7.51175359e-02
 -1.46582443e-03 -4.80856970e-02  1.95759684e-02 -1.84675511e-02
 -3.94611023e-02 -4.47108857e-02 -1.33217499e-02 -2.90197190e-02
 -1.40683517e-01  3.52393389e-02  3.18513736e-02  4.93928092e-03
  2.32817363e-02 -7.77717605e-02  5.09165488e-02  5.92813070e-04
 -4.37653740e-04 -4.77173831e-03  1.04973577e-02 -3.26603024e-33
 -4.92040068e-03 -2.21530572e-02 -4.28800844e-03 -1.30609646e-01
  6.84799850e-02  6.98783472e-02  2.59473361e-02 -4.46323417e-02
 -2.06022542e-02  2.94205230e-02  1.16997082e-02  8.15152470e-03
  4.25045863e-02  8.17228928e-02 -5.51410317e-02  2.05928162e-02
 -6.07986487e-02  1.28608882e-01  7.81047344e-02  4.54804599e-02
 -4.30527404e-02 -2.18348689e-02  9.64554995e-02 -1.60379447e-02
 -1.00091636e-01 -1.23287300e-02 -8.45542625e-02  5.26862107e-02
 -1.55445114e-02  1.74645260e-02  1.02110133e-02  7.29599372e-02
  5.32578910e-03 -3.07365898e-02  3.31579223e-02  1.05881307e-03
  3.73995900e-02 -2.80550541e-03  4.68517542e-02  3.01677622e-02
  6.16941340e-02  6.72390163e-02  2.16925088e-02  2.89995112e-02
  8.60942602e-02  1.15668848e-01  4.43526187e-05 -6.60550520e-02
 -3.47897448e-02 -6.98139518e-02  5.74550927e-02  2.95381881e-02
  3.47436778e-02  9.60292816e-02  5.09811155e-02 -1.64296255e-02
  5.75641543e-02 -1.45974487e-01 -5.92693686e-03 -9.26940236e-03
 -7.01844245e-02 -1.42325452e-02 -1.09259700e-02  1.43191358e-02
 -4.08994518e-02 -5.30445948e-02  1.23910967e-03  3.13979723e-02
  6.45803362e-02  1.39260432e-03 -4.43090275e-02 -1.12916633e-01
 -4.39706780e-02 -1.39974579e-02 -6.40371516e-02  2.00712457e-02
  1.17937773e-02  5.44573739e-02  1.29159857e-02  2.20780801e-02
  5.60045876e-02 -8.85659754e-02 -6.93253567e-03 -5.76016456e-02
 -6.18209243e-02  5.97656406e-02  6.92503527e-03 -5.79756461e-02
  1.15155932e-02  6.09598793e-02 -8.06010291e-02  2.77012102e-02
 -5.66422194e-02  2.71143559e-02  3.05256899e-03 -2.87464026e-08
  1.02170646e-01 -1.67168658e-02  2.88714506e-02 -1.21110294e-03
 -4.42567952e-02  2.58484501e-02 -1.06648810e-01  5.87057024e-02
  1.22100832e-02  1.11385196e-01 -5.74572869e-02  5.42601645e-02
  5.32271750e-02  1.85255390e-02  2.86011538e-03  6.57732338e-02
  2.34714011e-03 -4.30660658e-02  1.60069112e-02 -3.39000076e-02
  2.28467751e-02  3.22189070e-02  4.56270128e-02 -4.73862253e-02
  6.94656745e-02 -5.07635400e-02 -4.44050133e-02 -6.95806444e-02
 -1.32347811e-02 -3.83496620e-02 -5.56870811e-02  2.42230054e-02
 -2.85961796e-02  1.26087237e-02  4.73941341e-02  1.67012438e-02
  6.47307560e-03 -1.89618319e-02  5.71714602e-02  1.67963710e-02
  4.97407317e-02 -8.10493305e-02 -8.64025089e-04  3.33033651e-02
  4.68011647e-02 -7.16076195e-02  5.43093495e-02  1.03773074e-02
 -1.26671391e-02 -6.56995475e-02  1.46273384e-02 -2.90785599e-02
 -3.53206657e-02 -3.30727212e-02 -5.52462414e-02 -5.03913090e-02
 -3.35691571e-02  7.39679188e-02  1.02616325e-01 -6.22576736e-02
  5.05597852e-02 -1.46509456e-02 -3.62247340e-02 -9.27766878e-03]"
What are the main interventions for malaria vector control?,"The main interventions for malaria vector control are insecticide-treated nets and indoor residual spraying, which are highly effective in preventing infection and reducing disease transmission.",Insecticide-treated nets (ITNs) and indoor residual spraying (IRS).,"What are the main interventions for malaria vector control? The main interventions for malaria vector control are insecticide-treated nets and indoor residual spraying, which are highly effective in preventing infection and reducing disease transmission.","[ 1.26220249e-02  5.23078293e-02  6.41901493e-02 -6.91109970e-02
  7.78112933e-02  8.77994746e-02 -4.78101186e-02  8.92783180e-02
 -9.36385393e-02  7.89324716e-02 -2.58601140e-02  3.85942943e-02
 -6.92257285e-02 -1.88396294e-02 -2.13360600e-02  4.76476364e-02
 -4.18914575e-03  4.99936491e-02  1.47274714e-02 -4.05141786e-02
 -7.19899684e-02  6.00120127e-02  9.44749862e-02  2.69906060e-03
 -1.19897693e-01  1.18075311e-02 -2.21215263e-02 -4.78087105e-02
  3.27920355e-02 -4.38219421e-02  2.82145757e-02  2.94536985e-02
 -5.62966913e-02 -1.36482064e-02 -2.31699392e-01  3.45780738e-02
 -2.80223135e-02 -3.25170383e-02 -2.40099113e-02  3.19571719e-02
  1.17697483e-02 -1.39639843e-02 -1.06462546e-01 -8.53597000e-02
 -1.81403384e-02 -4.43718620e-02 -3.10631748e-02  7.03948587e-02
  1.18818274e-03 -3.91858183e-02  5.17261624e-02 -7.09857494e-02
 -7.45646423e-03  7.02200010e-02  2.04316843e-02 -6.60053045e-02
 -7.00520026e-03  2.64395121e-02  3.90278324e-02 -2.30672434e-02
  1.05915526e-04  3.20684202e-02 -6.08398728e-02  7.37586617e-03
 -6.95021749e-02  4.82395524e-03 -1.35074826e-02  4.95373756e-02
  3.87043916e-02  2.45553833e-02  1.85294473e-03 -2.95357127e-02
 -6.06437810e-02  2.11878959e-02 -4.75913100e-02  3.61512452e-02
 -9.12773144e-03  2.41157482e-03  5.70474900e-02 -2.22473517e-02
  1.09490228e-03  5.35683967e-02  1.00279570e-01  1.06203919e-02
  8.08437541e-02  3.00456807e-02 -8.49048346e-02  1.63478013e-02
  6.43934608e-02  2.72921789e-02  2.27200333e-02  5.69978263e-03
  3.74103449e-02 -8.75722338e-03 -5.82114607e-02  3.56939919e-02
  4.01768945e-02 -8.15579668e-02 -7.26910681e-03  4.45654988e-02
  5.98380566e-02 -1.35421082e-01 -4.69461530e-02 -3.13667096e-02
 -2.46624146e-02 -2.46862955e-02  4.18627039e-02 -4.10998501e-02
 -9.90648661e-03 -2.21408531e-02 -9.78481770e-02  3.45420577e-02
  1.38314245e-02 -4.29064445e-02 -8.00668746e-02 -7.18444437e-02
  4.46820408e-02 -4.43087220e-02  7.82164559e-03  5.04810922e-02
 -9.49225109e-03 -6.18865108e-03  1.06107621e-02 -7.78318271e-02
  8.06379020e-02 -6.72335504e-03  6.88815853e-05 -1.11197927e-33
 -4.03687805e-02 -1.20078831e-03  6.67308941e-02  2.17270479e-02
 -5.53999506e-02  4.80930768e-02  4.50784452e-02  4.90415655e-02
  1.79339722e-02 -4.99678627e-02 -2.17484254e-02 -3.58992405e-02
 -4.88332100e-02  1.19174741e-01  6.53294101e-02 -3.65036428e-02
  1.05186902e-01  3.04930676e-02  9.32212733e-03  4.70893085e-02
 -3.52055058e-02 -6.40958771e-02 -2.84797908e-03 -1.52525678e-02
  9.85001922e-02  5.56717515e-02 -2.64296848e-02  3.51146497e-02
  1.65275077e-03  3.51647697e-02  7.55868033e-02  2.50857174e-02
 -7.72883520e-02  1.65867293e-03 -2.85286475e-02  2.60618068e-02
 -7.37114400e-02 -4.51991446e-02 -4.37914319e-02 -5.01182489e-02
 -5.74981272e-02  3.55810300e-02 -3.74187119e-02 -6.48415741e-03
  2.85026617e-02  2.95119435e-02 -1.53230829e-02  1.47824560e-03
 -4.02201377e-02 -5.12383617e-02  4.09559198e-02  6.93435073e-02
 -8.32744222e-03 -4.74357465e-03  5.90268299e-02  5.47455102e-02
 -9.39395186e-03  6.04265090e-03 -3.67593244e-02  4.80371453e-02
  5.54904155e-02 -8.10099021e-02 -1.64947379e-02 -2.00221520e-02
  4.56972271e-02 -5.29306335e-03  4.72514182e-02 -5.29812910e-02
 -3.35284583e-02 -6.00378625e-02 -6.64358214e-02  2.81942394e-02
 -2.70661470e-02  5.97295985e-02 -4.06657197e-02 -3.56007516e-02
 -1.65641773e-02 -8.53174403e-02 -2.81444956e-02  5.01438696e-03
 -2.84461360e-02  9.03566368e-03  6.03585169e-02 -1.87570304e-02
 -2.90452167e-02 -1.35021470e-02  1.44856321e-02  4.32062522e-02
 -3.71395499e-02 -5.50094172e-02  2.20107939e-02  1.94585752e-02
 -7.01797253e-04  4.69159037e-02  9.32196993e-03 -1.06499586e-33
  1.47518413e-02  2.80285999e-02 -2.14429293e-02 -5.03010303e-02
 -1.77782867e-02  7.28657395e-02 -3.26072760e-02 -5.08423261e-02
 -1.24609051e-02  1.27516818e-04 -1.92029402e-02  2.17365418e-02
  2.41062231e-03  7.05800625e-03 -1.14657469e-01 -1.67737785e-03
 -6.16704188e-02 -3.72555703e-02 -1.78996325e-02 -2.56548561e-02
 -4.23552543e-02 -7.42510054e-03  1.01940572e-01 -5.92307337e-02
 -8.77171382e-02 -3.86483669e-02 -7.83012435e-02  9.31646153e-02
  2.97710542e-02  3.87753621e-02 -1.22502376e-03  4.47739568e-03
  2.52265986e-02  2.05756370e-02 -8.64290446e-03 -3.32033867e-03
  8.21337700e-02 -5.35434484e-02  3.67583036e-02  3.51718999e-02
  8.25898647e-02  1.76525339e-02 -1.85144953e-02 -8.79843533e-03
  5.10793775e-02  6.66811392e-02 -7.92399645e-02  6.59950152e-02
 -5.33631966e-02 -3.43601331e-02  6.45532331e-04  1.39183048e-02
 -1.86880585e-02  7.18004405e-02  4.30339240e-02 -6.51165321e-02
  3.61712612e-02 -1.32673383e-01  6.84436485e-02 -5.31373993e-02
 -6.18610941e-02  4.83758003e-02 -7.77264535e-02  9.89174843e-02
  8.45465902e-03  4.43536788e-02  2.69373842e-02  1.00117661e-01
  6.61435127e-02 -3.17007899e-02 -3.11636329e-02 -1.15389680e-03
  2.69730743e-02  1.96908489e-02 -6.93498179e-02 -2.37176921e-02
  5.76447919e-02 -6.47285283e-02  5.37628718e-02 -4.30466533e-02
  5.95228784e-02 -2.65955795e-02  1.06802788e-02 -6.96561635e-02
  2.20489252e-04  6.38268888e-02 -1.47123570e-02 -1.21037461e-01
 -3.38549577e-02  4.69630919e-02 -9.32586119e-02 -1.77098587e-02
  3.00654173e-02  1.31625786e-01  2.60914639e-02 -2.87053368e-08
  8.41188431e-02 -4.45871837e-02  2.12195162e-02 -1.64668709e-02
 -1.60699226e-02 -8.70754011e-03 -1.13921098e-01  3.17074209e-02
  4.37381193e-02  6.86717182e-02 -7.97997415e-02  2.83643324e-02
  1.00536853e-01 -5.44107612e-03  8.46472457e-02 -5.65824751e-03
  8.73381621e-04  3.68712433e-02 -3.43588628e-02 -5.92315793e-02
  7.79284397e-03  7.41017088e-02 -7.85842016e-02 -1.19924953e-03
  1.25724643e-01 -2.08557528e-02  7.26511851e-02  3.52202193e-03
  2.34030057e-02  7.23349527e-02 -5.13889231e-02  2.82112714e-02
  2.27012038e-02  1.18507165e-02 -1.52242761e-02  1.14476562e-01
 -4.27879021e-02 -3.62639427e-02  9.96057242e-02 -1.68754291e-02
  2.67221797e-02  3.49981599e-02 -4.77528051e-02 -4.92387563e-02
  2.49183737e-02 -2.24657729e-03  1.72371287e-02  2.48974748e-02
 -1.49851460e-02 -6.56950697e-02  1.46406796e-02  4.86000404e-02
  5.47896177e-02  1.23765850e-02 -4.49177288e-02 -3.53703625e-03
 -2.41671540e-02 -7.36412033e-02 -1.68190035e-03 -4.73190546e-02
 -4.55245860e-02 -2.24950397e-03 -4.70725819e-02  3.64334621e-02]"
What is HIV/AIDS?,"Human Immunodeficiency Virus (HIV) is a virus that attacks the immune system, the body's natural defense system. Without a strong immune system, the body has trouble fighting off disease. AIDS, or Acquired Immunodeficiency Syndrome, is the final stage of HIV infection, not everyone with HIV advances to this stage. AIDS is defined by the development of certain cancers, infections, or other severe clinical manifestations","HIV/AIDS is a condition caused by the Human Immunodeficiency Virus (HIV) which weakens the immune system. AIDS is the most advanced stage of HIV infection, characterized by the occurrence of specific life-threatening illnesses or a very low level of certain immune cells.","What is HIV/AIDS? Human Immunodeficiency Virus (HIV) is a virus that attacks the immune system, the body's natural defense system. Without a strong immune system, the body has trouble fighting off disease. AIDS, or Acquired Immunodeficiency Syndrome, is the final stage of HIV infection, not everyone with HIV advances to this stage. AIDS is defined by the development of certain cancers, infections, or other severe clinical manifestations","[-6.42298311e-02  9.39313471e-02 -1.19708637e-02  1.72813851e-02
 -3.38213295e-02  3.12734544e-02  7.35651031e-02  2.67503783e-02
  5.84119223e-02  5.79988956e-02 -4.24324945e-02  4.56610462e-03
  9.73126665e-03 -7.29263797e-02 -5.29058687e-02 -6.41786605e-02
 -7.96888247e-02  2.46932320e-02 -7.08706165e-03  4.23322916e-02
  3.71792838e-02  7.05833659e-02  1.47521766e-02 -8.51043612e-02
 -9.75578874e-02  8.10794979e-02  8.37639906e-03  2.11582277e-02
  3.71187329e-02  8.83472413e-02 -2.89309993e-02 -6.69270307e-02
  8.35182592e-02  1.83618832e-02 -1.36026144e-01  1.07732946e-02
  1.52305292e-03 -2.39483453e-02 -2.24090484e-03 -5.07254712e-03
  6.94483751e-03 -4.71853390e-02 -3.31244022e-02  4.77986746e-02
  4.16398831e-02  9.60195996e-03 -1.06306477e-02  5.90516105e-02
 -3.19985226e-02 -6.17525801e-02  8.34261812e-03  1.00435223e-02
 -3.82864252e-02  1.94681231e-02 -2.14376505e-02 -3.83185931e-02
 -6.92471191e-02  2.81721205e-02 -5.24848029e-02  4.77367896e-04
  1.05062269e-01  3.73544581e-02  7.69946650e-02  2.47974321e-02
 -1.11110043e-02 -3.24328505e-02 -5.10865226e-02  1.64353624e-01
 -5.26442612e-03  2.45064367e-02 -2.36470122e-02 -1.69664854e-03
 -7.97948167e-02  6.80100918e-02 -7.48879416e-03 -2.96039488e-02
 -5.13980351e-02  1.16698712e-03  3.34996283e-02  8.90676007e-02
  3.90961915e-02  8.93121734e-02  4.28887680e-02 -6.60316693e-03
 -2.90456638e-02  8.48438405e-03  3.62533405e-02  1.28559361e-03
  1.33461375e-02 -3.25321443e-02 -9.69647169e-02  2.92901676e-02
 -6.72033802e-03  1.78950857e-02  4.58655804e-02 -2.06191521e-02
  1.28396647e-02 -4.21339693e-03 -1.80037823e-02  1.88614707e-02
 -5.64133003e-02 -2.76665874e-02  7.05680810e-03 -6.70282915e-03
 -2.49634348e-02  5.01425490e-02 -1.99494194e-02 -3.99617665e-02
 -4.80877571e-02 -3.22353616e-02 -6.38544112e-02 -2.31944453e-02
 -3.65220048e-02 -7.45249465e-02  1.11232951e-01  2.70028803e-02
 -6.37737289e-02 -2.55407370e-03  6.22441173e-02 -9.62374453e-03
  4.94492985e-02 -1.93300974e-02  4.45458591e-02 -3.09658255e-02
  4.03490029e-02 -9.34034660e-02  5.35736457e-02 -1.93698124e-33
 -2.89281644e-02 -2.08624303e-02  2.78778914e-02  5.29882722e-02
 -4.79352884e-02 -6.95830630e-03  6.64957836e-02 -1.81746238e-03
 -4.34210300e-02  1.32894039e-01  2.99318004e-02 -5.55874184e-02
  3.64819765e-02  1.53357312e-01  1.76209621e-02  6.33255094e-02
  1.67358350e-02  4.58895369e-03  8.10882449e-03  5.21109700e-02
  4.68566529e-02  3.69149186e-02  8.49454775e-02  6.42687455e-03
  1.88640356e-02 -1.58292311e-03 -4.26116548e-02  3.92874656e-03
  7.29739591e-02 -6.69647753e-02  7.06246644e-02  1.61024109e-01
 -1.63237862e-02 -1.21019699e-01 -6.88791201e-02  1.75817907e-02
  2.57053785e-02  4.03574444e-02 -2.10102294e-02  2.46591996e-02
  1.92413125e-02 -3.99154276e-02  4.24746536e-02 -1.91731155e-02
  3.32715325e-02  4.89330888e-02 -6.54970407e-02 -8.98938328e-02
 -6.60949340e-03 -1.18541494e-02  5.43976836e-02 -3.69154029e-02
 -3.36163118e-02  2.50732359e-02 -5.86909130e-02  3.11697163e-02
 -4.26575765e-02  1.16891973e-01 -1.46173596e-01  9.76446271e-03
  2.61009648e-03 -1.07560471e-01  5.56350909e-02 -1.28912730e-02
 -6.04310967e-02 -5.61139658e-02 -6.30727131e-03 -4.88654859e-02
  2.44284701e-02  2.06558537e-02 -1.19759161e-02 -1.03131130e-01
 -2.06438191e-02 -4.77454299e-03  1.05970651e-01  3.61983635e-04
 -7.19225258e-02 -6.08464777e-02  3.95128727e-02  7.06834197e-02
 -8.63810778e-02 -1.88214530e-03  6.10464141e-02 -1.24450229e-01
 -8.49924311e-02  8.22603982e-03 -3.95790637e-02  1.08929798e-02
  3.27854641e-02 -4.61775102e-02 -5.22833597e-03  2.96617560e-02
 -9.90154073e-02  3.48728336e-02  1.23685673e-02 -3.32022677e-33
  5.99341244e-02  1.81737598e-02 -5.21913394e-02  2.79253554e-02
  2.72733532e-02  5.48724458e-02  3.29484642e-02  1.74344126e-02
  8.18218943e-03  1.43535472e-02  3.46171740e-03 -6.74602389e-02
  1.45222833e-02  6.76409006e-02  8.30325857e-02  1.50926067e-02
 -4.98239249e-02 -5.83029632e-03  1.19337868e-02  8.25603232e-02
 -4.34306785e-02  4.04065810e-02  1.18087623e-02 -1.03821300e-01
  5.30799069e-02 -6.79871216e-02 -1.86108109e-02  3.18379775e-02
  6.31293505e-02 -2.10921019e-02 -1.04585718e-02 -2.65896637e-02
  2.90054455e-03 -1.81960557e-02 -5.28396619e-03  5.53174019e-02
  7.58831576e-02 -8.97359177e-02 -6.67308867e-02 -8.57418701e-02
  9.12457034e-02 -2.40368750e-02 -1.96264237e-02  8.90315920e-02
  2.19104695e-03 -5.32530881e-02  7.68063357e-03  1.03479929e-01
  1.28499018e-02 -2.04602182e-02 -1.61054253e-03 -1.35124372e-02
  1.76350884e-02 -2.48759892e-02  6.72269091e-02 -2.34697498e-02
 -5.28248735e-02 -1.01253502e-02 -5.16385492e-03  5.57171218e-02
 -4.17082291e-03  2.22367514e-03 -6.34623459e-03  5.36555164e-02
 -1.21958498e-02  1.53937126e-02 -2.61797626e-02 -1.45920943e-02
  2.81279758e-02 -6.18833564e-02  2.10221726e-02  1.63365658e-02
 -8.01848844e-02 -6.91627637e-02  1.44195848e-03 -7.51763582e-02
 -6.74208179e-02 -3.57047655e-02 -4.33101170e-02 -1.26038650e-02
  3.85138858e-03 -7.68188983e-02  1.67519841e-02 -6.89788861e-03
 -8.04424509e-02  1.65262073e-02  2.97761057e-02 -3.73642035e-02
 -3.57588194e-02  8.25678781e-02 -4.65277545e-02 -2.45902892e-02
 -7.96338767e-02 -9.21794306e-03 -1.06051274e-01 -4.36470913e-08
  2.57089976e-02  2.57989932e-02 -5.38451737e-03 -7.60336667e-02
 -1.06758894e-02  7.00685307e-02 -7.88600817e-02  2.96247024e-02
  6.87754154e-02  3.42695713e-02 -1.04938168e-02 -4.79666106e-02
  4.31858338e-02 -4.09710873e-03  3.34649831e-02 -2.91138012e-02
 -5.03409244e-02  4.22700755e-02 -2.68164799e-02 -8.55420623e-03
 -4.18956531e-03  4.49178293e-02 -7.88867399e-02 -9.90432221e-03
  9.05383006e-02 -3.53315100e-02  4.50105146e-02 -3.58826593e-02
  8.96573439e-03 -7.22666308e-02 -3.57046374e-03 -6.70243893e-03
  4.34712274e-03  7.48530999e-02 -5.30214794e-03  6.60707185e-04
  4.90362123e-02 -7.74548724e-02  3.20120640e-02 -1.30152166e-01
  5.63129643e-03 -1.47260830e-03  1.90309603e-02 -4.67602648e-02
 -2.07719263e-02 -3.08019371e-04 -6.99723139e-03 -2.71584596e-02
  5.05461097e-02 -6.35056198e-02 -2.52944604e-02  2.57840902e-02
 -5.88459484e-02 -2.98582520e-02 -3.43702696e-02 -1.25528240e-04
 -5.56180999e-02  7.84355402e-02  4.17911746e-02  6.93274895e-03
 -5.59686385e-02 -4.43298183e-02  7.10062981e-02 -6.22153208e-02]"
How is HIV transmitted?,"HIV is transmitted through certain body fluids from a person who has HIV. These fluids include blood, semen, pre-seminal fluids, rectal fluids, vaginal fluids, and breast milk. The virus is spread mainly through sexual contact, sharing of needles, syringes, or other drug injection equipment, and from mother to baby during pregnancy, birth, or breastfeeding.","HIV is primarily spread through unprotected sex, sharing needles or syringes, and from mother to child during pregnancy, childbirth, or breastfeeding.","How is HIV transmitted? HIV is transmitted through certain body fluids from a person who has HIV. These fluids include blood, semen, pre-seminal fluids, rectal fluids, vaginal fluids, and breast milk. The virus is spread mainly through sexual contact, sharing of needles, syringes, or other drug injection equipment, and from mother to baby during pregnancy, birth, or breastfeeding.","[-3.30312341e-03  3.38159800e-02 -1.92236286e-02 -1.44363558e-02
  5.56573980e-02  4.68678027e-02  8.93436894e-02  4.54378761e-02
  1.79572217e-02  6.28484637e-02 -3.98170613e-02 -3.49410772e-02
 -1.51722012e-02 -3.40567827e-02 -4.11867015e-02 -7.61712566e-02
 -1.62728820e-02  2.96445470e-02 -1.28551200e-02  1.08842207e-02
  8.02662075e-02  2.95566302e-02 -5.51833888e-04 -5.15017249e-02
 -4.66409177e-02  7.50772730e-02  1.66452639e-02 -2.32815626e-03
  7.62677863e-02  7.92998224e-02 -5.93821742e-02 -5.22108190e-02
 -2.63674017e-02  3.00138593e-02 -1.74062788e-01 -1.14320489e-02
  2.28969362e-02 -5.35038859e-02  5.32047413e-02  1.05164689e-03
  5.32624871e-02 -5.41166477e-02 -4.56067501e-03  2.46406030e-02
  3.02125663e-02  5.17858751e-02  5.29149808e-02  7.78265521e-02
 -5.36867231e-02 -5.78710884e-02 -2.18346696e-02 -2.69127972e-02
 -4.70061786e-02  9.70915332e-02 -1.01327784e-01 -1.40908482e-02
 -2.71502859e-03 -4.00977507e-02  3.73256300e-03  4.20471057e-02
  2.14701574e-02  7.62189403e-02  1.53484708e-02  1.44307986e-02
 -3.96882370e-02 -5.27908728e-02 -1.46491919e-02  1.72287986e-01
  3.10248379e-02 -2.42422265e-03  3.37129668e-03  1.41481357e-02
 -1.02212146e-01  4.08877097e-02  2.23524291e-02 -6.31877780e-02
 -1.59074124e-02 -1.99470278e-02 -2.39322009e-03  9.21636596e-02
  2.92652496e-03  4.44126651e-02  5.42673431e-02 -1.52185634e-02
 -7.67556652e-02  5.26175424e-02  3.84635031e-02  2.54652612e-02
 -8.05767551e-02 -5.09346984e-02 -6.77060410e-02  1.72903258e-02
 -2.09565293e-02 -1.75134689e-02 -2.15741005e-02 -2.74523143e-02
 -2.21269089e-03  2.80963210e-03  8.43724757e-02 -1.36909389e-03
 -8.79124552e-02 -4.51834872e-02  2.89286729e-02 -1.83382444e-02
 -4.53727953e-02  5.27514406e-02 -3.00594550e-02 -4.96010035e-02
 -4.53083813e-02  4.75328527e-02 -5.98518960e-02  3.84500436e-02
 -2.43218169e-02 -5.60785867e-02  8.51814970e-02  1.52657172e-02
 -8.85111839e-02  6.32293709e-03  9.77139082e-03  1.47003224e-02
  4.13514078e-02 -1.17116086e-02  3.20812017e-02  2.22821534e-02
  6.35769293e-02 -1.23321041e-01  9.44723710e-02 -1.40480722e-33
  3.15387035e-04 -5.68445250e-02  8.59506950e-02  8.39531049e-02
 -3.98863256e-02  1.48445919e-01  4.05129157e-02 -2.20299885e-03
  4.69035171e-02  5.89421391e-02  1.11123249e-02 -5.19077890e-02
  6.04356965e-03  1.23565719e-01 -1.47147896e-02 -8.05029366e-03
 -7.42511079e-03 -4.30547930e-02 -6.79024160e-02  1.33283332e-01
  7.87508041e-02 -1.07285869e-03  4.73545641e-02  3.14447023e-02
  2.97833830e-02 -1.63075384e-02 -1.10419311e-01 -6.95234910e-03
  5.16227819e-02 -4.46436144e-02 -2.54663229e-02  8.12942088e-02
  1.32416589e-02 -7.97972307e-02 -5.43711111e-02  6.55680895e-02
  2.08041407e-02  1.06839966e-02 -1.03439242e-02 -3.83986183e-03
  4.98192087e-02 -9.64991003e-02  3.28621678e-02  4.25297953e-03
  3.94435413e-03  5.01609147e-02 -1.10014431e-01 -8.76150578e-02
  3.40821669e-02 -6.63819239e-02  5.95161133e-02 -5.87377287e-02
 -6.75560236e-02 -1.15175759e-02 -7.51032159e-02  7.48593826e-03
 -2.60016304e-02  7.84885958e-02 -6.53968677e-02  4.99799438e-02
 -1.75810643e-02 -4.09153998e-02  8.09029490e-02 -3.52324396e-02
 -4.57259789e-02 -5.72468899e-02  9.50846297e-05 -4.78241779e-02
  3.93035524e-02 -7.71387480e-03 -6.39838055e-02 -1.88825298e-02
 -5.57434075e-02 -3.85960191e-02  6.67600632e-02 -3.73656250e-04
 -9.92548913e-02 -4.77197617e-02  1.02113158e-01  4.98530492e-02
 -1.12462603e-01 -1.16144605e-02  7.60415494e-02 -3.73761393e-02
 -1.56718120e-02  1.79366358e-02 -3.65645327e-02 -1.60883053e-03
 -3.49650756e-02 -2.42913086e-02  6.00759592e-03 -3.17850858e-02
 -1.80910360e-02 -2.87635215e-02  8.66229981e-02 -3.91873413e-33
  5.30911013e-02  3.45928669e-02 -5.96213415e-02  5.39514013e-02
 -2.42068823e-02  3.46278064e-02  7.75488317e-02  4.91341352e-02
 -1.74993020e-03  2.70675980e-02 -1.64189991e-02 -4.73180115e-02
  8.64823256e-03  5.18491231e-02  3.87097448e-02  5.13593890e-02
  2.66721137e-02  2.94520743e-02  2.38815397e-02  2.23684870e-03
 -5.32225110e-02  1.42520585e-03  4.57853600e-02 -5.97135723e-02
  4.05962728e-02 -1.03055567e-01 -1.24507733e-02  5.03637828e-02
  3.28124762e-02 -9.34816257e-04  1.34866708e-03  2.91256327e-03
  6.29034489e-02  1.71966769e-03 -6.13510013e-02  1.72517169e-02
  6.99747130e-02 -2.29700767e-02 -2.77476385e-02 -5.07832281e-02
  1.09239437e-01 -4.86393273e-02  1.47734964e-02  2.29785144e-02
 -7.23088533e-02  2.15668604e-02 -1.33107752e-02  2.28376631e-02
  1.61607191e-02  5.88155212e-03  4.15213965e-02 -2.76201833e-02
 -7.17192562e-03 -3.90184484e-02  4.04980257e-02 -2.16881316e-02
 -6.00568987e-02 -1.63640082e-02 -4.43309173e-03  2.33931020e-02
 -4.89026532e-02  3.20629440e-02 -6.10644110e-02 -3.36748548e-02
  2.98107304e-02 -9.93835740e-03 -7.11547164e-03 -1.85436867e-02
 -7.23098963e-03 -6.69977739e-02 -3.19538042e-02 -3.69627005e-03
  1.41642839e-02 -5.95600940e-02 -2.63148695e-02 -5.79782315e-02
 -7.12179765e-02 -5.03429323e-02 -5.00325412e-02 -1.93129219e-02
  3.83788608e-02 -5.65195866e-02  2.35069096e-02  4.36862931e-02
  7.98044540e-03 -3.91261131e-02  5.58313318e-02 -1.10513449e-01
 -3.33739370e-02  6.81321546e-02 -9.41024646e-02 -3.01165022e-02
 -2.26696879e-02 -8.21769983e-02 -3.61141898e-02 -3.67294923e-08
  2.08892990e-02  5.43894566e-05  3.42485271e-02 -2.33220346e-02
  4.11553904e-02  1.27184793e-01 -5.50634041e-02  2.80187577e-02
  6.79185167e-02  5.37096970e-02 -7.91410506e-02 -3.34380381e-02
  3.91219445e-02  1.04180947e-02  8.64742920e-02  2.59896778e-02
 -5.28127030e-02 -3.63547280e-02 -1.72882397e-02 -8.81817713e-02
  2.69948458e-03 -2.42200661e-02 -1.29145198e-02  5.42472042e-02
  6.23688959e-02  3.63935195e-02  1.93752833e-02 -3.08827702e-02
  6.34632558e-02 -3.23914289e-02 -1.98469702e-02 -4.43163477e-02
  6.41193474e-03  1.26436621e-01 -2.92370282e-02  2.82163825e-03
  4.96208780e-02 -5.46716675e-02  3.77929918e-02 -9.00973529e-02
  5.03453426e-02 -4.98120077e-02 -1.03590116e-02 -3.61551791e-02
  2.04594829e-03 -2.05666926e-02 -3.08239739e-02 -6.68611983e-03
  2.11211722e-02 -1.52153485e-02 -1.80815440e-02  6.61603175e-03
 -1.28777772e-02 -2.46559903e-02 -3.67307439e-02 -4.45724279e-02
 -7.39893168e-02  5.37436306e-02  8.45269337e-02 -4.49017482e-03
 -9.02471244e-02  1.10915592e-02  1.14139117e-01 -3.15481350e-02]"
Can HIV/AIDS be cured?,"There is currently no effective cure for HIV. However, with proper medical care, HIV can be controlled. Treatment for HIV is called antiretroviral therapy or ART. If taken as prescribed, this treatment can dramatically prolong the lives of many people with HIV, keep them healthy, and greatly lower their chance of transmitting the virus to others.","While there is no cure for HIV/AIDS, antiretroviral therapy can control the virus, allowing individuals to live longer, healthier lives and reducing the risk of transmitting HIV to others.","Can HIV/AIDS be cured? There is currently no effective cure for HIV. However, with proper medical care, HIV can be controlled. Treatment for HIV is called antiretroviral therapy or ART. If taken as prescribed, this treatment can dramatically prolong the lives of many people with HIV, keep them healthy, and greatly lower their chance of transmitting the virus to others.","[-8.65666717e-02  9.68192518e-02  3.26473117e-02  1.09942034e-02
 -4.89657409e-02  5.44462353e-02 -1.93995330e-02 -1.08905816e-02
  3.59060615e-02  1.91060510e-02 -2.10412536e-02  1.46752432e-01
 -7.77656818e-03 -2.75167134e-02 -2.47913618e-02  5.52712288e-03
 -5.04278578e-02  9.39716101e-02 -1.39984572e-02  6.42521158e-02
 -4.39206474e-02  5.83728738e-02  4.44062315e-02 -3.89962755e-02
 -1.27523750e-01  4.08790745e-02 -2.41672173e-02 -1.32266833e-02
  1.25337057e-02  8.31960421e-03  2.72307694e-02 -9.02937632e-03
  8.43096524e-03 -1.77571364e-02 -1.37770846e-01  2.91049480e-02
 -1.31476194e-01  3.93416127e-03  3.86985671e-03  1.95071716e-02
  3.56873721e-02 -7.91007478e-04 -7.61469379e-02  1.20084202e-02
  6.94070105e-03 -5.38324453e-02 -5.38411289e-02  4.62250598e-02
 -5.35812117e-02 -7.37502575e-02  5.01853861e-02 -1.13226986e-02
 -1.96821913e-02 -1.97654478e-02  3.08483168e-02 -5.73288612e-02
 -2.70375162e-02  4.12626229e-02 -2.70502083e-02  1.16792740e-02
  9.36826020e-02  5.83776012e-02 -4.83962474e-03 -1.50355734e-02
 -1.18874833e-02  5.10457046e-02 -2.23897863e-02  6.95626512e-02
  3.99079658e-02  2.50487663e-02  2.70293206e-02 -2.12483015e-02
 -2.11861655e-02  5.24954014e-02  1.32246958e-02  3.83507200e-02
 -5.33369519e-02 -3.64831090e-02  3.55031043e-02  1.03542201e-01
  3.77042405e-02  3.62751679e-03  7.72432610e-02 -2.48399414e-02
 -1.20367371e-02  1.58503912e-02  6.07698131e-03 -4.37715948e-02
  3.70855257e-02 -5.56183942e-02 -2.10591382e-03  6.79037943e-02
 -8.22871458e-03 -4.92785498e-02 -1.97849050e-02 -3.65630575e-02
  2.24112310e-02 -7.17662042e-03 -6.93883300e-02 -6.22636778e-03
  2.49333261e-03 -2.00996473e-02  1.48509657e-02 -1.06975771e-01
  3.30665469e-04  3.68803814e-02  5.55304019e-03  1.81229059e-02
 -3.87251787e-02 -3.84854637e-02 -8.49386305e-02 -2.32378021e-02
  1.23263914e-02  3.68119851e-02  4.59409207e-02  5.67180850e-03
 -5.93540668e-02 -6.08545244e-02  1.31047787e-02 -1.69765277e-04
  6.52284697e-02 -6.65608644e-02  1.27793610e-01 -4.13655378e-02
  1.76009573e-02 -3.07682045e-02  1.17998548e-01  9.98999017e-34
 -4.72553782e-02  3.09515488e-03  4.25871462e-02 -1.17499586e-02
  1.46511593e-03  8.67926478e-02  3.97373959e-02 -1.49076374e-03
  1.46277202e-03 -3.65937203e-02  7.27430880e-02 -2.07950398e-02
  4.13500257e-02  1.24054871e-01 -2.96782497e-02 -3.55124883e-02
  3.66973989e-02 -2.06169654e-02 -5.80839925e-02  1.31997121e-02
  6.67917058e-02  1.25275310e-02  5.20277880e-02 -1.81277692e-02
 -2.37696851e-03 -2.28742138e-02 -8.53887480e-03  1.71699151e-02
  8.45025927e-02 -3.86016965e-02  3.93185057e-02  1.95944235e-01
 -5.30510489e-03 -8.65501538e-02 -1.06871247e-01 -1.78411547e-02
  8.35556479e-04  1.30462013e-02 -4.36097756e-02  3.41252387e-02
  2.13895738e-03 -1.25797745e-02  2.48611681e-02  2.16239914e-02
  9.15321037e-02  4.67112474e-02 -8.50555897e-02 -8.32672268e-02
 -1.08757757e-01 -3.61695848e-02  6.08382262e-02  3.01261265e-02
 -1.13389328e-01 -7.11361021e-02  6.98820408e-03  2.61770375e-02
 -8.42790678e-03  9.40896645e-02 -4.33876626e-02 -6.37860149e-02
  6.30620569e-02 -9.79099423e-02  3.20388563e-02 -2.17449944e-02
 -4.76477444e-02  2.36964207e-02  6.57113940e-02 -8.74686092e-02
 -8.41017440e-02 -6.28645672e-03 -2.94925291e-02 -6.41331077e-02
 -3.64639834e-02  4.90256287e-02  1.83063950e-02 -5.91725148e-02
 -6.26491457e-02 -4.26286161e-02 -5.15075168e-03  6.99954107e-02
 -7.97304437e-02 -2.62877758e-04  7.18903448e-03 -3.67780104e-02
  2.92796493e-02 -2.97836009e-02 -6.58818036e-02  7.37958848e-02
  1.34714181e-02 -3.68327722e-02  4.30319980e-02 -8.74249032e-04
 -7.09646419e-02  7.87078124e-03  2.25921776e-02 -4.31898665e-33
  8.64696354e-02  2.54518539e-02 -1.17157586e-03  4.28158268e-02
 -8.55427119e-04  4.71088961e-02  7.80488364e-03 -4.50694747e-02
  2.29223482e-02  1.01333773e-02  3.29757482e-02 -4.11639512e-02
  1.88342594e-02  4.71704043e-02  1.57660898e-03  2.98917294e-02
 -4.11802046e-02 -2.30223313e-02 -7.09000453e-02  7.88098052e-02
 -3.75393033e-02 -3.30714025e-02  4.16127313e-03 -7.41752237e-02
  2.80364044e-02 -1.86320804e-02 -4.09330726e-02  6.70168549e-02
  7.25293010e-02  4.25665639e-02  1.45939700e-02 -2.41416432e-02
  1.73858870e-02 -3.83312032e-02  8.76295380e-03  3.13441940e-02
  1.14302449e-01 -6.63926676e-02 -3.08387559e-02 -2.97674518e-02
  9.97884050e-02 -7.93672055e-02 -7.03309700e-02  8.12027231e-02
  7.10879192e-02 -9.16325580e-03 -3.60825099e-02  2.07548384e-02
  3.73368338e-02 -2.85184346e-02  7.30663072e-03  4.61587915e-03
  3.68900262e-02 -2.05004383e-02  8.28333274e-02 -8.54720473e-02
 -5.13368733e-02 -2.98781265e-02 -7.01008737e-02 -5.89703675e-03
 -8.64391401e-02  2.62224651e-03  5.18812165e-02  3.29535156e-02
  3.61958034e-02  8.46305490e-02  2.96470076e-02  9.27131623e-02
  1.26863997e-02 -1.22162014e-01  2.65297312e-02  4.58173230e-02
 -6.39076084e-02 -8.70749541e-03 -1.00039942e-02 -1.64339077e-02
 -1.20306415e-02 -5.62431850e-02 -4.68064696e-02 -3.28875259e-02
 -1.18874172e-02 -6.09492362e-02  6.73629285e-04 -2.15994846e-02
 -4.50766794e-02  2.79702935e-02  4.59500821e-04 -7.38226473e-02
 -3.86668444e-02  6.28854856e-02 -2.65916623e-02 -4.66993153e-02
  1.03108061e-03 -3.81132737e-02 -1.62844863e-02 -3.73197366e-08
  3.50240581e-02  2.00704914e-02  3.91450785e-02 -3.96515876e-02
 -9.07788891e-03  1.33332266e-02 -6.99694157e-02  3.37481759e-02
  5.03072515e-02  1.09274410e-01 -3.76126096e-02  4.30446677e-03
  1.85430758e-02  1.23384092e-02  2.68378761e-02 -4.89096940e-02
 -1.81850772e-02  4.33184281e-02 -1.50560606e-02 -6.70691580e-02
 -3.05077285e-02  2.14338768e-02 -3.71182784e-02 -1.97617076e-02
  4.92539443e-02 -9.75983683e-03  7.56888315e-02 -6.55676946e-02
 -4.46626283e-02 -5.57740480e-02 -1.94819421e-02 -9.02604312e-02
  8.62243176e-02  9.89604816e-02  6.49723411e-02 -9.01909024e-02
  4.92440239e-02 -7.23656267e-02  6.35214075e-02 -8.48471895e-02
  6.58063963e-02  1.10312533e-02 -5.25634689e-03 -5.83098503e-03
  5.37236733e-03 -2.03428697e-02  4.41332906e-02 -6.18860051e-02
  2.20998023e-02 -1.22788390e-02 -2.65502464e-02  9.78897139e-02
 -1.74629167e-02 -5.17744496e-02 -6.90137222e-02  2.05075610e-02
 -4.60690260e-03  5.49691916e-02 -1.40267785e-03  2.33718567e-02
 -9.59657803e-02 -8.33560750e-02  6.45849109e-02 -3.65456492e-02]"
What are the early symptoms of HIV infection?,"Early symptoms of HIV infection are often referred to as primary or acute HIV infection. The most common symptoms are similar to a flu-like illness within 2-4 weeks after the virus enters the body. These symptoms can include fever, swollen glands, sore throat, rash, muscle and joint aches and pains, and headache.","Early symptoms of HIV include fever, swollen glands, sore throat, rash, muscle aches, and headaches, resembling flu-like symptoms.","What are the early symptoms of HIV infection? Early symptoms of HIV infection are often referred to as primary or acute HIV infection. The most common symptoms are similar to a flu-like illness within 2-4 weeks after the virus enters the body. These symptoms can include fever, swollen glands, sore throat, rash, muscle and joint aches and pains, and headache.","[-2.54155584e-02  6.82045612e-03  2.45521795e-02  3.18246968e-02
  7.18800128e-02 -5.52673731e-03 -1.43676838e-02  5.86042553e-02
  7.12013319e-02  4.11964469e-02 -4.39950414e-02 -1.08060418e-02
  3.78801487e-02  3.14465947e-02  2.29658596e-02 -1.48806926e-02
 -3.54939169e-04  2.54044551e-02  3.14990692e-02  5.38667068e-02
  1.30514591e-03 -1.53947370e-02 -3.15949135e-02 -6.69676438e-02
 -3.74245755e-02  8.76154900e-02  4.73887958e-02  4.68298048e-02
  4.18932689e-03  3.00713070e-02 -1.22734033e-01 -3.28421108e-02
  4.01616246e-02  3.51265781e-02 -4.34304811e-02  7.20378757e-02
 -2.51917206e-02 -2.38223039e-02  2.94650681e-02 -2.89901961e-02
  3.37043330e-02  5.41460216e-02 -2.19964925e-02  4.61761840e-03
  3.33361216e-02 -4.91081795e-04  2.96579190e-02  1.13163821e-01
 -1.19197892e-03 -7.54070878e-02  5.46596572e-02 -1.06154243e-02
 -5.24440454e-03 -2.81703435e-02 -9.20943245e-02  4.44130227e-02
 -7.47272372e-02 -7.59725794e-02 -2.95370314e-02  6.91132396e-02
 -5.17018372e-03  5.90531491e-02  6.09808862e-02 -2.44456120e-02
 -5.27554043e-02  3.26236449e-02  1.89111885e-02  9.08313915e-02
  3.70604806e-02  8.95215198e-02 -7.39788935e-02  5.62091637e-03
 -1.70150757e-01 -2.74320394e-02 -3.86828929e-02 -3.90166417e-02
  2.22150283e-03  3.29545932e-03  1.43137285e-02  2.48023327e-02
  1.48223732e-02  1.05992228e-01  1.27776162e-04  5.00783045e-03
 -3.62146273e-02  4.42860052e-02  5.83939776e-02  7.58440942e-02
 -4.03196551e-02 -3.30985896e-02 -4.25532786e-03 -7.19912859e-05
 -3.88549827e-02  4.01266366e-02  8.75466783e-03  2.99449805e-02
 -3.49301659e-02 -1.11440737e-02 -4.78069372e-02  2.31368579e-02
 -2.52197981e-02 -8.56151357e-02  5.48972860e-02  1.76010001e-02
  6.43164590e-02  9.18939784e-02  7.01002078e-04 -5.28351963e-02
 -8.05687681e-02 -1.68568194e-02 -1.64106078e-02  1.95650104e-02
 -2.74267863e-03 -1.19403891e-01  3.99584919e-02  1.31967776e-02
 -2.98552103e-02 -1.71326511e-02 -2.93110497e-02 -1.28526026e-02
  5.01903929e-02 -1.04915716e-01  4.53803688e-02 -7.45129138e-02
  2.21255589e-02 -2.30961889e-02  3.60951051e-02 -2.83632479e-33
 -9.22637526e-03 -2.15102471e-02  2.01523155e-02 -1.25572504e-03
 -1.87542010e-02  5.78382313e-02  1.16475493e-01  4.82955240e-02
  1.26840714e-02 -1.38607365e-03  3.14994827e-02 -1.87248439e-02
 -1.87141390e-03  7.58795366e-02 -9.66112167e-02 -2.37010308e-02
  1.49836307e-02  4.38173488e-03 -2.45253276e-02  5.26349470e-02
 -2.04095133e-02 -6.63562566e-02  7.81591386e-02  5.08172326e-02
  2.94206925e-02 -2.95668002e-02 -7.69406334e-02 -4.32611722e-03
 -4.10706829e-03 -4.69486192e-02  2.55750287e-02  1.11326277e-01
 -2.59072371e-02 -9.70641375e-02 -7.17350617e-02  7.29256868e-02
  8.50993246e-02  6.76963776e-02  3.84596214e-02 -5.19952327e-02
  1.11562386e-01  2.13260036e-02 -7.58400094e-03  1.55283781e-02
  1.44638843e-03  6.72010630e-02 -9.93256196e-02 -2.50869896e-03
  7.45730847e-02 -4.64454666e-02  6.86690882e-02  2.24870723e-02
 -8.98017362e-03 -3.71739343e-02 -4.29407097e-02  8.28668401e-02
  3.72088216e-02  5.06286398e-02 -5.54263629e-02 -2.35098172e-02
 -1.36365334e-03 -3.45485322e-02  2.44007260e-02 -5.08573949e-02
 -4.87077348e-02 -2.43662540e-02 -1.54220322e-02 -5.93239032e-02
 -7.08785327e-03  2.65822802e-02  2.95950212e-02 -1.84415244e-02
 -4.30643484e-02  1.58510674e-02  3.76123264e-02  6.83107451e-02
 -9.29611251e-02 -9.18363482e-02  1.38119739e-02  2.27277949e-02
 -5.70555627e-02 -2.98128426e-02  8.88572410e-02 -1.35444070e-03
 -6.95190877e-02 -4.66664135e-02  3.15229520e-02 -1.52378287e-02
 -5.34616522e-02 -3.73070501e-02 -1.00341085e-02  4.42704819e-02
 -1.12943780e-02  6.77114576e-02  1.00771058e-02 -6.61903099e-34
  8.99459124e-02  7.19535258e-03  2.23927535e-02 -1.76151632e-03
 -4.06160206e-02  7.34772757e-02  5.48136421e-02  8.38132799e-02
 -6.86823651e-02  8.60022940e-03  7.28192329e-02 -4.68613058e-02
 -9.69006196e-02  8.40452909e-02  3.25431116e-02  7.72847459e-02
  5.49815334e-02  7.20801810e-03  1.15563348e-01  9.07491222e-02
 -1.65497810e-02 -9.51762078e-04 -6.95042387e-02 -3.24534588e-02
  6.83760867e-02 -5.86268380e-02  5.31840622e-02 -1.52357770e-02
 -3.89394015e-02 -5.80992438e-02  1.26016075e-02  4.52647209e-02
  1.00273989e-01  2.83378344e-02  7.50712585e-03  5.41386195e-02
  1.68626476e-02 -5.89941442e-02  1.80830304e-02 -2.86678318e-02
  8.84024650e-02 -8.41394961e-02 -4.39365655e-02  6.33782614e-03
 -2.61627492e-02 -4.45544682e-02  2.24567093e-02  3.22145447e-02
  7.44530139e-03  5.52471578e-02  5.71728721e-02 -7.55465310e-03
  4.90859449e-02 -1.87223945e-02  4.51548956e-02 -2.62682140e-02
 -5.71172833e-02 -2.18632184e-02 -8.74883204e-04  1.98887475e-03
 -8.10002089e-02 -5.24316430e-02 -1.98359392e-03 -3.96005437e-02
  2.65184208e-03 -2.23223818e-03 -3.04721519e-02 -4.73912619e-02
  5.74058965e-02 -9.54760760e-02 -8.08026120e-02 -1.94810145e-02
 -8.45731646e-02 -9.88051593e-02 -4.47786748e-02 -6.87455460e-02
 -9.79183689e-02 -4.68129367e-02 -6.15516771e-03 -3.90429869e-02
 -5.45444526e-02  8.27444834e-04  1.67277046e-02 -2.75278911e-02
 -7.49391839e-02  2.49077752e-03  2.21748482e-02 -9.34913084e-02
  2.47902703e-02  7.76644126e-02 -2.48380024e-02  1.69493873e-02
 -3.68151478e-02 -2.99785007e-02 -9.57120880e-02 -3.13353503e-08
 -4.28687409e-02  2.73705926e-02  3.94040607e-02 -1.36821326e-02
  5.45666963e-02  5.63831739e-02 -5.97817264e-02 -4.32704389e-03
  3.28815505e-02 -1.50882332e-02  2.35064477e-02 -2.75291293e-03
  1.88304652e-02  2.96368636e-02  1.02311876e-02  3.05479225e-02
 -7.81117156e-02 -4.26737070e-02  1.33107463e-03 -9.60200205e-02
 -2.73914859e-02  1.22159831e-01 -8.38693976e-02 -6.42539859e-02
  6.37469441e-02  1.72766261e-02 -6.04032129e-02 -4.14330848e-02
  1.40733889e-03  1.65779795e-02  5.02660498e-03  1.57976076e-02
  3.29379290e-02  2.32438520e-02  4.42358218e-02 -1.39230518e-02
 -1.25960656e-03 -4.95122559e-02  3.05446293e-02 -1.36882737e-01
  5.39782867e-02 -2.04958078e-02 -2.38323119e-02 -7.97916502e-02
 -1.77394059e-02 -7.12721795e-02  9.45442729e-03 -2.19254196e-02
  7.91601166e-02 -9.77355242e-02 -1.11072613e-02  5.80505207e-02
 -7.32029900e-02  2.18905155e-02 -1.33157307e-02  4.00289847e-03
 -7.15411678e-02  8.55327100e-02  5.29835634e-02 -5.22979051e-02
 -7.27125108e-02 -7.96312541e-02 -1.82127655e-02  6.03686227e-03]"
How can HIV/AIDS be prevented?,"Prevention of HIV/AIDS involves strategies to avoid the virus transmission. Key methods include using condoms during sex, not sharing needles or syringes, taking pre-exposure prophylaxis (PrEP) if at high risk, and for HIV-positive individuals, maintaining an undetectable viral load with antiretroviral therapy (ART) which greatly reduces the chance of transmission.","Preventing HIV/AIDS involves using condoms, not sharing needles, taking PrEP if at high risk, and for HIV-positive individuals, adhering to ART to maintain an undetectable viral load","How can HIV/AIDS be prevented? Prevention of HIV/AIDS involves strategies to avoid the virus transmission. Key methods include using condoms during sex, not sharing needles or syringes, taking pre-exposure prophylaxis (PrEP) if at high risk, and for HIV-positive individuals, maintaining an undetectable viral load with antiretroviral therapy (ART) which greatly reduces the chance of transmission.","[-6.74141943e-02  1.31752551e-01  4.26156521e-02 -3.93024180e-03
 -4.64477902e-03  1.29796475e-01 -1.63691093e-05  2.14466918e-03
  2.46234890e-02  4.89085540e-02  3.01075587e-03  7.54606426e-02
  2.14887783e-02 -1.06941340e-02 -7.68927708e-02 -2.19760183e-02
 -3.14960000e-03  4.79948372e-02 -2.23653577e-03  2.18267646e-03
  6.44218251e-02 -1.79822836e-02  5.15679717e-02 -3.72002125e-02
 -1.05508052e-01 -7.05752894e-03 -1.50915673e-02  4.20973897e-02
  7.18030259e-02  2.98729949e-02  7.88660720e-03 -7.48307407e-02
 -3.97198014e-02  4.12138877e-03 -1.83064088e-01  2.12942399e-02
 -6.37476444e-02  1.55727156e-02  5.31019010e-02  1.31210044e-03
  1.77246258e-02 -3.24632078e-02 -9.99282151e-02 -1.09306872e-02
  7.01685390e-03 -1.12707689e-02 -5.91643713e-03  4.26974036e-02
 -3.95880453e-02 -7.73147494e-02  1.41941411e-02  2.40097139e-02
 -5.06977700e-02  1.19126923e-02  2.06406564e-02 -8.23340639e-02
 -3.52867804e-02 -9.24566120e-04 -2.91884113e-02 -3.90510634e-02
  1.18296286e-02  5.00336587e-02 -2.79766712e-02 -1.03272032e-02
 -7.85661638e-02  8.41007084e-02 -4.82538380e-02  1.80674762e-01
  8.84451568e-02  1.13726676e-01  1.21709788e-02  2.64288916e-04
 -8.17634463e-02  4.87642437e-02  6.36452585e-02  1.35372300e-02
 -2.77437810e-02 -4.96220700e-02  2.79434919e-02  2.68295296e-02
  1.33213336e-02  1.51822111e-02  1.16026431e-01  5.88781051e-02
 -1.53382653e-02  6.52163401e-02  4.30137478e-02 -4.33597565e-02
  2.59477068e-02 -8.71956274e-02 -5.59030138e-02  1.85775235e-02
 -8.88139475e-03 -1.66279506e-02  1.80869922e-02 -3.12092993e-02
 -3.32075208e-02 -4.06779982e-02 -1.99435502e-02  3.06361113e-02
  6.70268610e-02 -5.84561080e-02  3.34471203e-02 -5.78562496e-03
 -2.54659727e-02 -4.67976891e-02  2.38282364e-02 -3.98826301e-02
 -5.65948300e-02  4.07691449e-02 -1.86275709e-02  4.73388098e-02
  6.26916159e-03  2.33276319e-02 -2.57643894e-03  7.97843561e-03
 -8.69979616e-03  2.01112460e-02  4.00175154e-02 -3.37463953e-02
  5.48395589e-02 -2.27441601e-02  9.86934230e-02 -4.31928337e-02
  4.01166826e-02 -1.03273362e-01  6.42782301e-02  1.92543734e-33
 -5.31620208e-05 -3.78667489e-02  4.18619849e-02  1.75421555e-02
 -5.73136657e-02  5.50598986e-02  3.68905021e-03 -1.93609037e-02
  3.66477482e-02  5.13000786e-02  4.02292162e-02 -2.19969731e-02
  1.64283440e-03  8.23214576e-02  4.44028340e-02 -4.76109684e-02
  1.43088093e-02 -2.56122351e-02 -8.78531020e-03  5.58468811e-02
  4.98381928e-02 -1.00560546e-01  5.71165197e-02  1.58842392e-02
  3.20534222e-03  2.81852524e-04 -7.31037259e-02 -3.19826864e-02
  9.47348773e-02  1.64750833e-02 -1.71869267e-02  1.46461412e-01
 -4.65470162e-04 -7.87620842e-02 -2.40088627e-02  3.36923450e-02
 -6.50069863e-02 -3.09488866e-02 -4.05849293e-02 -2.02179258e-03
 -3.71973589e-03 -1.39736454e-03  4.46448289e-02  2.55125258e-02
  1.04333036e-01  4.90222052e-02 -5.02515845e-02 -6.28555343e-02
 -7.33095035e-02 -4.85002343e-03  4.83127721e-02  2.73870323e-02
 -7.49608874e-02 -2.75215469e-02 -7.85718933e-02 -3.37109156e-02
 -3.75693813e-02 -7.45773735e-03 -5.98472357e-02 -2.93381754e-02
  1.75850447e-02 -1.30658448e-01  5.12163416e-02  2.43614428e-02
 -5.54095134e-02 -2.41484717e-02  1.83779225e-02 -1.42002091e-01
 -4.26476970e-02 -4.57454193e-03 -8.35022926e-02 -6.21808283e-02
 -2.51151659e-02 -4.38660420e-02 -4.07825746e-02 -5.15357591e-02
 -6.59054518e-02  3.46498867e-03  8.83950368e-02 -3.32069088e-04
 -1.14142455e-01 -6.44787494e-03  5.64537793e-02 -8.56733024e-02
  2.76705846e-02 -4.50416282e-02  7.19850650e-03  8.83608982e-02
  9.29731317e-03 -5.99689819e-02  5.01820110e-02  3.05650514e-02
  6.57799467e-03  9.15147830e-03  3.35009694e-02 -4.19006908e-33
  7.13791773e-02  4.74100262e-02  2.95990277e-02 -4.35300209e-02
 -4.78773378e-02  6.24533445e-02  4.29985933e-02 -6.66289330e-02
  4.62319190e-03 -1.10135386e-02  2.26522721e-02 -3.54907587e-02
  6.19446412e-02  4.61196154e-02  4.42393636e-03  2.78369989e-02
  1.81425251e-02  3.63182053e-02 -6.17616028e-02  2.25667357e-02
 -3.95504832e-02  6.59208931e-03  2.02905815e-02 -3.36326472e-02
  1.39299640e-02 -3.25423814e-02 -8.59405175e-02  6.57212362e-02
  2.99168881e-02  3.53705771e-02 -2.19187681e-02  3.82979251e-02
  8.51547159e-03 -4.41656262e-02 -4.73266058e-02  4.27088104e-02
  7.08195940e-02  1.03249233e-02 -2.91281920e-02  6.20032335e-03
  1.10419050e-01 -4.48767133e-02 -6.59838542e-02  7.68123707e-03
  1.90877647e-03  5.80792921e-03 -1.84115618e-02  4.71049137e-02
 -3.17915715e-02  2.65729241e-02  3.33415680e-02 -1.27959913e-02
  1.91848781e-02 -7.97097087e-02  3.93328927e-02 -7.83592239e-02
 -2.03033350e-02 -2.15901639e-02 -4.04087827e-02  8.32019374e-02
 -2.70802453e-02 -1.28016323e-02  1.27622737e-02  3.27896737e-02
  1.04695885e-03  9.51157790e-03  4.10142634e-03  1.26103431e-01
  5.77083789e-02 -7.50519335e-02 -1.68299153e-02  5.44177219e-02
  1.85348075e-02 -8.58112127e-02 -2.61301808e-02 -4.65738289e-02
 -6.22633323e-02 -4.97988388e-02  5.44055947e-04 -4.18310687e-02
 -4.97237081e-03 -4.78065461e-02 -1.51411695e-02  3.21146324e-02
 -6.08984455e-02  5.21138348e-02  2.07529217e-02 -1.33041680e-01
 -3.49758565e-02  5.94015606e-02 -8.32019821e-02 -9.86517966e-03
  2.01075361e-03 -8.35571997e-03 -1.88627187e-02 -3.70271422e-08
  1.98487714e-02 -1.63636543e-02  2.11220458e-02 -9.47918184e-03
 -2.59480290e-02  2.23695729e-02 -6.45518452e-02  1.90809034e-02
  5.56680560e-02  6.70779347e-02  1.00032073e-02  4.05911580e-02
  6.55155033e-02 -8.55549052e-03  3.56470048e-02 -9.14840680e-03
 -3.70376930e-02  4.87158708e-02 -6.43004403e-02 -1.15334772e-01
 -8.63345049e-04 -5.53064654e-03 -8.06020275e-02 -2.00357307e-02
  7.05615580e-02  1.03489803e-02  1.11334398e-01 -6.65084124e-02
  3.41765955e-02  6.29866496e-03 -1.94098912e-02 -8.29181448e-02
  1.48000270e-02  1.09466113e-01 -1.56291071e-02  3.95814218e-02
  7.31038898e-02 -1.49953291e-02  8.04644749e-02 -4.95447628e-02
  7.31886104e-02 -7.30837807e-02 -1.09526766e-02  4.49608918e-03
  8.28121416e-03  6.07326590e-02  2.20578182e-02  4.59712651e-03
 -8.66662711e-03  7.57085606e-02 -4.10864875e-02  6.86928481e-02
  8.70160665e-03  8.98649637e-03 -4.53813076e-02 -5.48209026e-02
 -1.09140743e-02  4.84295301e-02  5.05582131e-02  4.21878472e-02
 -9.39267501e-02 -4.32589985e-02  6.43582940e-02  3.17446678e-03]"
What is the impact of HIV/AIDS on life expectancy?,"With the advent of antiretroviral therapy, people with HIV/AIDS can now expect to live much longer lives. The effectiveness of these treatments means that many can have a life expectancy close to that of the general population, especially when treatment is started early and followed consistently.","Antiretroviral therapy has significantly increased the life expectancy of people with HIV/AIDS, often to levels near that of the general population, particularly with early and consistent treatment.","What is the impact of HIV/AIDS on life expectancy? With the advent of antiretroviral therapy, people with HIV/AIDS can now expect to live much longer lives. The effectiveness of these treatments means that many can have a life expectancy close to that of the general population, especially when treatment is started early and followed consistently.","[-3.16673853e-02  7.26625174e-02  2.78040934e-02  3.71880531e-02
  5.12684919e-02  7.18582720e-02 -4.01048362e-02  8.58932883e-02
  4.67755310e-02  4.09473740e-02  3.00697573e-02  9.82367396e-02
  2.66787913e-02 -3.90137397e-02 -1.86453294e-02  6.34003337e-03
 -9.64889973e-02  1.18072852e-02 -4.73825671e-02  6.83122650e-02
  9.99079645e-03 -4.95522097e-02  6.89304546e-02  2.18899222e-03
 -1.14146195e-01  1.52168432e-02 -6.51597232e-02  1.16859488e-02
  3.21315452e-02  9.54175666e-02 -1.01760561e-02  3.22402902e-02
  1.14336051e-01 -7.52522331e-03 -1.65638849e-01 -2.07784325e-02
 -3.94729488e-02 -4.33856016e-03 -2.90779136e-02 -2.94808708e-02
  2.53689568e-02 -3.15298326e-02 -4.68401089e-02  2.06109136e-02
 -1.19755249e-02 -1.35120422e-01 -1.17052486e-02 -4.01581563e-02
 -9.10183042e-02 -3.26344445e-02 -3.86656709e-02 -4.21073399e-02
 -8.98271892e-03 -4.22531851e-02 -7.51853082e-03 -4.77191471e-02
 -8.23878795e-02  1.03366259e-03 -1.98790058e-02  1.93712078e-02
  3.92358713e-02  5.17797843e-02  4.42250036e-02 -1.37263974e-02
 -7.93036167e-03 -5.49858324e-02  3.22955661e-02  7.10862651e-02
 -2.70630065e-02  6.82924166e-02 -8.69712755e-02 -6.22962322e-03
 -1.64593026e-01  5.37329614e-02  7.30442163e-03 -2.66968254e-02
 -5.95693551e-02  2.13196333e-02 -1.75555272e-03 -4.90462743e-02
  9.88641158e-02  1.75596382e-02  1.71020720e-02  6.34216983e-03
 -5.91457412e-02  1.67187527e-02 -5.92778018e-03  1.60437077e-02
 -1.93560552e-02 -4.79821302e-02  3.74801233e-02  4.79543805e-02
 -2.39588115e-02  8.22668243e-03  2.45911907e-02  1.82359330e-02
 -8.23544487e-02 -8.61172099e-03 -3.97831276e-02 -9.63122491e-03
 -8.05323124e-02 -1.05297387e-01 -3.41287181e-02 -2.43769791e-02
  1.53583440e-03  6.18575402e-02 -1.83714554e-02 -4.67642210e-02
 -4.19675186e-02  2.28734091e-02 -2.79373936e-02 -1.51873147e-02
 -2.18499117e-02  1.43739264e-02  3.12174205e-02  7.78597780e-03
 -4.66687642e-02 -1.73874036e-03  3.59662548e-02  1.02897082e-02
  8.46754909e-02 -6.69989213e-02  4.63846736e-02  1.35591123e-02
 -4.71220817e-03 -6.54000789e-03  1.13140836e-01 -1.03231317e-33
 -8.64342786e-03 -1.23630255e-01 -4.41853749e-03  3.64592634e-02
  2.87715322e-03 -8.79268628e-03  3.34647968e-02 -4.07402316e-04
  3.80287468e-02 -3.54571939e-02  4.07279208e-02 -2.76105385e-02
  5.38059063e-02  4.58319709e-02 -2.52676196e-02  2.62260307e-02
  1.06977597e-02  3.76080573e-02 -3.02351750e-02  3.79877910e-02
  2.92969998e-02 -7.30820149e-02  3.64345461e-02  2.63124891e-02
  3.43717150e-02  1.16174752e-02  1.92121211e-02  3.45647559e-02
 -4.27484363e-02 -6.74499646e-02  7.02261403e-02  1.19324699e-01
 -2.72162724e-02 -1.43586695e-01 -3.35732773e-02  4.09867018e-02
  2.10013371e-02  7.36625046e-02 -5.43855689e-02  5.30964099e-02
  6.69437461e-03 -2.00050995e-02  6.10540695e-02  6.34933561e-02
  2.39485186e-02  3.12236790e-02  2.90437117e-02 -4.37614881e-02
 -4.43285564e-03 -2.92284638e-02  3.62786986e-02 -1.08425524e-02
 -1.43987775e-01  5.25382832e-02 -5.51900156e-02  1.63206793e-02
 -6.26171976e-02  6.12099990e-02 -6.59671128e-02  3.65481176e-03
 -1.97075382e-02 -1.06145218e-01  6.69795424e-02 -1.09528601e-02
  1.35296267e-02  8.32533091e-02  4.37288955e-02 -5.40336929e-02
 -5.45178950e-02  5.53250648e-02  3.47668101e-05 -8.23516548e-02
 -9.05277506e-02  2.64961482e-03  1.66405216e-02  1.79949533e-02
 -9.15989429e-02 -5.50363138e-02  5.29482439e-02  7.89203346e-02
  1.44798392e-02 -1.78381093e-02 -2.37185080e-02 -6.61632717e-02
  7.04143122e-02  9.11676046e-03 -1.65322442e-02 -9.75237638e-02
  6.04023114e-02 -4.28979658e-02  7.87027329e-02 -1.88086051e-02
 -4.59030159e-02  5.98148257e-02  5.80883399e-02 -4.15760487e-33
  2.03193761e-02  5.30087277e-02 -3.30253947e-03  2.48219166e-03
  2.18944103e-02  4.39791866e-02 -1.66091081e-02  3.27532627e-02
  1.19917430e-02 -3.11388802e-02  2.94517316e-02  1.78887155e-02
  6.63226321e-02  1.09787792e-01  1.25165777e-02 -6.11987337e-03
 -5.82478894e-03 -6.57452121e-02  3.19475634e-03  4.07014713e-02
 -1.21867843e-02 -4.29956056e-02 -8.92764404e-02 -2.29697376e-02
 -8.06743000e-03 -2.05112831e-03 -5.84667549e-02  2.79900525e-02
  3.22078206e-02 -4.16285917e-02 -1.66032072e-02 -3.53032956e-03
 -2.38537951e-03 -5.81620960e-03  4.45525162e-02  3.55039276e-02
  8.41069072e-02 -8.16774182e-03 -4.75599943e-03 -1.21842004e-01
  1.03058875e-01 -4.17345613e-02  4.03709756e-03 -5.00871874e-02
  4.26540487e-02 -7.67869933e-04  3.04047670e-03  4.35008630e-02
  6.14655986e-02  1.37233092e-02  5.21966219e-02  3.16428877e-02
  1.28891075e-03  6.08967431e-03  5.77783547e-02 -9.37758014e-02
 -2.67534759e-02 -3.37000564e-02 -2.92367637e-02  3.69899627e-03
 -5.79156168e-02  6.66770265e-02  2.40494516e-02  7.35568032e-02
 -9.37080570e-03  1.06804771e-02  8.98784399e-03 -4.72602755e-04
  1.68212019e-02 -1.34388626e-01  5.53672314e-02 -6.28117174e-02
 -9.11345556e-02 -5.38837835e-02 -7.56230801e-02  2.27892641e-02
 -9.83757083e-04 -2.00926531e-02 -6.86102733e-02  6.00203760e-02
 -1.04572028e-02 -5.89087307e-02 -2.70976103e-03 -3.43498699e-02
 -8.40143859e-02 -8.70571751e-03  1.30036240e-02 -6.47275522e-02
  3.79864080e-03  1.19190358e-01 -5.39887436e-02 -3.08001637e-02
 -8.65259245e-02 -7.48108178e-02 -5.39056100e-02 -3.60863055e-08
  4.77816276e-02  8.78699571e-02  2.05881093e-02 -1.96888931e-02
  7.89885316e-03 -9.55360197e-03 -2.21090280e-02  6.01141155e-02
  3.70706134e-02  1.05118670e-01 -1.03360387e-02  1.07262768e-02
  1.05188288e-01  3.62298377e-02  1.65003128e-02  2.30456125e-02
 -8.65111351e-02 -1.44570367e-02  7.68701872e-03 -1.15857236e-02
 -2.93738917e-02 -2.07771789e-02  1.31842382e-02 -6.41591176e-02
 -4.61031422e-02 -1.95180066e-02  5.72733469e-02  2.40165391e-03
 -4.24535237e-02 -9.09976736e-02 -2.95482539e-02 -3.11383810e-02
  6.38996810e-02  1.01067960e-01  6.42962903e-02 -6.53612465e-02
  2.59830635e-02 -5.80596626e-02  5.12906723e-02 -8.58028419e-03
  2.44100410e-02 -4.02623974e-02 -2.36154106e-02 -3.30050588e-02
  6.40699491e-02 -4.56097946e-02 -7.24409358e-04 -1.18772965e-03
 -4.80587110e-02 -5.35973087e-02  3.58513892e-02  5.56682833e-02
 -4.19706926e-02 -3.75806168e-02  9.28206835e-03  4.29385230e-02
  1.59504917e-02  8.90914947e-02  4.06481475e-02 -3.06064822e-02
 -4.35336381e-02 -9.94895697e-02  4.06686366e-02 -2.31174696e-02]"
Can pregnant women with HIV transmit the virus to their baby?,"HIV can be transmitted from an HIV-positive mother to her child during pregnancy, childbirth, or breastfeeding. However, the risk of transmission can be significantly reduced by the mother taking ART during pregnancy and childbirth, and by avoiding breastfeeding.","HIV-positive pregnant women can transmit the virus to their baby, but this risk is greatly reduced if the mother takes ART and avoids breastfeeding.","Can pregnant women with HIV transmit the virus to their baby? HIV can be transmitted from an HIV-positive mother to her child during pregnancy, childbirth, or breastfeeding. However, the risk of transmission can be significantly reduced by the mother taking ART during pregnancy and childbirth, and by avoiding breastfeeding.","[-2.99270973e-02  5.18641621e-02 -4.23713997e-02  4.18405719e-02
  6.66069016e-02  5.74335493e-02  4.23646830e-02  3.08380760e-02
  1.17428796e-02  7.55942687e-02  8.37521534e-03  1.79954134e-02
  3.51699032e-02 -3.70028801e-02 -8.52102356e-04  2.10088473e-02
  4.88824472e-02  6.07821159e-02  6.02266937e-02  4.13302518e-02
  3.23525108e-02 -3.57759483e-02  5.16486913e-02 -4.56568822e-02
  5.62688988e-03  3.79233211e-02 -4.85827401e-02  3.33923660e-02
  6.00504056e-02  6.63300604e-02 -1.01579778e-01 -5.10715693e-02
 -3.50700244e-02 -1.51848402e-02 -1.60986602e-01  3.33264470e-02
 -5.29737286e-02  7.00470060e-03  8.11318830e-02  1.89367756e-02
  3.40565518e-02  2.25297138e-02 -3.22506242e-02  5.95658831e-03
  2.41448870e-03  8.11104401e-05  2.66371500e-02  5.61754368e-02
 -1.06804922e-01 -7.76439384e-02 -1.97514445e-02 -1.80031732e-02
 -5.73467128e-02  3.66052315e-02 -5.00125363e-02 -3.86554375e-02
 -4.07900959e-02 -6.95406348e-02  4.68649872e-04  3.94287007e-03
  3.94152850e-02  7.92748630e-02  3.34982090e-02 -2.67535895e-02
  7.18136830e-03  5.16486634e-03 -2.42905831e-03  1.30711451e-01
  3.50086018e-02 -2.45069768e-02  3.59266698e-02  2.62832306e-02
 -7.21384436e-02  8.00480768e-02  7.88548589e-02  3.73465940e-02
 -2.06516478e-02  2.47138534e-02 -3.50894732e-03  1.84946842e-02
 -1.65868346e-02  1.54364891e-02  3.35304961e-02  1.01150824e-02
 -5.20170219e-02  8.05883110e-02  3.43951806e-02 -1.56644005e-02
 -1.04825199e-02 -7.35252202e-02 -8.23474210e-03 -1.97857823e-02
  3.06224520e-03  5.38047496e-03 -3.62081379e-02 -1.07914075e-01
 -3.44933122e-02 -3.22125666e-02  7.62731163e-03 -2.34427191e-02
 -5.51638342e-02  2.86553986e-03 -1.42395096e-02  1.78155601e-02
 -1.59162115e-02  4.48600985e-02 -6.87318295e-02 -7.74244443e-02
 -9.05005410e-02  7.24895746e-02 -7.11361021e-02  3.09963990e-02
 -3.04152514e-03 -3.03184837e-02  1.60128698e-02 -5.28797740e-03
 -6.52207658e-02 -3.58022489e-02 -1.76814222e-03 -1.45629775e-02
  7.78278429e-03 -1.40176257e-02  2.50660609e-02 -3.32612209e-02
  2.59155650e-02 -1.71231076e-01  5.73240593e-02 -7.49311573e-34
 -9.90380533e-03 -4.20049950e-02  1.09133847e-01  5.67374863e-02
  3.77975143e-02  2.03901082e-01  2.30614785e-02 -3.32273059e-02
  9.11766589e-02 -3.31597775e-02 -5.53992167e-02 -8.37726668e-02
  6.35218695e-02  2.07836702e-02  2.83258650e-02  3.60580161e-02
 -6.21863510e-05 -2.65877917e-02 -5.53909801e-02  1.61344051e-01
  7.17195272e-02 -6.86698407e-02  3.03921686e-03 -2.82161310e-02
  4.80904318e-02 -8.11634772e-03 -5.96515834e-02 -7.44746206e-03
  1.33588919e-02 -3.01740170e-02 -6.40354082e-02  4.05744724e-02
 -1.79503411e-02 -1.13747314e-01 -3.56379412e-02  4.48768400e-02
  9.92183015e-03  3.39098424e-02 -2.57453341e-02  4.98446040e-02
 -3.33332382e-02 -4.72768620e-02  7.18256906e-02 -1.77130885e-02
  1.41090183e-02  2.41806675e-02 -2.93932874e-02 -1.05527163e-01
 -6.45652339e-02 -4.56164591e-02  3.12547609e-02 -7.64521062e-02
 -9.74546000e-02 -7.57163204e-03 -2.21885275e-02  3.43313143e-02
 -1.33565906e-02  8.40810835e-02 -2.29701921e-02 -3.82104293e-02
 -6.41877055e-02 -1.12818606e-01  5.47020771e-02 -7.56815895e-02
 -2.73027476e-02 -6.28391057e-02  2.39068419e-02  9.76580195e-03
 -2.12472547e-02  3.43362875e-02 -1.89014021e-02 -3.47163938e-02
 -7.57432431e-02 -4.89205085e-02  4.24951985e-02  1.16492910e-02
 -2.25696210e-02 -2.72691622e-02  9.84015539e-02 -1.02588744e-03
 -9.00844485e-02 -3.37271462e-03  1.30501211e-01 -4.79758717e-02
  1.02064842e-02  1.22299623e-02 -1.70705430e-02  1.86170153e-02
 -4.13996875e-02 -1.96815189e-03  2.92879641e-02  5.36019132e-02
 -9.41579114e-04 -1.76074747e-02  4.72539291e-02 -1.84806612e-33
  5.08005694e-02  7.64143914e-02 -1.44268684e-02 -2.20071059e-03
 -4.46399413e-02 -1.91229265e-02  1.14922240e-01  2.91475076e-02
 -2.98619643e-02  5.74717894e-02  2.88364906e-02 -6.73603490e-02
 -2.84183243e-05  4.29879278e-02  9.99321789e-03  3.03265452e-02
  4.71766815e-02  8.69593248e-02  5.97662618e-03  3.23305987e-02
 -6.69321865e-02 -4.25348654e-02  1.67908182e-03 -7.94023573e-02
  1.05699100e-01 -5.33181541e-02 -1.03387246e-02  1.13985501e-01
  8.82230047e-03 -2.46293563e-02  1.50457434e-02  4.35047932e-02
  5.54621592e-02  3.65561321e-02  1.81902926e-02 -1.03435013e-02
  3.08643077e-02  3.09019051e-02  4.30662697e-03 -2.34440751e-02
  9.75850075e-02 -3.95985432e-02  6.05529686e-03  7.46107921e-02
 -6.06067702e-02  1.50475064e-02  3.50971259e-02 -2.19205255e-03
  6.60859868e-02  5.30041903e-02  2.64963433e-02 -7.04886317e-02
 -3.03494893e-02 -1.19906506e-02  1.00994045e-02  2.96204351e-02
  5.41332103e-02  3.57210310e-03  4.78557050e-02  7.80793186e-03
 -5.36750108e-02  6.13044091e-02 -6.83175325e-02 -1.34899780e-01
  3.67111303e-02 -1.22377826e-02  1.16521856e-02  1.94711946e-02
  4.09390591e-02 -7.44708404e-02 -6.85810018e-03  4.69514206e-02
  3.80346887e-02 -5.92290647e-02 -6.40585423e-02 -5.66461608e-02
 -1.35487653e-02 -6.96445291e-04 -2.48860717e-02 -3.89698409e-02
 -3.03580202e-02 -3.90423946e-02  6.49055243e-02 -3.26090157e-02
  5.72274663e-02 -3.81421484e-02 -4.03532526e-03 -9.83268172e-02
 -3.53581458e-02  2.04327088e-02 -5.06984815e-02 -2.25590169e-02
  2.03864202e-02 -1.07717752e-01 -2.50045937e-02 -3.01820329e-08
  3.72438170e-02  3.06012798e-02  2.46346164e-02 -4.70558852e-02
  1.32976444e-02 -5.66463545e-03 -8.47367272e-02 -3.31220292e-02
  2.75567770e-02  2.95893401e-02 -6.43817559e-02 -1.25717456e-02
 -2.03943886e-02  4.90270406e-02  6.57871515e-02  2.62271389e-02
 -3.19107249e-02 -1.64820645e-02 -3.13903615e-02 -6.28429353e-02
  3.46288867e-02  1.07077975e-02 -6.78649056e-04  7.36959949e-02
  1.61699727e-02 -1.90678462e-02  9.35065839e-03 -4.25338335e-02
  5.31879887e-02 -3.91878448e-02 -2.19965260e-02 -1.70245208e-02
  8.20955858e-02  9.32972133e-02 -5.81535650e-03 -4.50546406e-02
  3.76150534e-02 -5.20812757e-02  1.14007955e-02 -1.04365081e-01
  8.43344703e-02 -2.91441251e-02  7.62598915e-03 -4.75269090e-03
 -1.50231994e-03 -7.54430071e-02 -5.62381465e-03 -5.45170624e-03
  7.94749986e-03  3.19166854e-02 -5.32749621e-03 -1.89738926e-02
 -5.95748052e-03 -5.87080792e-02 -6.00662874e-03  3.98875680e-03
 -1.70452353e-02 -7.91732594e-03  3.45035493e-02  5.74659891e-02
 -8.51042271e-02 -5.97572625e-02  1.65692851e-01 -1.90182533e-02]"
What is the difference between HIV and AIDS?,"HIV is a virus that may cause an infection, while AIDS is a condition or a syndrome. Being HIV-positive does not mean having AIDS. A person has AIDS when their immune system is severely weakened and they develop certain defining symptoms and illnesses. This is the last stage of HIV, when the infection is very advanced, and if left untreated, will lead to death.","HIV is the virus causing the infection, whereas AIDS is the advanced stage of HIV infection characterized by a severely weakened immune system and certain severe illnesses.","What is the difference between HIV and AIDS? HIV is a virus that may cause an infection, while AIDS is a condition or a syndrome. Being HIV-positive does not mean having AIDS. A person has AIDS when their immune system is severely weakened and they develop certain defining symptoms and illnesses. This is the last stage of HIV, when the infection is very advanced, and if left untreated, will lead to death.","[-6.13936819e-02  7.47223347e-02  1.39117576e-02 -4.38136421e-03
  4.36022738e-03  2.94745397e-02  3.70952226e-02  4.03854623e-02
  3.23678590e-02  1.27112931e-02 -1.55973155e-02  1.74749382e-02
  4.31852229e-02 -4.32294570e-02  5.82343712e-03 -9.93860662e-02
 -6.01944998e-02  1.56599134e-02 -4.17302512e-02  7.92472512e-02
  6.85954243e-02 -1.05948951e-02  3.48054878e-02 -5.31319007e-02
 -7.00605065e-02  7.02499673e-02  3.49920662e-03  3.14915217e-02
  7.79360607e-02  9.96619835e-02 -3.58695444e-03 -4.48811278e-02
  1.85015425e-02  1.11509981e-02 -1.13893628e-01 -1.68444328e-02
 -2.23962385e-02  8.11980665e-03 -2.67467201e-02 -2.14359146e-02
  2.33607274e-02 -2.17801351e-02 -4.06031832e-02  6.80761486e-02
  1.73311513e-02 -1.64525099e-02  3.34217120e-03  6.32123575e-02
 -4.57850955e-02 -7.22310841e-02  8.38983990e-03 -2.91219819e-02
 -3.75547074e-02 -1.35154240e-02 -4.55893911e-02  1.47453174e-02
 -4.26116548e-02  2.85669547e-02 -9.78641510e-02  1.78298391e-02
  5.30765168e-02  5.77680059e-02  3.51776555e-02 -1.53686935e-02
 -4.82847765e-02  1.94356479e-02 -7.33838752e-02  1.43541977e-01
 -4.91855852e-03  3.57631184e-02 -1.95537116e-02  4.83437777e-02
 -5.02109043e-02  6.09659031e-02 -1.39144212e-02 -8.27497616e-03
 -2.11352520e-02  6.56152889e-02 -2.71748472e-02  8.19682553e-02
  2.88168192e-02  3.55732776e-02  6.56898040e-03 -2.93341558e-02
 -8.28104094e-02  1.29811652e-02  8.81308969e-03 -7.33234978e-04
 -2.93721408e-02 -8.13017860e-02 -2.32402757e-02  7.84871504e-02
  3.41038394e-04  3.52208409e-03  2.96511445e-02 -2.50412766e-02
  1.55162551e-02  6.08602539e-02 -1.20496110e-03  1.95930358e-02
 -2.71620862e-02 -6.09594844e-02  1.12275900e-02 -8.02339427e-03
  2.89512295e-02  9.61281806e-02 -3.60056758e-02 -6.59326687e-02
 -5.89950681e-02 -5.68379834e-03 -2.63525359e-02  9.04882327e-05
  4.60837744e-02 -5.79258613e-02  7.51249343e-02  5.24340272e-02
 -1.07783131e-01 -6.42651040e-03  1.63677335e-02  1.93456188e-02
  6.00368828e-02 -7.09647611e-02  8.03087950e-02 -4.39358056e-02
  6.63656816e-02 -7.02650249e-02  9.03117433e-02 -3.10551097e-33
 -1.33759798e-02 -3.54192667e-02  1.05469879e-02  3.42347100e-02
  4.53092711e-04  6.46728575e-02  5.74638657e-02  4.04909402e-02
 -2.99360752e-02  1.12994492e-01  2.48452425e-02 -2.75631174e-02
  1.46455970e-02  1.12036623e-01  1.43239442e-02  5.01966998e-02
  6.26614168e-02 -4.47754115e-02 -3.68964821e-02  6.20627068e-02
  3.17940563e-02  8.89429706e-04  8.49865600e-02  3.96277271e-02
  4.26077321e-02 -4.21327837e-02 -2.70187575e-02 -1.91256050e-02
  7.69391470e-03 -6.91225380e-02  2.22621113e-02  1.31345987e-01
  8.73404182e-03 -1.28545552e-01 -5.15762046e-02  1.69311650e-02
  2.08793599e-02  2.90713403e-02 -2.05181986e-02 -8.11319575e-02
 -7.24385120e-03 -6.97020302e-03  1.17610665e-02  1.85446825e-03
  4.39585187e-02  2.79545560e-02 -4.27570865e-02 -9.28528756e-02
  2.60289423e-02 -1.27266468e-02  6.09033778e-02 -4.26029135e-03
 -5.31960577e-02  7.15912273e-03 -5.23715205e-02  1.54216029e-02
 -5.05953841e-03  1.33678854e-01 -1.12441681e-01 -7.27507193e-03
  1.56245548e-02 -7.16818124e-02  9.20995772e-02 -6.36275262e-02
 -3.53073739e-02 -6.94771530e-03  3.64032649e-02 -3.19766030e-02
 -3.00595183e-02  1.71370283e-02  1.61934420e-02 -1.00623503e-01
 -6.50685132e-02  2.28224285e-02  9.66598839e-02 -3.24242711e-02
 -8.35673586e-02 -5.30620180e-02  4.00634632e-02  2.27622092e-02
 -6.72229007e-02 -7.80755142e-03  1.50069278e-02 -1.23368554e-01
 -9.55817848e-02  1.72276422e-02 -1.43273305e-02  4.40490693e-02
  8.29747468e-02 -5.55473119e-02  6.16081245e-02  3.96842919e-02
 -6.44995198e-02  1.87866706e-02  6.04678839e-02 -2.06232862e-33
  5.75030260e-02  5.41678593e-02 -7.81838000e-02  5.45392185e-03
  4.71958658e-03  5.46934456e-02  6.15197793e-02 -1.89471766e-02
  4.55426006e-03  9.81866731e-04 -1.87783351e-03 -4.32546958e-02
 -5.01290634e-02  5.03981896e-02  2.42937077e-02  1.18534230e-02
 -7.21243769e-02  3.53640802e-02  4.52679954e-02  9.07926261e-02
 -3.70113440e-02  1.74924843e-02 -3.20609808e-02 -1.13828667e-01
  2.21202187e-02 -6.33552894e-02 -3.62286484e-03  9.93003026e-02
  3.84376273e-02 -1.67063996e-02  5.84568605e-02  1.74642894e-02
  1.78450588e-02  2.04475578e-02 -3.11592836e-02 -1.20480992e-02
  6.52218163e-02 -9.68985334e-02 -2.36143805e-02 -7.39940032e-02
  9.99289751e-02 -3.78499478e-02  6.22177608e-02  2.72510070e-02
 -1.51393637e-02 -5.55338487e-02 -4.64529470e-02  2.71560326e-02
  5.17121255e-02 -3.96005176e-02  1.95908528e-02  1.90372020e-02
  3.98456166e-03 -1.29196197e-02  7.05690458e-02 -3.66334952e-02
 -4.91401330e-02 -1.22918058e-02 -7.01561645e-02  1.32075055e-02
 -2.74770651e-02 -2.16619503e-02 -1.42403282e-02  4.81711999e-02
 -3.83093171e-02 -8.11493304e-03  4.90818545e-03  1.76760275e-02
  5.98890148e-02 -9.68169048e-02 -4.62665185e-02  2.40406506e-02
 -6.05764873e-02 -9.66475308e-02 -6.79451972e-03 -1.73876286e-02
 -5.56640998e-02 -2.38909870e-02 -3.24709490e-02 -4.47950698e-02
 -2.02079862e-02 -5.82829192e-02 -1.34040380e-03  3.64156929e-03
 -1.34825826e-01  8.94122869e-02  3.02615948e-02 -3.64672504e-02
 -3.69380191e-02  5.98036274e-02 -2.46714596e-02  1.62023382e-04
 -3.16477679e-02 -5.98750710e-02 -2.32348833e-02 -4.21329389e-08
  2.09453069e-02  4.75444086e-02 -1.75701026e-02 -6.37361854e-02
  1.50359396e-04  3.64060216e-02 -1.34681284e-01  3.47029902e-02
  5.81384078e-02  3.69437970e-02 -6.03785738e-02 -4.91146222e-02
 -4.63058725e-02 -1.59845408e-02  4.37052958e-02  6.65332889e-03
 -1.27841428e-01 -6.60507474e-03  1.58894397e-02  4.26270142e-02
 -3.05397902e-02  4.33954746e-02 -7.03613311e-02  7.22772488e-03
  6.73278943e-02 -2.52775103e-03  3.82418893e-02 -6.05938397e-03
 -2.61984374e-02 -5.02110869e-02  3.37233022e-03 -4.71768230e-02
  3.12487651e-02  3.29830050e-02  6.89393058e-02 -5.66775165e-02
  5.37440591e-02 -6.71149045e-02  5.91195785e-02 -1.22345604e-01
  3.30814943e-02 -2.50001233e-02 -3.87718924e-03 -4.48506586e-02
 -1.66606698e-02 -2.62059346e-02  7.13483691e-02 -8.98545310e-02
  6.14731796e-02 -4.88967672e-02  9.14523751e-03  1.44035649e-02
 -4.21680957e-02 -8.47700089e-02 -2.93082390e-02  5.89592848e-03
 -6.40246496e-02  9.55182239e-02  5.17659560e-02  3.47033776e-02
 -2.13660933e-02 -6.29161522e-02  6.50003627e-02 -6.08827807e-02]"
Is HIV/AIDS contagious through casual contact?,"HIV is not transmitted through casual contact such as hugging, shaking hands, sharing toilets, sharing dishes, or closed-mouth or “social” kissing with someone who is HIV-positive. HIV is only transmitted through certain body fluids from a person with HIV who has a detectable viral load.",HIV/AIDS is not contagious through casual contact. Transmission requires exchange of certain body fluids from a person with a detectable viral load,"Is HIV/AIDS contagious through casual contact? HIV is not transmitted through casual contact such as hugging, shaking hands, sharing toilets, sharing dishes, or closed-mouth or “social” kissing with someone who is HIV-positive. HIV is only transmitted through certain body fluids from a person with HIV who has a detectable viral load.","[-2.48869695e-02  8.52828659e-03 -2.14407817e-02 -2.93799937e-02
  1.66621171e-02 -3.98762636e-02  5.97975999e-02  2.23877002e-02
  3.16097699e-02  6.64752861e-03  1.58629324e-02  1.42783727e-02
  2.99966354e-02  4.33974825e-02 -4.98754764e-03 -6.83867112e-02
 -2.28916835e-02  5.26222459e-04  6.28705462e-03  1.22933805e-01
  3.75016481e-02  3.55967879e-02  1.89238116e-02 -1.06197186e-01
 -2.75398586e-02  1.51006859e-02  4.99607995e-02 -2.68029571e-02
  7.35825449e-02  8.83291662e-02 -1.08428352e-01  3.52370925e-02
 -3.62920538e-02  3.27144526e-02 -1.34460673e-01  2.65813060e-02
 -3.02597112e-03  2.22403090e-03  2.72433050e-02  5.36043802e-03
  1.64369754e-02 -3.34816612e-02  1.55251119e-02  2.34283265e-02
 -2.92511173e-02  3.46059836e-02 -1.91659643e-03  5.78043014e-02
 -1.07178479e-01 -7.67648816e-02 -4.11211401e-02 -8.40084068e-03
  3.33833955e-02  7.08329901e-02 -5.20525835e-02  4.30845050e-03
 -5.69572393e-03 -9.82558280e-02 -2.70934938e-03  6.47157803e-02
  6.32764623e-02  3.62720676e-02  1.52187720e-02  5.20587480e-03
 -3.37463804e-02 -2.13242117e-02 -1.18949190e-02  1.79551154e-01
  6.72176778e-02  1.87934451e-02  7.09887035e-03 -1.95731334e-02
 -7.71125183e-02  3.80531289e-02  3.57305631e-02 -4.57875654e-02
 -5.55622987e-02 -5.27422503e-02 -5.74839152e-02  9.08624008e-02
 -4.36442681e-02 -1.44110797e-02  7.22289383e-02 -7.38276765e-02
 -7.27811605e-02  1.40373278e-02  1.20753003e-02 -1.04815420e-03
 -3.95528600e-02 -1.85573399e-02 -1.00693464e-01  1.15429007e-01
 -4.14890721e-02 -7.94313774e-02 -3.10001746e-02 -9.27744526e-03
  2.78252140e-02  4.47527729e-02 -2.69102305e-02  3.54011245e-02
 -1.26319125e-01 -2.72222273e-02 -1.20106926e-02  6.69236702e-04
 -2.08323635e-02  3.70669961e-02 -4.82583046e-02 -8.63953158e-02
 -3.77576649e-02  2.66401954e-02 -3.24556939e-02 -2.00087973e-03
  6.09778389e-02 -7.61893615e-02  8.59479085e-02  3.99338678e-02
 -5.84954955e-02 -4.06606793e-02  2.92205811e-02 -1.11383954e-02
  3.85395885e-02 -9.52894241e-02  3.84003147e-02 -4.24758829e-02
  3.01607214e-02 -4.43988852e-02  1.05652437e-01  9.91992152e-34
  5.91684841e-02 -1.84892900e-02  5.55912443e-02  3.47972251e-02
 -2.61276253e-02  1.16007671e-01 -3.65442270e-03 -1.74157750e-02
  2.71677878e-03  3.03718001e-02  7.72549808e-02 -2.73238514e-02
  3.02270073e-02  9.49312299e-02 -1.15972552e-02  1.94095951e-02
  4.25432101e-02  3.65176536e-02 -9.42905471e-02  7.80005455e-02
  5.59936389e-02 -5.48319072e-02  1.46397157e-02 -6.79648248e-03
 -3.93012865e-03  2.63110059e-03 -5.76491989e-02 -3.01879272e-02
  1.57965317e-01 -4.76582460e-02  1.49516668e-03  9.87863764e-02
  5.98602649e-03 -1.71911400e-02 -3.32221836e-02  8.85683075e-02
 -2.41660196e-02  5.01169963e-03 -1.96260307e-02 -1.75218880e-02
  4.50287946e-02 -2.91009340e-02  2.62425914e-02 -5.49305491e-02
 -1.56789529e-03  7.57723227e-02 -2.45533846e-02 -7.05069825e-02
 -4.20320220e-02 -5.50427549e-02  4.82734218e-02 -1.48088085e-02
 -6.98649585e-02 -2.30187681e-02 -6.91037178e-02  1.96239278e-02
  3.11574787e-02  5.14116660e-02 -4.34891209e-02  8.01691860e-02
 -3.19639072e-02 -7.53740072e-02  3.78993452e-02 -4.77388501e-02
  1.13758231e-02 -1.48524288e-02  2.36113053e-02 -1.37000056e-02
  4.58209664e-02 -4.62598354e-03  1.57180727e-02  2.43645776e-02
 -1.12320103e-01  5.11747645e-03  4.40609753e-02 -6.60281628e-02
 -3.68294530e-02 -1.96722616e-02  7.02250376e-02  8.56743529e-02
 -4.62374613e-02  1.03924992e-02  3.93277407e-02 -5.02725085e-03
 -5.42810522e-02  8.32001865e-03 -7.04874247e-02  8.67520180e-03
 -4.88053709e-02  3.52601372e-02 -5.25869150e-03 -2.30571870e-02
  1.57806801e-03  3.59853879e-02  4.18780260e-02 -3.44744906e-33
  7.25434572e-02  3.58826071e-02 -5.08140437e-02  3.58010679e-02
  1.04474323e-02  7.64997452e-02  7.57903755e-02 -1.89015828e-02
 -1.66793801e-02  2.25391276e-02  4.61754836e-02 -2.48323707e-03
 -2.09698752e-02  7.13863820e-02  5.61581776e-02  5.24849035e-02
  5.59453070e-02 -4.50264150e-03 -2.70078401e-03  1.77227880e-03
 -4.15877346e-03 -7.96015486e-02  6.62370622e-02 -5.12929000e-02
  1.50521863e-02 -9.13762003e-02 -1.55786444e-02  5.64880483e-02
 -3.99775393e-02  1.91291384e-02  4.07811962e-02  6.99805915e-02
  4.18188348e-02  1.81928612e-02 -8.22021291e-02  1.41997701e-02
  5.43522537e-02 -7.70326629e-02  2.48928070e-02 -8.57858881e-02
  1.11577421e-01  2.50820187e-04 -3.84337269e-02  7.33310729e-02
 -2.22819522e-02  3.33792567e-02 -4.61645611e-02 -3.24309133e-02
 -1.33827440e-02  4.70144581e-03 -2.66703200e-02  1.66536460e-03
 -4.95449267e-02 -9.97831672e-02 -1.38965843e-04 -1.34151150e-02
 -6.97365999e-02  2.62299739e-02 -4.76642214e-02 -2.27063280e-02
 -1.03555908e-02  2.08137203e-02 -3.14714983e-02 -5.03618084e-02
  3.13592032e-02 -7.92625453e-03 -2.14684103e-02  6.10415079e-02
  4.12491336e-02 -3.69465426e-02 -7.59523809e-02  1.69689581e-02
 -1.09214345e-02 -5.16104363e-02 -2.91158985e-02 -3.88210900e-02
 -3.55756376e-03 -4.43773270e-02  1.09056593e-03 -4.86778058e-02
 -1.40821496e-02 -3.21048796e-02  9.96844843e-03 -7.22371414e-03
 -4.26209625e-03  4.59139161e-02  4.08900641e-02 -5.82072027e-02
 -4.49754074e-02  9.70222950e-02 -8.88170227e-02 -1.10535128e-02
  2.72407345e-02 -8.99727941e-02 -1.13859575e-03 -3.23765477e-08
  5.11796027e-02  3.21485959e-02  3.56449112e-02 -1.06180217e-02
 -5.31232217e-03  1.40041783e-01 -2.66452096e-02 -1.42015116e-02
  7.46391863e-02  1.22065671e-01 -7.24731386e-02 -6.31221011e-02
  2.18773689e-02  2.83758976e-02  2.21829675e-02 -1.80993639e-02
 -5.60708269e-02 -1.20749719e-01 -6.51492700e-02 -3.00817415e-02
  1.12349419e-02  1.62983388e-02 -4.21605743e-02  1.09271236e-01
  3.66461836e-02 -1.69791728e-02  2.95836721e-02  1.06518306e-02
  1.45163927e-02 -5.56615442e-02 -5.28896675e-02 -5.42374961e-02
 -1.22351097e-02  8.98292065e-02  2.38123965e-02 -2.91090691e-03
  3.11483424e-02 -6.88599944e-02  6.32895976e-02 -9.47171003e-02
  9.36350748e-02 -3.51439491e-02 -4.00212407e-02 -2.03191936e-02
  3.20213698e-02  3.83826867e-02  1.12504074e-02 -7.39793554e-02
  2.68321205e-02 -4.82191844e-03 -2.67843176e-02  1.50731355e-02
  6.56188652e-03 -4.15172018e-02 -2.60409564e-02 -1.26448022e-02
 -4.68922667e-02  1.24877274e-01  9.60734487e-02 -2.46513821e-02
 -8.75941813e-02 -4.77330433e-03  6.69815205e-03 -3.62238884e-02]"
What are the long-term effects of HIV/AIDS?,"Without treatment, HIV can lead to a weakened immune system and progress to AIDS. Long-term effects of untreated HIV infection can include rapid weight loss, recurring fever or profuse night sweats, extreme and unexplained tiredness, and prolonged swelling of the lymph glands","Long-term effects of untreated HIV include weakened immunity, weight loss, persistent fevers, extreme fatigue, and swollen lymph nodes, potentially progressing to AIDS.","What are the long-term effects of HIV/AIDS? Without treatment, HIV can lead to a weakened immune system and progress to AIDS. Long-term effects of untreated HIV infection can include rapid weight loss, recurring fever or profuse night sweats, extreme and unexplained tiredness, and prolonged swelling of the lymph glands","[-1.53438756e-02  7.01066777e-02  9.56213102e-02  5.98398969e-02
  8.82988125e-02  4.82196659e-02 -5.74552491e-02  5.45614734e-02
 -1.75970152e-03 -1.16824890e-02 -4.02773395e-02  6.01633191e-02
  4.35834005e-02 -4.74859923e-02  5.43093383e-02 -1.75321959e-02
 -4.21397462e-02  9.47578326e-02 -3.70558910e-02  1.40121290e-02
  9.48032662e-02 -6.46154955e-02 -2.38112863e-02 -1.26391007e-02
 -7.54389912e-02  2.75965445e-02 -8.30267649e-03  2.91867163e-02
  3.42082530e-02  9.10507981e-03 -5.94234020e-02  2.65881065e-02
  3.46244499e-02  3.10072992e-02 -9.92464274e-02 -6.09636772e-04
 -4.91173677e-02  4.43587406e-03 -1.79011375e-02 -2.75009088e-02
  4.37310152e-02 -2.63171773e-02 -4.67606559e-02  4.37117033e-02
 -1.89827643e-02 -1.00259177e-01  1.15337484e-02 -1.33652044e-02
 -9.41137969e-02  1.55872824e-02  1.30894007e-02 -6.54293373e-02
  9.54577792e-03 -1.34926848e-02 -3.27350013e-02 -5.43169305e-02
 -9.66057032e-02  4.18919139e-02 -5.46666346e-02  3.89709547e-02
  2.64067538e-02  8.78451765e-02  3.20127569e-02 -4.31531994e-03
 -1.20524364e-02 -4.14584056e-02 -5.21752164e-02  1.20357700e-01
  3.19314077e-02  9.20071527e-02 -3.77054587e-02 -8.25800970e-02
 -1.65190443e-01 -7.94966295e-02 -1.67842247e-02 -1.92519799e-02
 -3.63184400e-02 -3.61510590e-02  4.46138680e-02 -5.35146566e-03
  7.86933526e-02  5.07085212e-02  2.94733159e-02 -1.16540529e-02
 -8.27019215e-02  1.62970216e-03  2.16448884e-02  1.69808709e-03
 -8.03487375e-02  1.06833139e-02  3.79384533e-02 -2.28327531e-02
  1.99931432e-02 -2.17992812e-02  6.72702491e-02 -2.27058940e-02
 -7.12685511e-02 -2.77346931e-02 -5.58984429e-02  8.24285205e-03
 -4.29979675e-02 -5.38622476e-02 -1.86523832e-02  3.30731826e-04
  1.03327436e-02  7.20672533e-02 -7.02064391e-03 -6.34772554e-02
 -2.81359311e-02  1.35020083e-02  1.95654631e-02  4.21685427e-02
  3.95299029e-03 -2.46110614e-02  1.65816396e-02 -2.17541996e-02
 -3.47196311e-02 -5.37182167e-02 -5.28562777e-02  5.75843686e-03
  5.46427630e-02 -1.24624334e-01  2.88838707e-02 -1.48608871e-02
  1.33096911e-02  1.34107945e-02  5.03839888e-02 -5.91919721e-34
  1.49513958e-02 -6.81440756e-02 -1.81880165e-02  6.47379681e-02
  3.28453295e-02  3.73004302e-02  7.76705965e-02  2.23518368e-02
 -2.32848106e-03  3.92825976e-02  5.54629788e-02  4.25837673e-02
  5.91610931e-03  9.52660441e-02 -2.21463647e-02  2.49651857e-02
  6.42203465e-02  6.98102266e-02  4.22681794e-02  7.43117332e-02
 -3.48212291e-03 -6.51637465e-02  5.44785224e-02  8.34330022e-02
  3.23238708e-02 -1.62020326e-02 -3.95457633e-02  2.87249889e-02
 -2.77374219e-02 -4.80507948e-02 -7.25206500e-03  9.98912156e-02
 -3.52683850e-02 -9.40475240e-02 -2.21129861e-02  6.18170425e-02
  1.25702005e-02  6.59243762e-02  6.32904144e-03  1.92635274e-03
  3.53606455e-02 -2.34317780e-02  5.29883280e-02  4.56210449e-02
  1.16663994e-02  1.50124105e-02 -1.88970398e-02 -2.67806798e-02
  1.76044123e-03 -6.21686131e-03  4.54256404e-03  1.29794711e-02
 -1.46101058e-01 -6.93217851e-04 -1.78578608e-02  8.04323405e-02
 -4.12527509e-02  9.02230106e-03 -1.02353781e-01  1.94281689e-03
  4.66164318e-04 -8.34185332e-02  2.24242527e-02 -1.50164953e-02
 -2.74740513e-02  1.87175237e-02  4.09213221e-03 -8.53254870e-02
 -7.95813128e-02  2.52712965e-02 -2.29924675e-02 -8.91533121e-02
  4.98875417e-02 -1.14164420e-03  8.22561905e-02  2.09231470e-02
 -1.37630999e-01 -7.51688704e-02  1.83015559e-02  4.87183668e-02
  1.65696628e-02  6.50800392e-03  6.79731891e-02 -2.03738492e-02
  6.83965627e-03  3.60779017e-02 -2.62724631e-03 -6.38101473e-02
  1.47206010e-02 -6.47079125e-02  4.67264354e-02  6.47913804e-03
 -5.90472408e-02  1.58331655e-02  4.66403402e-02 -3.62848731e-33
  3.62617187e-02  3.14015970e-02 -2.73724198e-02 -9.51667428e-02
  1.41043961e-02  6.53075799e-02 -2.23302748e-02  1.28724098e-01
  3.14394347e-02 -3.79069969e-02  8.95262063e-02 -3.45100686e-02
 -6.33453354e-02  9.14895982e-02  1.39490617e-02  4.22213413e-02
  1.98979229e-02 -1.94792598e-02 -3.80879082e-02  8.66145417e-02
  2.99477037e-02 -5.89761697e-02 -3.18570584e-02 -3.48202027e-02
  3.76099311e-02 -3.79364416e-02 -3.10446993e-02  3.08089163e-02
  1.21448645e-02 -1.01111792e-02  2.93522831e-02  3.09669413e-02
  2.41468381e-03 -3.27516883e-03  5.73156960e-03  7.08492175e-02
  5.45865931e-02 -5.56707084e-02 -5.02221100e-02 -9.07427147e-02
  1.48262069e-01 -6.17123991e-02  6.29283041e-02 -3.89000662e-02
  5.66028468e-02 -7.64496028e-02 -7.96935931e-02  6.49542809e-02
  2.84046195e-02  3.66255976e-02  6.17305003e-02 -3.45265083e-02
  4.02046321e-03  9.53550637e-03  7.19373673e-02 -8.51009339e-02
 -1.89093780e-02 -2.34470442e-02 -2.17003431e-02  2.98620071e-02
 -1.11827061e-01  3.04374509e-02 -1.11718420e-02  1.72290113e-02
  1.72762182e-02 -2.08401419e-02 -1.94037370e-02 -5.85100465e-02
  1.05619624e-01 -8.39152187e-02  4.68972623e-02 -2.85802763e-02
 -8.78477171e-02 -4.34401631e-02 -1.01313785e-01  1.26347644e-02
 -9.43694636e-02 -1.39211435e-02 -4.74602319e-02 -7.21335993e-04
 -3.86402942e-02 -6.89834729e-02  1.29089318e-02 -3.04139853e-02
 -8.49383250e-02  1.76073741e-02 -2.99759042e-02 -1.88470148e-02
  1.46921212e-03  1.00607060e-01 -2.25668456e-02 -5.02716154e-02
 -4.97085787e-02 -3.57586630e-02  4.68059705e-04 -3.34793171e-08
 -1.08635547e-02  3.17356884e-02  7.26906257e-03 -1.31388251e-02
  1.72842741e-02 -1.38829404e-03 -1.47910248e-02  4.24513854e-02
  7.46372640e-02  9.66863260e-02  2.16954970e-03  1.16113471e-02
  8.41399282e-02 -6.15582988e-03 -1.00509441e-02  1.00198947e-01
 -3.87372635e-02 -1.27863819e-02  1.99415758e-02 -4.93225344e-02
 -5.93705960e-02  4.56845090e-02 -7.68834800e-02  6.02188669e-02
 -1.65122487e-02  2.27547977e-02  3.02110277e-02  3.13909799e-02
 -1.04578659e-02 -1.20498687e-02  1.64681561e-02 -9.93673131e-03
  3.21900658e-02  8.15684274e-02  4.03482020e-02 -6.24978207e-02
  4.12417501e-02 -5.06400615e-02  6.58690035e-02  9.85012390e-03
  5.08152740e-03  3.52812819e-02 -3.64930779e-02 -2.09792592e-02
  1.04034506e-02 -7.45245144e-02  1.33255553e-02 -3.51950489e-02
  1.95049327e-02 -6.47207126e-02 -2.22463813e-02  8.76822174e-02
 -9.70444009e-02 -2.37589106e-02 -2.17952710e-02  3.27251591e-02
 -1.47819808e-02  1.11342736e-01  4.73669805e-02 -4.05141301e-02
 -6.10117614e-02 -9.55798849e-02 -4.10994291e-02 -5.99943995e-02]"
How effective are current treatments for HIV/AIDS?,"Current HIV treatments, primarily antiretroviral therapy (ART), are highly effective. When taken as prescribed, ART can reduce the viral load in someone's blood to an undetectable level, which means the person stays healthier and has effectively no risk of transmitting the virus to a sexual partner.","Current treatments, particularly ART, are highly effective, reducing the viral load to undetectable levels, improving health and preventing transmission.","How effective are current treatments for HIV/AIDS? Current HIV treatments, primarily antiretroviral therapy (ART), are highly effective. When taken as prescribed, ART can reduce the viral load in someone's blood to an undetectable level, which means the person stays healthier and has effectively no risk of transmitting the virus to a sexual partner.","[-4.47668880e-02  7.56082535e-02  4.15901840e-02 -3.31087795e-04
 -3.03107183e-02  4.69307005e-02 -1.46623505e-02  6.73142597e-02
  3.20442580e-02  1.01878000e-02 -4.85003293e-02  1.60478711e-01
 -4.22384648e-04  3.03800348e-02 -1.87322369e-03  5.46428375e-02
  1.10650294e-01  6.45986646e-02  5.39182627e-04  4.37730886e-02
 -3.99920680e-02 -4.56967428e-02  7.21351579e-02 -5.61585203e-02
 -6.44668266e-02  1.33321518e-02 -5.45938388e-02 -1.34945493e-02
  3.69767360e-02  7.88783375e-03 -8.96663871e-03  2.02288125e-02
 -1.78713556e-02 -5.32804132e-02 -1.59605801e-01  4.67110649e-02
 -1.19942322e-01 -2.25187000e-03 -1.43432813e-02  1.83386803e-02
  2.09981576e-02  9.79901943e-03 -4.57453616e-02 -1.88673008e-02
  3.31421457e-02 -7.92227164e-02 -4.62111458e-02  6.21803999e-02
 -7.81660900e-02 -5.34424745e-02  1.53042823e-02 -1.96047593e-02
 -2.66911220e-02 -3.16991284e-02  5.89369005e-03 -7.34544024e-02
 -4.90759052e-02  3.30302818e-03  3.78919975e-03  3.51903669e-04
  1.08183526e-01  8.59441608e-02 -1.17641920e-02  1.68894581e-03
 -1.38483560e-02  5.26182866e-03  2.54163402e-03  6.50354251e-02
  3.31525914e-02  1.03002265e-02 -2.40765233e-02  9.89188720e-03
 -1.24407642e-01  5.63439317e-02  1.84945054e-02 -1.06950961e-02
 -5.09880371e-02 -6.51138723e-02  1.32103721e-02 -2.25377157e-02
  6.14301860e-02 -1.86108444e-02  4.26402315e-02  9.97602381e-03
  5.59755089e-03  4.25898358e-02 -2.37657949e-02 -4.26082164e-02
  1.56819411e-02 -4.10061292e-02  1.05256096e-01  8.59102905e-02
 -4.78175990e-02 -3.18528973e-02  5.50365411e-02 -2.48969011e-02
 -3.04500982e-02 -3.78614552e-02 -7.78384581e-02  3.68939415e-02
 -8.75028200e-04 -1.50281060e-02 -2.01324169e-02 -1.14309058e-01
  3.85585278e-02  5.43288141e-03  7.23918714e-03 -4.15556543e-02
 -3.68795134e-02 -1.18581997e-03 -5.56300618e-02 -4.44349721e-02
 -5.60425222e-02  2.57362779e-02  7.02814385e-03  3.45405657e-03
 -2.11080015e-02 -1.28940158e-02  1.71565861e-02  2.25712117e-02
  6.22843094e-02 -9.27073732e-02  5.24811335e-02 -4.35142405e-02
  5.46693627e-04 -1.63282882e-02  4.54774238e-02 -4.84354366e-34
 -1.18221929e-02 -3.12370388e-03  6.47770539e-02  8.97270963e-02
 -1.46563211e-02  3.48272659e-02  5.28904721e-02 -2.38457490e-02
  2.50774845e-02 -2.41892841e-02  2.12169513e-02  1.21199228e-02
  5.35549298e-02  1.79807857e-01  2.58937590e-02 -4.59305793e-02
  1.72862150e-02 -1.74798332e-02 -4.13867570e-02  7.45625570e-02
  8.17480236e-02 -2.47354824e-02  5.45324571e-02  2.46821027e-02
 -1.19749643e-02  3.63776796e-02 -4.20940556e-02  5.55917323e-02
  2.01046113e-02 -2.48888023e-02  1.88989714e-02  1.34328961e-01
 -2.62730997e-02 -1.09605707e-01 -6.49698898e-02  6.18753731e-02
 -4.62828763e-02 -2.32311562e-02 -2.32919436e-02  3.45780812e-02
  3.71361710e-02  4.43886928e-02  7.91521370e-02  6.45832904e-03
  1.13593556e-01  9.06971246e-02 -6.01570792e-02 -7.51999170e-02
 -9.72686559e-02 -2.30819508e-02  6.73173442e-02  6.56744614e-02
 -9.30117667e-02 -5.78766270e-03  5.65213058e-03  8.08091741e-03
 -1.99939013e-02  4.29045558e-02 -2.65709683e-03  3.27064726e-03
  1.24752223e-02 -8.58416334e-02  2.00341046e-02 -1.26324249e-02
 -6.60694093e-02  2.14747749e-02  3.14600617e-02 -7.50071555e-02
 -9.16387588e-02  1.22734904e-02 -5.67436256e-02 -3.50737013e-02
 -8.28179158e-03 -5.02655134e-02  3.90135609e-02 -3.22027132e-02
 -2.07973737e-02 -8.23262557e-02  5.10000736e-02  5.08368127e-02
 -8.40601921e-02  1.34430276e-02  3.02290637e-02 -2.56327242e-02
 -1.68338744e-03  2.54966039e-02 -5.98992072e-02  1.58609301e-02
  4.89011221e-03 -1.88538153e-02  4.20474000e-02  6.70600077e-03
 -6.39948025e-02  4.73518128e-04  4.99788783e-02 -2.83349460e-33
  7.29587376e-02  6.55289739e-02  3.32851894e-02  5.84541783e-02
  2.22968459e-02  1.45369088e-02  1.30121280e-02 -4.61130850e-02
  9.32128429e-02  4.32359912e-02  4.92239073e-02 -1.95866376e-02
 -1.10326661e-02  5.19018956e-02  3.43831331e-02 -3.41998897e-02
  1.03252502e-02 -4.07232866e-02 -4.69922833e-02  6.01086020e-02
 -6.06355909e-03  2.59730183e-02  1.51195433e-02 -9.28056017e-02
  4.16975096e-02 -3.25043611e-02 -6.56796694e-02 -9.63194296e-03
  3.04943342e-02 -1.48521308e-02 -1.37322918e-02 -3.34391296e-02
  1.75674856e-02 -3.88743393e-02 -2.50366442e-02  9.44822431e-02
  8.12923536e-02 -2.23959330e-02 -4.41616438e-02 -4.78385761e-02
  9.72217321e-02 -3.96927521e-02 -1.00121498e-01  5.08107953e-02
  1.91131793e-02  3.15129869e-02 -4.56187017e-02  4.21697572e-02
  1.56609446e-03  3.65075544e-02 -5.65821026e-03 -7.15869246e-03
 -2.87685380e-03  1.46112841e-04  5.67936487e-02 -9.94251743e-02
 -3.40019353e-02 -2.66413130e-02 -1.06313720e-01  5.01442850e-02
 -1.01602122e-01  3.59394476e-02  1.29003525e-02 -7.59222219e-03
 -3.10639199e-03  7.35833570e-02  2.22023949e-02  1.10872738e-01
  2.45144069e-02 -1.18919104e-01  2.15985961e-02  3.56841944e-02
  2.21090708e-02 -2.28354037e-02 -6.38884902e-02 -2.34595016e-02
  3.40784676e-02 -1.14255473e-01 -6.54482692e-02 -3.84925469e-03
 -6.34797588e-02 -9.15944576e-02 -9.97034367e-03 -3.91297452e-02
 -5.78510500e-02  5.36413006e-02 -5.64930961e-02 -1.00963779e-01
 -4.90827598e-02  1.08023413e-01 -3.94738801e-02 -4.97013815e-02
  1.96955372e-02 -3.96974161e-02 -3.36060592e-04 -3.66234083e-08
 -1.24976402e-02  2.26929206e-02  7.90200159e-02 -7.52442852e-02
 -1.43537363e-02  3.97249758e-02 -1.00133389e-01  6.87024668e-02
  1.65697541e-02  3.69663015e-02  3.89808044e-03  6.42887829e-03
  5.61024323e-02 -2.15730667e-02  5.28484397e-02 -1.82726923e-02
  3.19861881e-02  6.26816899e-02 -8.44598711e-02 -1.03135623e-01
 -3.40519063e-02  5.29177189e-02 -2.38828249e-02 -4.29991670e-02
  1.79993419e-03  1.50663229e-02  4.50269394e-02 -7.66047537e-02
 -3.56430002e-02 -4.60162051e-02  1.47775386e-03 -2.55453549e-02
  9.45337266e-02  8.22243914e-02  4.39721756e-02 -2.23407354e-02
  3.58341709e-02 -5.00793047e-02  3.95513140e-02 -3.66480723e-02
  5.43832183e-02 -1.65631454e-02 -1.45200808e-02  3.13339406e-03
  2.91927718e-02 -4.90368716e-02  2.59448234e-02 -3.51099558e-02
  1.47277154e-02 -1.35050192e-02 -4.21679504e-02  8.91252086e-02
 -5.97716495e-02 -3.48611660e-02  8.56276974e-03  1.05581135e-02
  1.98138016e-03  1.89562365e-02 -1.61316246e-02 -2.37161410e-03
 -7.21360445e-02 -8.87755528e-02  4.65815254e-02  5.00345463e-03]"
What are the social impacts of HIV/AIDS?,"The social impacts of HIV/AIDS are significant and include stigma and discrimination against people living with the disease. This can lead to social isolation, mental health issues, and barriers to accessing healthcare and employment","HIV/AIDS leads to stigma and discrimination, causing social isolation, mental health challenges, and barriers in healthcare and employment access for those affected","What are the social impacts of HIV/AIDS? The social impacts of HIV/AIDS are significant and include stigma and discrimination against people living with the disease. This can lead to social isolation, mental health issues, and barriers to accessing healthcare and employment","[ 1.26559790e-02  8.38900506e-02  9.16100293e-03  3.16147320e-02
  6.02664649e-02  1.15107037e-01  3.78260985e-02  5.90525195e-02
  3.87335382e-02  1.64089364e-03  2.52245646e-02  4.50353995e-02
 -2.32899711e-02 -4.45457026e-02  2.12316625e-02 -3.94813754e-02
 -3.45336981e-02  2.59171333e-02 -5.27785942e-02  4.73355390e-02
  1.59461126e-02 -5.46951555e-02  2.08186917e-02 -2.32841931e-02
 -5.01363166e-02 -1.18293921e-02 -2.19772966e-03  4.31684311e-03
  3.95487882e-02  6.84390888e-02 -5.17167784e-02  3.47387530e-02
  6.05765022e-02  3.69885284e-03 -1.31537482e-01 -2.71137673e-02
  8.81642289e-03  3.88630405e-02  6.84945211e-02 -4.72763292e-02
  6.00575991e-02 -6.66627362e-02  8.21776409e-03 -1.30149079e-02
 -2.92780399e-02 -1.03228927e-01  5.59153669e-02  2.71744728e-02
 -1.24095187e-01 -7.38895684e-02  9.35999118e-03 -4.90919724e-02
 -4.23053326e-03 -2.06174776e-02 -2.72272155e-02 -3.92049290e-02
 -1.33127132e-02 -1.96447819e-02 -5.70882820e-02  7.55283535e-02
  3.37920487e-02  2.08325200e-02  2.13506315e-02  4.46790010e-02
  6.32963926e-02 -3.47296894e-02 -4.64681685e-02  1.27636224e-01
 -1.82104018e-02  1.76463351e-02  1.23778405e-02 -1.28196366e-02
 -9.39699635e-02 -2.98555326e-02  2.63287667e-02 -4.78381403e-02
 -6.97474405e-02 -4.30595921e-03  4.07468267e-02  9.94893536e-03
  9.44650918e-02  1.35335661e-02  2.90979631e-02 -1.31562958e-03
 -4.14776839e-02 -7.27317715e-03  7.03916401e-02 -9.56905913e-03
 -4.30633351e-02  2.17080191e-02 -3.02391183e-02  1.14496574e-02
 -8.47590447e-04 -3.68059762e-02  2.16873158e-02 -1.61368772e-02
 -6.67588413e-02  8.04402772e-03  1.16562760e-02  2.21585892e-02
 -1.00944892e-01 -4.47597690e-02 -4.68380749e-03 -1.04837045e-02
  2.29348615e-02  6.90795183e-02 -5.03655188e-02 -7.21471682e-02
 -6.63846508e-02  1.72538403e-02 -7.96737745e-02 -2.06339709e-03
 -1.76929384e-02 -5.50812744e-02  6.46111742e-02 -5.41687151e-03
  1.56876184e-02 -6.35913461e-02  3.19844782e-02 -4.28512506e-02
  2.03391090e-02 -7.70081431e-02  7.38542201e-03  1.12786638e-02
  1.68706514e-02 -2.50050463e-02  1.17486324e-02 -3.09083750e-33
 -1.95147283e-02 -7.24256784e-02 -1.30154453e-02  1.73759181e-02
  4.34422903e-02  1.81531499e-03  3.45730260e-02 -4.36917283e-02
 -1.01516191e-02  2.57471036e-02  3.10423039e-02 -1.06161665e-02
  1.13445409e-01  6.63422421e-02 -4.25387453e-03 -2.63750348e-02
  1.98956523e-02  2.20619254e-02 -5.93041815e-02  1.10570215e-01
  2.02644411e-02 -9.55609325e-03 -5.03598526e-03  1.12066418e-01
 -7.89590739e-03 -3.76790948e-02 -4.20919321e-02 -5.70996180e-02
  4.78150025e-02 -2.48773750e-02  2.92234942e-02  1.34880260e-01
 -1.89668797e-02 -1.54862687e-01  4.01620679e-02  6.50074929e-02
  1.72732491e-02  3.29588577e-02 -3.18355709e-02 -4.91835817e-04
  2.58104447e-02 -2.70776302e-02  1.64530594e-02  1.29871899e-02
  7.06492960e-02  9.88794565e-02  3.12989652e-02 -5.23893610e-02
  9.39246919e-03 -4.13846970e-03 -4.21389326e-04  5.75516596e-02
 -1.02810159e-01  1.76354162e-02 -9.27040447e-03  5.11839613e-03
 -5.06356768e-02  9.63565521e-03 -5.70941344e-02 -1.26971491e-02
  4.73199552e-03 -1.47022337e-01  1.10074200e-01 -8.36454034e-02
  3.49133648e-02  4.45448980e-02  4.62132553e-03 -8.18402469e-02
 -1.76893175e-02  2.83556953e-02 -2.35280059e-02 -3.99582274e-03
 -5.09529822e-02 -8.44907574e-03  8.07682648e-02  8.67444053e-02
 -1.22235999e-01 -9.39610824e-02  4.27302718e-02  6.64175674e-02
 -6.41363934e-02 -5.48997195e-03  4.60211262e-02 -1.11377023e-01
 -1.83463059e-02  1.55463815e-02 -3.08719231e-03 -4.30883095e-02
  4.64573614e-02 -7.60768726e-02  1.21985469e-02  4.29843813e-02
 -3.53910476e-02  2.66979020e-02  1.05782766e-02 -1.18747640e-33
 -1.90948602e-02  5.84858432e-02 -5.01681911e-03 -7.34520033e-02
 -6.31130999e-03  2.86404453e-02  3.80587168e-02  2.18711067e-02
  3.45198549e-02  7.33213276e-02 -1.43875992e-02 -1.76153425e-02
  3.81482169e-02  6.29313737e-02  1.03089986e-02 -2.03425046e-02
  1.42781828e-02 -2.03545876e-02 -4.76080319e-03  5.61982282e-02
  9.28446651e-03  7.98546337e-03  3.14239934e-02  2.55835894e-02
  3.73498090e-02 -1.49499532e-02 -6.70070425e-02 -2.55315788e-02
  6.65335804e-02 -2.11977232e-02 -1.30882242e-03  8.61577392e-02
  3.59735899e-02  1.47224506e-02 -5.11987060e-02  5.30619919e-02
  4.81798425e-02 -5.10374345e-02  6.33057579e-03 -1.50766909e-01
  1.13692254e-01 -5.04044220e-02 -3.82877737e-02 -8.41375266e-04
  1.98576674e-02 -1.09570858e-03 -5.57864569e-02  7.96978101e-02
  1.49189504e-02 -8.64657632e-04  7.23717511e-02  3.13229673e-02
  1.34927477e-03  2.55151782e-02  6.44124150e-02 -8.59242007e-02
  4.46648002e-02 -5.91858029e-02 -7.06647933e-02  7.98337683e-02
 -5.12832366e-02  7.39431754e-02 -5.98308817e-02  4.20914479e-02
  3.77673586e-03 -6.88308775e-02 -1.23173380e-02 -3.87844145e-02
  5.51074892e-02 -8.15535709e-02 -2.28700228e-02 -4.26700368e-04
 -1.45383785e-02 -8.90278518e-02 -5.56508414e-02  9.14099719e-03
 -3.59851532e-02  2.47748177e-02 -5.25689498e-02  4.43126112e-02
  2.34209057e-02 -8.04912969e-02  2.45451089e-02 -8.19080174e-02
 -8.22293237e-02  3.79356593e-02  2.91777775e-02 -4.96934168e-02
 -7.48370364e-02  6.14964552e-02 -1.56469077e-01 -1.60646122e-02
 -8.88718441e-02 -7.19382018e-02  1.64654222e-03 -3.23897709e-08
  3.96229252e-02  9.98007413e-03  4.76887785e-02  2.57153925e-03
  2.43742894e-02  7.38011375e-02 -5.65795861e-02  6.82940558e-02
  3.66884582e-02  1.28094152e-01 -6.72805905e-02  4.37615812e-03
  2.31085178e-02  5.97534627e-02  4.07106206e-02  5.52523648e-03
 -5.31545244e-02 -2.93357130e-02 -1.45816803e-02 -5.01094125e-02
 -1.02803791e-02  3.27339619e-02 -5.27907051e-02 -5.44254528e-03
 -8.35627969e-03  7.99916917e-04 -9.62956715e-03 -1.16902729e-02
 -2.14964878e-02 -6.59044161e-02  7.38870632e-03 -4.26670909e-02
  2.67900005e-02  1.07854098e-01  5.37340902e-02 -1.81903895e-02
 -3.17057222e-02 -3.38736288e-02  1.21139973e-01 -2.12886129e-02
  1.04110576e-01 -2.14285571e-02  2.72666793e-02 -2.62098629e-02
  1.75243951e-02 -3.60674001e-02 -6.95210099e-02  1.51495524e-02
 -5.80100678e-02 -4.45144400e-02 -2.46082619e-03  7.02869222e-02
 -4.89935949e-02  4.51417174e-03 -1.97033072e-03  8.46817624e-03
 -5.91115654e-03  1.11656785e-01  6.23666169e-03 -3.63732167e-02
  7.60721974e-03 -7.31014684e-02 -4.66313139e-02 -3.90034430e-02]"
Can HIV be transmitted through oral sex?,"The risk of HIV transmission through oral sex is much lower than through vaginal or anal sex. However, transmission can occur, especially if there are cuts or sores in the mouth or on the genitals, or if the person performing oral sex has bleeding gums or open sores","While lower risk, HIV can be transmitted through oral sex, particularly if there are cuts, sores, or bleeding gums involved.","Can HIV be transmitted through oral sex? The risk of HIV transmission through oral sex is much lower than through vaginal or anal sex. However, transmission can occur, especially if there are cuts or sores in the mouth or on the genitals, or if the person performing oral sex has bleeding gums or open sores","[-4.29295860e-02  1.10965753e-02 -5.79379573e-02 -3.98317613e-02
 -4.49362844e-02  1.92732513e-02  5.01240268e-02  7.88256899e-02
  3.67404819e-02  7.42422491e-02 -3.05046160e-02  5.30757662e-03
  5.97216487e-02  2.94949170e-02  1.58466082e-02 -4.88965660e-02
  2.19198391e-02  8.31244215e-02 -3.16276867e-03  6.71990067e-02
  1.35037854e-01  3.31180915e-02  2.27755513e-02 -9.94056389e-02
 -4.06182557e-03  2.02876925e-02 -2.72229500e-02 -7.31986808e-03
  7.07278773e-02  5.85720465e-02 -8.79957229e-02  8.15168768e-03
  9.75156017e-03 -6.79838508e-02 -9.31677148e-02 -6.39681611e-03
 -1.99396312e-02  1.96825713e-02  1.27025351e-01  1.59896258e-02
  8.36421363e-03 -5.28225442e-03  3.74736078e-02  4.05285470e-02
 -3.10414955e-02  4.53698123e-03 -1.29946694e-02  3.81847695e-02
 -7.89631084e-02 -6.74469769e-02  1.43876513e-02 -3.49576846e-02
  1.03113949e-02  1.72857684e-03 -1.20684236e-01 -2.22485587e-02
 -2.98934542e-02 -4.53134552e-02 -5.37959561e-02  9.44979638e-02
  1.69609841e-02 -7.92229641e-03  2.73468420e-02  9.54776537e-03
 -6.33344203e-02 -5.00858985e-02 -6.11559488e-02  9.88964140e-02
  7.37456419e-03  2.27191802e-02 -2.23438796e-02 -3.55515070e-02
 -1.39960125e-01 -4.20950688e-02  4.09095399e-02 -5.18223383e-02
  2.90700439e-02 -2.47166120e-02 -2.82137841e-02  3.80050838e-02
  1.15140807e-02  2.04287213e-03  6.72371313e-02 -2.00743489e-02
 -8.78538340e-02 -2.29073735e-03  3.73879559e-02  3.72040644e-02
 -8.02689940e-02 -2.47741677e-02 -9.01802257e-02  1.90937817e-02
  4.06610072e-02 -3.04144667e-03  1.91656500e-02 -3.13026346e-02
 -4.09335233e-02 -3.90727958e-03  4.93401550e-02  1.19633169e-03
 -7.89357200e-02 -1.34619484e-02 -3.43654603e-02 -4.89316927e-03
 -1.59095991e-02  5.34880161e-02 -5.16098626e-02 -8.12899992e-02
 -4.08838727e-02  1.63493622e-02  1.28693664e-02  7.35727027e-02
  5.32540157e-02 -8.36530328e-02  1.81874856e-02 -3.01685426e-02
 -1.00640535e-01 -4.40621413e-02  6.22675568e-03  6.03409000e-02
 -8.82067531e-03 -4.01608944e-02  4.49765399e-02  2.58881673e-02
  4.05027568e-02 -1.04075409e-01  1.85593545e-01 -6.86137109e-34
  2.58029457e-02 -5.63080013e-02  3.44999693e-02 -1.41942678e-02
 -2.12809443e-02  1.59657389e-01  8.24287981e-02 -7.72285834e-03
  2.67256275e-02 -6.70004543e-03  3.24793532e-02 -7.82453045e-02
 -1.06229475e-02  5.49187586e-02  3.68496329e-02  8.80336910e-02
  3.03428676e-02 -1.28037352e-02 -1.27493933e-01  1.12227336e-01
  6.50217757e-02 -2.78508216e-02  5.14633991e-02  1.10078231e-02
  2.40797605e-02 -2.23422050e-02 -9.49723944e-02 -6.06929474e-02
  1.64872669e-02 -4.64844108e-02 -3.76549549e-02  3.30526382e-02
  2.14780960e-02 -6.50186688e-02  1.48284843e-03  1.46286488e-01
  4.44189832e-03  6.16812184e-02 -2.14689504e-02 -1.30256303e-02
  9.82967671e-04 -6.79400116e-02 -6.41363265e-04  2.37865038e-02
 -3.80559638e-02  3.24101001e-02 -8.83008167e-02 -5.58614209e-02
 -1.33910598e-02 -2.77798846e-02 -1.09638413e-02 -6.47095311e-03
 -7.33196288e-02  5.32646850e-02 -3.57118174e-02  9.52134898e-04
  1.70399752e-02  8.69789645e-02 -1.44645339e-02  5.96667640e-02
 -7.30842501e-02 -3.11445240e-02  4.00757119e-02 -5.24148084e-02
 -8.94752145e-02 -2.13842522e-02  5.27244061e-02 -2.14521289e-02
 -1.30732998e-03  3.44356010e-03 -4.74347584e-02 -2.11933013e-02
 -5.36880046e-02 -1.85305364e-02  5.35245202e-02  7.25612277e-03
 -2.96593755e-02 -1.84049159e-02  1.16823219e-01  6.17243946e-02
 -8.21619928e-02  3.03479843e-03  8.62635747e-02 -7.70935193e-02
 -2.16026176e-02  3.06348540e-02 -4.56448980e-02 -5.94152249e-02
  2.18579732e-02  6.31278083e-02  1.33770062e-02 -5.55139072e-02
 -2.86015309e-02  3.98424156e-02  3.30872200e-02 -3.13054937e-33
 -7.95535743e-03  5.90224937e-02 -4.80241105e-02  1.58627257e-02
 -2.07870714e-02  8.98475274e-02  1.05796009e-01  4.14219610e-02
 -7.27121308e-02  1.68898311e-02  2.61159409e-02  2.00954098e-02
  1.92009825e-02  2.30013765e-02  5.37646003e-02  3.81489992e-02
  3.12548131e-02  5.44549413e-02 -1.71269029e-02  4.75221649e-02
 -4.11829799e-02  9.05736163e-03  3.23666073e-02 -1.73378512e-02
  6.10156618e-02 -7.34857693e-02 -3.05831470e-02  4.46815453e-02
 -2.53714547e-02  3.01611703e-02  5.49016744e-02  6.58864006e-02
 -2.14313157e-02  7.78832138e-02 -3.59363146e-02  2.82896254e-02
  8.40911791e-02 -5.02040796e-02 -6.88025653e-02 -5.05888350e-02
  7.96477199e-02 -7.47002382e-03  2.91569661e-02  2.63373628e-02
 -4.65790667e-02 -1.93651188e-02 -5.54574560e-03  1.58971793e-03
  1.45552764e-02  3.93418036e-02  3.97338271e-02 -6.43909536e-03
 -3.53568513e-03 -4.01327536e-02  3.09475642e-02 -3.63833159e-02
 -2.76960097e-02 -5.17579610e-04 -2.49885432e-02  6.95976487e-04
 -3.77187468e-02  1.95747223e-02 -5.01237325e-02 -2.77091544e-02
  4.59781587e-02 -3.30838487e-02 -2.73262765e-02  2.12530978e-02
  5.70250973e-02 -3.17542516e-02 -5.59975244e-02  1.50967361e-02
  6.00607172e-02 -4.67782989e-02  3.54085886e-03  4.88247210e-03
 -3.94856632e-02 -6.86427355e-02 -7.78551325e-02 -3.76369059e-02
  1.32421206e-03  2.40882635e-02  5.14476188e-02  2.45534554e-02
  2.90756635e-02  6.51499815e-03 -1.64303575e-02 -1.10314608e-01
 -6.02958612e-02  5.23319133e-02 -1.09035067e-01 -1.74057353e-02
 -1.43998927e-02 -1.06477223e-01 -3.49063659e-03 -3.10925365e-08
  1.79970656e-02  1.95554271e-02  1.92508064e-02  9.75339022e-03
 -8.96450505e-03  2.86492016e-02 -6.22438900e-02 -3.38383839e-02
  8.24026391e-02  6.98999837e-02 -1.30367018e-02 -3.57260788e-03
  3.10600102e-02  2.67357752e-02  8.22145026e-03 -1.40039325e-02
 -4.27106656e-02 -5.54269105e-02  9.02315602e-03 -1.00244552e-01
  2.84062489e-03 -1.21036628e-02 -1.65696535e-02  6.32072091e-02
  1.73871387e-02  5.03982194e-02 -6.11498207e-03  4.67972346e-02
  7.30956048e-02 -7.88888708e-02  3.32270749e-03 -1.80755276e-02
 -1.65755637e-02  1.30756944e-01  7.25974236e-03 -4.55993302e-02
  6.05448969e-02 -1.98525786e-02  1.20760668e-02 -6.68376237e-02
  1.03726037e-01 -7.20787346e-02  1.59242377e-02  3.80088650e-02
 -2.60747764e-02  4.40318920e-02  1.79521530e-03 -4.46295664e-02
  6.60622790e-02 -2.81548481e-02 -3.52628380e-02  3.14017683e-02
 -1.10153863e-02 -2.38481928e-02 -3.09779607e-02 -3.48403566e-02
 -2.47146208e-02  3.16045769e-02  6.02938719e-02 -3.57921161e-02
 -1.38383240e-01 -8.38528425e-02  8.54125619e-02 -3.95879932e-02]"
What is the global prevalence of HIV/AIDS?,"Globally, millions of people are living with HIV/AIDS. The highest prevalence is in sub-Saharan Africa. International efforts have been made to increase access to antiretroviral therapy, leading to significant improvements in survival rates and quality of life for those infected.","HIV/AIDS affects millions worldwide, with the highest rates in sub-Saharan Africa. Increased access to treatment has improved survival and quality of life globally.","What is the global prevalence of HIV/AIDS? Globally, millions of people are living with HIV/AIDS. The highest prevalence is in sub-Saharan Africa. International efforts have been made to increase access to antiretroviral therapy, leading to significant improvements in survival rates and quality of life for those infected.","[ 1.11494660e-02 -3.97793129e-02  1.20873163e-02 -4.87680722e-04
 -9.00504366e-03  3.03871743e-02 -9.17901751e-03  5.64230867e-02
  2.38766316e-02  2.76415497e-02  9.65098292e-03 -3.79000325e-03
 -2.22827401e-02  2.70155147e-02 -4.59922217e-02 -4.93906029e-02
 -1.31222904e-02 -4.47296649e-02 -3.76586914e-02 -3.22224409e-03
  4.65289224e-03  2.38542892e-02  1.72364488e-01 -3.15742865e-02
 -1.17653914e-01 -6.09153174e-02 -1.83342807e-02  3.87153961e-02
  2.47965492e-02  1.06952608e-01 -2.48831864e-02  9.99790654e-02
  8.29801708e-02 -2.50794012e-02 -8.27692971e-02 -3.91701888e-03
 -1.13573380e-01 -9.72349197e-03  5.63379489e-02 -1.26014361e-02
  9.03222039e-02 -4.25147973e-02 -2.02952754e-02 -1.98700856e-02
  5.44098485e-03 -3.28401364e-02 -4.03439552e-02  5.23627363e-02
 -8.05270225e-02  2.48582046e-02  4.73222621e-02  5.42552490e-03
 -5.55745736e-02 -1.84858851e-02 -2.10285652e-03 -1.13060683e-01
 -4.10737209e-02 -6.77707866e-02 -4.44122590e-03  1.63875415e-03
  4.52659242e-02  3.20748612e-02  7.28043728e-03 -6.40280964e-03
 -8.48992728e-03  1.92139652e-02  3.05283424e-02  1.21994846e-01
 -4.85691940e-03  3.76375206e-02 -2.41877642e-02 -2.79056071e-03
 -2.94054542e-02  1.05093688e-01 -5.51944524e-02 -5.64714521e-02
 -5.23361787e-02  6.47635432e-03  4.29591276e-02  4.75279465e-02
  1.04877524e-01  3.96066308e-02  1.45096749e-01 -2.49195397e-02
  3.82817015e-02 -1.77926645e-02 -1.03028882e-02  3.97388227e-02
 -5.47860041e-02 -2.92995889e-02  8.69372801e-04  6.53843805e-02
  4.14590761e-02  5.74338958e-02  2.66000554e-02 -3.33548710e-02
  1.22180367e-02  1.92622710e-02 -7.83881824e-03 -4.09543365e-02
 -6.27825931e-02 -1.04504555e-01  1.78779624e-02 -1.44369528e-02
 -6.21940158e-02  6.19690605e-02 -1.94611270e-02 -1.91563927e-02
 -3.85349691e-02 -1.53179355e-02 -1.17685169e-01  8.12218990e-03
 -3.32682133e-02 -4.94339056e-02  6.92634843e-03 -1.78013425e-02
  7.80645153e-03 -3.01034283e-02  1.19293174e-02  7.53064081e-02
  9.55328718e-03 -7.51544684e-02  6.52622879e-02 -2.13453118e-02
  1.21793328e-02 -9.60191071e-04  5.03802598e-02 -3.19607179e-34
 -5.37844747e-03 -2.82865912e-02  1.06849410e-01  1.21235959e-02
 -6.10743500e-02  2.83676758e-02  6.92700446e-02  3.82156558e-02
 -2.61626905e-03 -2.37725023e-02  2.82927905e-03  2.34756526e-03
  2.81456709e-02  1.39115572e-01 -3.08237802e-02  1.80091206e-02
  1.09376900e-01 -8.18175264e-03 -5.23780957e-02  1.20208770e-01
  5.01667298e-02 -4.29833084e-02  9.78699327e-02  5.26217744e-02
  1.59803225e-04  2.57700514e-02 -4.16573742e-03 -3.12776901e-02
  7.18612447e-02 -9.45552066e-03  3.93169485e-02  2.52319425e-02
 -2.47430764e-02 -1.45153090e-01  2.98600513e-02  5.89010939e-02
 -3.31153162e-02  6.29319772e-02 -2.71184072e-02  2.03858465e-02
 -3.69815272e-03 -5.47447205e-02  1.67589933e-02 -2.27615703e-02
  7.04360008e-02  9.02621672e-02 -1.19522838e-02 -6.81077093e-02
 -2.22082883e-02  1.48545131e-02 -1.52776558e-02  1.99030340e-02
 -1.32305652e-01  1.76203046e-02  2.41791755e-02  2.13365313e-02
 -4.79208119e-02  8.23445097e-02 -6.09619208e-02  2.00543478e-02
 -1.75583269e-02 -8.07601586e-02  3.88858840e-02 -2.67792549e-02
 -3.18314843e-02 -2.50093360e-02 -2.59626135e-02 -3.91713940e-02
 -7.08984733e-02  1.07136443e-02  1.36027317e-02 -2.69909408e-02
 -1.26640042e-02  4.71544750e-02  2.26475373e-02  4.27489132e-02
 -4.12780652e-03 -2.41551995e-02  3.93741876e-02  7.63842091e-02
 -1.09201744e-01  2.95192506e-02  1.94149707e-02 -6.52815700e-02
 -1.31357890e-02  4.04723510e-02  1.57175269e-02  1.76281966e-02
  2.30537038e-02  6.52101263e-03  3.56345670e-03 -5.10937274e-02
 -2.11328380e-02 -2.32724510e-02  2.11195238e-02 -3.83898125e-33
  7.49679953e-02  7.37171099e-02 -2.32353117e-02 -4.82209725e-03
  2.32295524e-02 -5.36239054e-03 -1.46127939e-02 -2.02733446e-02
 -9.27734841e-03  3.85999940e-02  3.47521305e-02  1.70463498e-03
  1.01531915e-01  1.11156128e-01  2.16881782e-02  6.28939830e-03
 -8.21623430e-02 -9.73606762e-03 -1.51122659e-02  3.55130993e-02
  3.64485569e-02 -1.17594987e-01  4.85638715e-02 -3.13609168e-02
 -2.80849710e-02 -4.19940948e-02 -6.44164234e-02  2.43153702e-02
  3.10664792e-02 -4.69848625e-02 -7.45056197e-02  1.04977868e-01
  2.95238998e-02  3.69794085e-03 -5.73660024e-02 -4.35569463e-03
  3.69507034e-05 -4.84312661e-02 -3.27490494e-02 -8.49671587e-02
  9.50332880e-02  1.12926858e-02 -2.98953000e-02 -1.86391342e-02
 -3.63901220e-02  1.79983340e-02 -3.27247716e-02  3.08740679e-02
  4.12868820e-02 -4.80181277e-02  1.68081485e-02  3.96101810e-02
 -1.71343423e-02 -1.60517525e-02  4.81002480e-02  3.72124724e-02
 -8.92951041e-02 -7.88128935e-03 -6.61338493e-02  7.31390668e-03
  3.05543002e-03  3.18352766e-02 -4.91537945e-03  3.90621945e-02
  3.55210081e-02 -4.90343310e-02  4.30779904e-02  2.26059631e-02
 -1.14378668e-02 -5.44387586e-02 -3.08006965e-02 -2.86712181e-02
 -1.32117569e-01 -7.29790330e-02 -4.04377207e-02  2.50104582e-03
 -6.42133281e-02 -8.52064267e-02 -1.94022097e-02 -8.67416989e-03
  8.47309828e-02 -7.26291239e-02 -1.68583579e-02  3.44399028e-02
 -9.47083607e-02  1.92814395e-02  5.17961457e-02 -7.00746551e-02
 -4.27668355e-02  7.59584382e-02 -1.40266001e-01 -5.31805940e-02
 -1.28866762e-01 -1.15592666e-01 -5.02603091e-02 -3.80354024e-08
 -2.44828407e-04  4.73429561e-02  2.03317832e-02 -2.71104518e-02
  1.44527545e-02  7.52645805e-02 -8.78204778e-02  2.82295607e-02
  5.75173981e-02  1.42867386e-01  2.03934181e-02 -3.89957875e-02
  3.13778333e-02 -1.44535704e-02  1.68349072e-02 -2.01598350e-02
 -7.59966373e-02  3.39748077e-02 -6.17856300e-03  1.62918307e-02
  1.38461813e-02  6.69310465e-02  3.27849924e-03 -2.64918208e-02
  2.79933889e-03 -6.17652126e-02 -5.86247351e-03  6.70598028e-03
 -4.90842089e-02 -1.21317379e-01  1.42687396e-03 -7.45549425e-02
  6.98888600e-02  6.05650321e-02  4.43990231e-02 -7.03121861e-03
  6.48017926e-03 -8.54956917e-03  1.35416165e-02 -6.41445145e-02
  4.46977802e-02 -6.98382109e-02  3.00691761e-02 -1.20044760e-02
 -9.59461089e-03 -3.38774659e-02  4.62165801e-03  3.01337540e-02
  9.79176350e-03  1.46850962e-02 -7.24326596e-02  3.39932404e-02
 -3.12813483e-02 -2.80275550e-02 -3.76465730e-03  4.89048585e-02
 -8.52408912e-03  4.82824072e-02  1.32457707e-02 -4.02610609e-03
 -4.04205658e-02 -9.91118029e-02 -2.15391479e-02 -1.09777432e-02]"
How does HIV/AIDS affect children and infants?,"Children and infants can acquire HIV from their mothers during pregnancy, birth, or breastfeeding. Without treatment, they are at high risk of serious illness due to their undeveloped immune system. Early diagnosis and treatment are crucial for their survival and health.","HIV/AIDS in children and infants, often acquired from their mothers, poses a high risk of severe illness. Early treatment is vital for their health.","How does HIV/AIDS affect children and infants? Children and infants can acquire HIV from their mothers during pregnancy, birth, or breastfeeding. Without treatment, they are at high risk of serious illness due to their undeveloped immune system. Early diagnosis and treatment are crucial for their survival and health.","[-4.10662731e-03  6.68226928e-02  1.09165246e-02  4.23095636e-02
  4.02356796e-02  6.11727275e-02  3.79052795e-02  6.70803636e-02
  3.72526608e-02  6.16883636e-02 -1.12140412e-03  5.92754036e-02
  1.25489598e-02 -5.17430194e-02  1.29036028e-02  1.79073066e-02
 -1.92140567e-03  8.20939094e-02  6.17939467e-03  1.23897307e-02
  2.27701664e-02 -6.65226905e-03  7.63489632e-03 -6.80061206e-02
 -6.53997585e-02  9.70276520e-02 -6.13213750e-03  3.44157778e-02
  5.53947166e-02  6.13101572e-02 -4.29303460e-02 -5.82020618e-02
  3.43749896e-02  1.07320892e-02 -1.63712800e-01  1.19093833e-02
  4.26833145e-03  2.27292255e-02  6.68935152e-03 -4.45059575e-02
  5.25195673e-02  3.17021981e-02 -7.23481551e-02 -5.55272168e-03
  4.63780351e-02 -6.62305504e-02  1.79245118e-02  2.27447022e-02
 -7.68607780e-02 -6.43580705e-02 -2.25460287e-02 -2.75945291e-02
 -1.52968066e-02  2.69605219e-02 -7.20858276e-02 -1.80527531e-02
 -8.86925757e-02 -5.58402762e-03  1.11179836e-02  5.98974116e-02
  3.08671538e-02  1.96688697e-02  1.06339399e-02 -1.49170803e-02
  1.37723293e-02 -1.94348972e-02  9.49578919e-03  1.53524086e-01
  4.04816978e-02 -2.45810114e-02  2.10516509e-02  3.77980135e-02
 -3.35633010e-02  4.53165136e-02 -2.30071414e-02  2.17789505e-02
 -8.21922496e-02  1.66222826e-03  8.19257349e-02  2.77802301e-05
 -3.38186300e-03  4.01530750e-02  2.51868721e-02 -3.90370749e-02
 -2.04143692e-02  3.21703404e-02  4.41156998e-02 -2.48224214e-02
 -7.76551068e-02 -3.00292224e-02  2.64708269e-02 -2.14443542e-02
  3.73385213e-02  1.12126498e-02  3.07189748e-02 -5.24154343e-02
 -3.39694209e-02 -1.31362891e-02 -6.87870383e-02 -5.03865965e-02
 -5.05262241e-02 -4.07866091e-02 -4.82296199e-02  5.79961427e-02
 -2.47421321e-02  6.97526261e-02 -6.50141239e-02 -1.11750767e-01
 -6.28013164e-02  3.61532308e-02 -7.71885589e-02  1.44148506e-02
  5.73694997e-04 -9.18236934e-03  1.64407585e-02 -5.45494221e-02
 -2.39108503e-02 -1.09074503e-01 -4.96489964e-02 -4.22076806e-02
  9.67535283e-03 -5.02101518e-02  2.51079947e-02  9.07767471e-03
 -1.18129775e-02 -1.32072881e-01  3.59706096e-02 -6.28525993e-34
 -4.18088585e-02 -4.93480638e-02  4.28866670e-02  6.79016933e-02
  3.02993264e-02  1.04195148e-01  9.19686854e-02 -3.35608572e-02
  4.16236967e-02  1.74404196e-02 -2.79985983e-02 -7.19558448e-02
  1.06679276e-01  3.33905295e-02 -5.10197394e-02  4.03270088e-02
 -2.84749530e-02 -2.24973597e-02 -1.56751424e-02  1.60386205e-01
  2.58339033e-03 -6.06528223e-02  3.75540145e-02  5.70539981e-02
  6.79350784e-03  4.68468145e-02 -3.80309336e-02  8.65085050e-02
  2.66779419e-02 -2.07946692e-02  3.15136947e-02  5.77346310e-02
 -5.90385497e-02 -8.75849947e-02 -8.47665220e-02  5.43856397e-02
  5.27521521e-02  6.80943727e-02 -7.46355802e-02  3.72299962e-02
 -3.88546623e-02 -2.77091675e-02  3.52057070e-02  4.97925766e-02
  6.52985368e-03  5.36196642e-02 -6.54828921e-03 -1.03582613e-01
 -2.53328849e-02 -6.24775141e-02  5.67647964e-02 -1.27495024e-02
 -1.33892447e-01 -1.82937160e-02 -1.64381973e-02  9.54632461e-02
 -3.17158625e-02  9.32830945e-02 -1.23277985e-01 -3.01260613e-02
 -2.30224095e-02 -1.72348335e-01  7.15765879e-02 -6.82461411e-02
 -8.31874367e-03  2.23794300e-02  6.32957071e-02 -1.72179025e-02
 -5.33302911e-02 -8.32075067e-03 -1.58857554e-02 -8.91508535e-02
 -3.92285958e-02 -3.37047689e-02  5.23420535e-02  4.15395387e-02
 -1.64262354e-02 -4.27737087e-02  4.86170910e-02  6.60457462e-02
 -3.48407775e-02 -3.34426351e-02  1.39316350e-01 -8.09079930e-02
 -5.72510399e-02 -3.29458378e-02 -1.72196906e-02 -4.65505570e-03
  3.04626636e-02 -4.63089570e-02  1.54221721e-03  4.55215052e-02
 -1.25284856e-02  3.51984836e-02  6.60952628e-02 -3.82101492e-33
  3.04664429e-02  5.91155402e-02 -1.13395248e-02 -5.78119718e-02
 -5.25219999e-02  1.90017428e-02  3.83232012e-02 -2.69886758e-02
  4.77899723e-02  6.35985937e-03 -1.76469069e-02 -2.16804240e-02
  2.51347423e-02  5.23427762e-02  3.46032926e-03  2.67799888e-02
  3.40583511e-02  6.77823350e-02  4.06182706e-02  3.91108990e-02
 -2.37910394e-02  2.25946587e-02 -7.00312704e-02 -4.13932912e-02
  8.73838365e-02 -2.89762095e-02 -4.94911224e-02  3.51899564e-02
  6.06912524e-02  2.10276991e-03  3.22888494e-02  2.02461500e-02
  8.68903175e-02  2.30123587e-02 -2.56637181e-03  1.61351208e-02
 -2.31755003e-02  2.46688128e-02 -3.31256986e-02 -7.48762041e-02
  8.92532021e-02 -4.72202674e-02 -6.66031428e-03  3.45170721e-02
 -5.43579124e-02 -5.89595027e-02  3.74945626e-02  8.75384584e-02
  1.55141065e-03  2.26676576e-02  7.93317482e-02  2.06657164e-02
 -1.20538222e-02  2.34433152e-02  1.43709974e-02 -3.58472345e-03
  3.56643125e-02 -9.79933329e-03  5.07420339e-02  5.76991402e-02
 -6.15627095e-02  1.93905588e-02 -7.85187557e-02 -1.83925796e-02
 -2.20977720e-02 -4.15748768e-02 -6.11257292e-02 -3.31778899e-02
  4.64138240e-02 -6.93076774e-02  8.21390655e-03  2.50819456e-02
  2.73860176e-03 -1.04830660e-01 -1.01480044e-01 -5.25526376e-03
 -1.01159506e-01 -3.37320869e-03 -5.76663762e-02  4.71378416e-02
  2.00136844e-02 -2.40313224e-02  2.46624909e-02 -4.44799196e-03
 -7.25603700e-02 -4.40727137e-02  3.11867781e-02 -7.62880221e-02
 -2.02332381e-02  3.22510675e-02 -6.16712384e-02 -4.58480977e-02
 -6.67765439e-02 -7.86498040e-02 -5.49417883e-02 -3.38820385e-08
  5.49520738e-02  2.82934923e-02  4.93180417e-02 -2.13766526e-02
  2.07173750e-02  2.65763756e-02 -1.01914734e-01  5.20443767e-02
  5.91751859e-02  7.90381283e-02 -6.03531897e-02  7.12906569e-03
 -1.87577922e-02  3.26351225e-02  8.20720717e-02  7.12304329e-03
 -4.42901663e-02  6.93359086e-03 -9.99678392e-03 -1.57445315e-02
 -6.44798100e-04  6.94268942e-02  4.13307622e-02  1.11508658e-02
  3.48400809e-02 -6.21284023e-02  2.72453129e-02 -3.90729047e-02
 -2.36939304e-02 -4.56351042e-02  2.98643485e-02 -4.59043495e-02
  4.44755591e-02  9.95445028e-02  2.94778310e-02 -5.78397773e-02
 -9.87524260e-03  9.42309666e-03  1.09535437e-02 -8.03515837e-02
  3.45360227e-02  1.59535557e-02  3.52104530e-02 -8.93824920e-03
 -1.53483311e-02 -7.11085275e-02 -4.32229303e-02 -4.88130376e-02
  3.09859589e-02  1.54958731e-02 -5.78313470e-02  2.30422169e-02
 -6.95085227e-02 -7.23459274e-02  6.80336729e-03  3.79309244e-02
 -2.18895823e-02  4.66942638e-02  6.01183660e-02  4.01504487e-02
 -7.92417601e-02 -2.70355269e-02  7.23832399e-02 -3.54161412e-02]"
What are the psychological impacts of living with HIV/AIDS?,"Living with HIV/AIDS can lead to significant psychological stress, including anxiety, depression, and feelings of guilt or shame. The stigma associated with the disease can exacerbate these issues, impacting mental health and overall well-being.","Individuals with HIV/AIDS often face psychological challenges like anxiety, depression, and stigma-related stress, affecting their mental health.","What are the psychological impacts of living with HIV/AIDS? Living with HIV/AIDS can lead to significant psychological stress, including anxiety, depression, and feelings of guilt or shame. The stigma associated with the disease can exacerbate these issues, impacting mental health and overall well-being.","[ 1.44298002e-02  1.15245916e-01  1.94750484e-02  5.77226616e-02
  9.28874165e-02  4.44453880e-02  7.25666732e-02  5.00852764e-02
  7.06291497e-02  3.39787006e-02  2.33176518e-02  1.04443757e-02
  7.92399049e-03 -4.03496884e-02  3.73925567e-02 -1.93741694e-02
 -5.30143604e-02  4.90312874e-02 -3.29589322e-02  8.14269707e-02
  3.71890655e-03 -6.41309246e-02  7.06298128e-02 -2.21367609e-02
 -3.68601792e-02  7.27860183e-02 -1.22560607e-02  4.22503613e-02
  3.77757624e-02  5.69857024e-02 -5.70929563e-03 -1.35242287e-02
  3.46188135e-02  2.02306975e-02 -6.66451454e-02 -1.20146805e-02
 -1.28609352e-02  2.41079107e-02  4.08776365e-02 -1.51350759e-02
  5.06793223e-02 -4.73172497e-03  6.33167699e-02  4.49957512e-02
 -1.67857427e-02 -1.10702977e-01 -9.73486807e-03  2.36416776e-02
 -4.31586877e-02 -9.33053493e-02  8.99830647e-03  1.85777415e-02
 -6.00555399e-03 -8.96736607e-02 -3.15904580e-02  2.30891444e-02
  1.94084868e-02  7.11880391e-03 -5.51323369e-02  4.78105247e-02
  1.12412095e-01  5.76803349e-02  3.35492678e-02  2.63039861e-02
  5.53191900e-02  2.11832337e-02 -3.58975045e-02  7.72163793e-02
  9.48261644e-04 -1.56729633e-03 -5.79532199e-02 -5.09306341e-02
 -1.07305467e-01 -3.51819284e-02  3.89531478e-02  3.50930803e-02
 -9.60811824e-02 -1.52039668e-02  4.12683263e-02  5.02822287e-02
  1.43894657e-01  1.20538965e-01  1.75671596e-02 -2.47782599e-02
 -3.76813076e-02 -8.85516591e-03  6.77371845e-02  8.52873921e-03
 -2.02308372e-02  1.02539258e-02  2.21499950e-02 -5.59278615e-02
 -4.89583146e-03  3.47657725e-02 -2.64784019e-03 -1.31298963e-03
 -8.88097137e-02  2.82425918e-02 -4.58722450e-02  2.40612659e-03
 -6.88156858e-02 -4.68767062e-02 -3.23468260e-02  2.43620556e-02
  2.81699409e-04  9.66322944e-02 -2.10388321e-02 -7.96744898e-02
 -7.01401606e-02 -9.96181462e-03 -9.60220918e-02 -2.70343199e-02
  1.10652600e-03 -6.87016398e-02  2.88076270e-02 -5.60844131e-03
 -2.14528176e-03 -5.91469817e-02 -2.85015744e-03 -3.44557390e-02
  5.86753376e-02 -1.08608969e-01  2.26736274e-02  1.28074605e-02
  2.14704834e-02 -5.35768010e-02  1.75450798e-02 -1.20495297e-33
  4.42591421e-02 -5.12215309e-02  1.79762021e-02 -1.47453919e-02
  4.92723584e-02  3.54974493e-02  3.56504358e-02  9.23230127e-03
  3.35353538e-02  3.26953828e-02  1.79984681e-02 -1.74068229e-03
  1.64871290e-02  5.66496998e-02 -1.00192748e-01 -3.11752856e-02
 -1.59381237e-03  3.34512964e-02  9.47665982e-03  1.34823576e-01
 -3.81285027e-02 -3.23036686e-02  6.11014403e-02  9.87929478e-02
 -6.05601678e-03 -3.23854871e-02 -1.67048797e-02 -1.10005084e-02
  5.97060076e-04 -4.09113169e-02 -3.36001404e-02  8.74561369e-02
  1.92732606e-02 -9.69586819e-02 -2.77894493e-02  9.91590545e-02
 -3.61073762e-02  5.85012287e-02 -3.37548810e-03 -2.99523771e-02
  3.75161059e-02 -1.98378526e-02  1.98015142e-02  4.17678617e-02
  4.61786576e-02  7.82461986e-02 -1.29682035e-03 -8.44517872e-02
 -4.63425405e-02 -8.88900273e-03  1.41732236e-02  2.81268116e-02
 -9.84390154e-02 -8.49170424e-03 -2.46015433e-02 -8.83197226e-03
 -5.98616386e-03 -2.26894021e-02 -3.96110974e-02 -6.52218387e-02
 -5.81544079e-02 -1.18674316e-01  1.87614970e-02 -7.96632543e-02
  3.24008912e-02 -7.67521840e-03  6.18807003e-02 -8.66783187e-02
 -5.48757538e-02  5.62287457e-02 -3.84622253e-02 -4.24198806e-02
 -7.74398670e-02 -1.81671754e-02  5.96985742e-02  5.92486411e-02
 -1.08860552e-01 -1.54564515e-01 -4.80618551e-02 -6.52439427e-04
 -2.22687377e-03 -2.35316902e-02  2.27133147e-02 -1.42129455e-02
  1.01750661e-02  4.55065295e-02 -5.09181879e-02 -5.86370230e-02
  2.45022029e-02 -5.24160527e-02  8.78603384e-02  3.67449149e-02
  8.81063286e-03 -3.51322303e-03 -1.09107196e-02 -2.26424787e-33
  4.34488356e-02  1.66910980e-02 -2.49169581e-02 -1.18814059e-01
 -2.69356892e-02  2.51671467e-02  5.74524477e-02  7.94455409e-03
 -5.79810236e-03  3.08297984e-02  4.57432792e-02 -3.81018370e-02
  1.23833194e-02  1.12887129e-01  3.89068795e-04 -1.26925083e-02
 -5.07648140e-02  3.18259676e-03 -7.46977609e-03 -9.38164908e-03
 -2.08119079e-02  4.90002520e-02 -3.16773579e-02 -1.08507983e-02
  2.10764483e-02 -1.72356982e-02 -7.03084916e-02 -2.27124598e-02
  7.00197890e-02 -4.13112789e-02  3.93217951e-02  1.05298974e-01
  1.53151145e-02  4.38494422e-02  1.39485570e-02  2.54071634e-02
  6.02286123e-02 -2.20523532e-02 -2.92314515e-02 -1.26682937e-01
  6.34418949e-02 -4.59734797e-02 -1.78652145e-02 -9.73885879e-03
  2.11611260e-02 -3.40233296e-02  2.20572669e-03  9.06800106e-03
  1.24550192e-02  4.16691341e-02  1.31800780e-02  3.56295109e-02
 -1.47350999e-02  1.97320133e-02  9.34684724e-02 -6.81384802e-02
 -4.43592817e-02 -2.00809538e-02 -2.73338873e-02  4.03117435e-03
 -6.57208413e-02  6.46326467e-02 -6.95542851e-03  1.03792874e-03
 -1.46180037e-02 -1.26292715e-02 -2.24362537e-02 -7.31585920e-03
  2.12002806e-02 -5.19453548e-02 -3.84343266e-02 -3.35920379e-02
 -4.89026606e-02 -6.85519576e-02 -6.81958571e-02 -1.07374554e-02
 -4.93889637e-02  7.30355084e-03 -4.48148921e-02  6.53774366e-02
 -7.22424090e-02 -8.60584229e-02  4.20186035e-02 -1.20215071e-02
 -1.36134982e-01 -1.02098268e-02  4.42859856e-03 -1.34501299e-02
 -4.86439988e-02  9.02268142e-02 -9.90427062e-02  3.30755413e-02
 -1.00304946e-01 -9.33407769e-02 -3.16819064e-02 -3.38816051e-08
 -4.26260103e-03  1.42966220e-02 -7.07681943e-03 -2.81416196e-02
  2.47010812e-02  7.77995959e-02 -2.46770028e-02  4.99121621e-02
  1.48519939e-02  1.06868804e-01 -1.61265191e-02 -4.29473817e-02
 -1.72049105e-02  9.29760858e-02 -7.58916978e-03  3.52117047e-02
 -2.18592882e-02 -3.89387319e-03  1.19446181e-02 -5.33974282e-02
 -7.00444058e-02  8.20953473e-02 -7.48134851e-02  2.76970230e-02
 -1.04924738e-02 -8.03454500e-03  1.52688324e-02  1.51738878e-02
 -4.29402478e-02  1.24425569e-03  5.33985831e-02 -3.94624211e-02
  4.15259004e-02  9.95449573e-02  4.82157394e-02 -6.84344620e-02
  4.36514094e-02 -6.37114868e-02  1.03881665e-01 -4.94699553e-02
  9.58064124e-02  1.80362221e-02  3.74104176e-03  1.19209262e-02
 -7.45437341e-03 -7.74882585e-02  2.91433791e-03 -2.30416767e-02
 -3.54986973e-02 -3.43193300e-02  3.85745103e-03  9.55306143e-02
 -7.88349360e-02  1.43369446e-02 -3.29164900e-02  3.56295258e-02
 -9.32949595e-03  1.64610445e-01 -2.76237838e-02 -3.87651287e-02
 -2.36808192e-02 -5.86860403e-02 -1.71084423e-02 -6.37258813e-02]"
How has HIV/AIDS treatment evolved over the years?,"Since the 1980s, HIV/AIDS treatment has evolved significantly. Early treatments were less effective and had severe side effects. Today, antiretroviral therapy (ART) has transformed HIV into a manageable chronic condition, with fewer side effects and improved outcomes.","HIV/AIDS treatment has progressed from less effective and harsh therapies to modern ART, making HIV a manageable chronic condition.","How has HIV/AIDS treatment evolved over the years? Since the 1980s, HIV/AIDS treatment has evolved significantly. Early treatments were less effective and had severe side effects. Today, antiretroviral therapy (ART) has transformed HIV into a manageable chronic condition, with fewer side effects and improved outcomes.","[-6.00842908e-02  5.94577119e-02  3.59561294e-02  4.55589071e-02
  2.05727555e-02  5.94264083e-02 -6.10876493e-02  1.00395389e-01
  5.74352220e-02  3.85918617e-02  3.02867312e-03  1.42148718e-01
 -1.34685561e-02  3.83049473e-02  9.26613808e-03  4.29869536e-03
 -3.05922441e-02 -1.76085085e-02  1.31662353e-03  5.86154610e-02
 -5.67574278e-02 -4.91278006e-05  7.12353960e-02 -4.95391823e-02
 -8.58344287e-02  6.04655743e-02 -2.52688546e-02  2.31508892e-02
  4.83998396e-02 -1.13264534e-04  8.67066812e-03  6.24997728e-02
  2.71687675e-02 -4.03571203e-02 -1.25490978e-01  3.39139812e-02
 -1.02334052e-01  2.30291416e-03 -3.04411054e-02  7.59122521e-03
  1.99549496e-02 -3.47966030e-02 -6.16167448e-02  1.37276191e-03
 -7.67913600e-03 -9.30086374e-02 -3.16680036e-02  3.52998041e-02
 -5.97547106e-02 -4.59002331e-02  6.38422696e-03 -2.80817132e-02
 -8.69312696e-03 -7.64729157e-02 -1.38526568e-02 -5.36278486e-02
 -6.71632066e-02  5.15517332e-02 -2.60754637e-02  1.81074869e-02
  7.95648247e-02  6.37438446e-02 -8.64306116e-04  4.39859508e-03
 -4.72968221e-02  1.89960934e-02 -1.78403463e-02  8.66119564e-02
  4.81797718e-02  1.50838923e-02 -7.19155893e-02  2.03064214e-02
 -1.23818524e-01  5.07332832e-02  1.97556894e-03 -1.59833468e-02
 -4.46424708e-02  6.05442142e-03  3.93188559e-02 -5.24678640e-02
  7.68882930e-02  1.99961644e-02  5.34224361e-02  5.21791205e-02
 -4.93441522e-02  1.58182401e-02 -2.13796683e-02 -4.53385301e-02
  1.82168055e-02 -6.07449412e-02  7.44922608e-02  9.57053155e-02
 -5.81339188e-02 -3.32554504e-02  5.74015491e-02 -3.17347609e-02
 -5.12931533e-02 -1.20764412e-02 -1.49220284e-02  2.46667489e-02
 -2.61445642e-02 -4.03948203e-02  5.47977164e-03 -6.71338066e-02
  7.56240264e-02  7.99285807e-03  5.90970786e-03 -5.60694560e-02
 -6.56095445e-02 -1.46237332e-02 -4.62466925e-02 -4.34785374e-02
  1.38032278e-02 -2.68052723e-02  3.40468138e-02 -3.70698757e-02
 -5.09552807e-02 -3.50868516e-03  2.81958636e-02  5.49152121e-02
  9.96126533e-02 -7.69082531e-02  2.02640519e-02 -1.70327369e-02
 -4.23506685e-02 -8.88014771e-03  6.93754181e-02 -4.80732236e-34
  1.32516548e-02 -6.59798160e-02  3.28029804e-02  6.96901754e-02
  1.54146496e-02  1.09889163e-02  6.14882782e-02  2.01717834e-03
 -1.82975326e-02 -6.77628145e-02  3.44017595e-02 -1.70687176e-02
 -5.01792645e-03  1.07136481e-01 -5.13137039e-03 -5.77277392e-02
 -3.53728794e-02  1.73016973e-02  2.26840880e-02  3.68997268e-02
  2.17892881e-02  1.62943602e-02  6.36020452e-02  4.90085743e-02
 -2.60488107e-03  7.18527734e-02 -4.06688862e-02  1.93659682e-02
  3.44078504e-02 -5.14133908e-02  5.95134348e-02  1.54846460e-01
 -5.76183423e-02 -1.14047803e-01 -1.33227333e-02  5.44554591e-02
  2.06161551e-02 -4.51140627e-02 -3.97585854e-02 -2.81828586e-02
  4.94588688e-02  4.71545296e-04  1.10911103e-02 -4.16124761e-02
  1.14783913e-01  8.82100984e-02 -9.04053450e-02 -8.83925483e-02
 -3.86536866e-02 -5.48793003e-02  4.45287377e-02  5.92256859e-02
 -8.73219967e-02 -1.40189454e-02 -3.00363209e-02  2.06419602e-02
 -6.95568323e-02  9.52330306e-02 -3.27230915e-02  3.00842989e-02
  3.16072628e-02 -1.24087315e-02  5.03676869e-02 -6.36733696e-02
 -7.59990364e-02  7.64110009e-04  4.27170247e-02 -7.96279982e-02
 -1.09191775e-01  3.68788429e-02 -4.40468043e-02 -3.73859964e-02
 -7.29586929e-02 -2.75793970e-02  8.93279612e-02 -2.55470145e-02
 -7.28173330e-02 -7.06229210e-02  1.41126821e-02  3.37900128e-03
 -9.83526632e-02  3.59672606e-02  6.99796062e-03 -1.45173175e-02
  2.34923456e-02 -3.31870951e-02 -1.02796238e-02  3.07749007e-02
  2.83762626e-02 -2.91466154e-02  1.04987621e-02 -2.77778949e-04
 -1.48130767e-02  5.70091605e-02  1.03057280e-01 -3.88767904e-33
  4.53301668e-02  1.41711999e-02  2.12625023e-02  1.46806275e-03
  2.60131489e-02  5.79827465e-02 -1.60617965e-05 -9.71410424e-03
  7.30080754e-02  2.75914893e-02  8.37255642e-02 -1.85183976e-02
  3.29787657e-02  7.58667961e-02  1.56381112e-02 -5.92489587e-03
 -2.63515916e-02  1.57380085e-02 -3.78916077e-02  5.93251288e-02
  2.65731011e-02  4.28413041e-02 -1.61594991e-02 -6.06832393e-02
  3.83329615e-02 -2.65721995e-02 -2.02739686e-02  5.15730791e-02
  3.02216783e-02  9.91716236e-03 -6.62902519e-02  2.30621430e-03
  5.70859853e-03 -1.37384015e-03 -3.40396687e-02  3.10679376e-02
  2.42105052e-02 -1.29118077e-02 -1.15792463e-02 -9.30938348e-02
  5.10991104e-02 -9.35634449e-02 -3.44684571e-02  7.79503956e-02
  6.88056871e-02 -1.36891939e-02 -2.42838264e-02  3.60670611e-02
  3.81737724e-02 -5.45940734e-02  2.79377028e-02  3.37542482e-02
  1.38303442e-02 -5.86657003e-02  3.36896926e-02 -8.57341290e-02
 -1.22091512e-03 -3.87607180e-02 -7.95874745e-02  6.30934238e-02
 -1.09679639e-01  1.69643220e-02 -8.66920513e-04 -3.66838053e-02
  1.80212371e-02  8.47802758e-02  3.52425575e-02  4.80851717e-03
 -3.57456505e-02 -1.48498431e-01  1.96208991e-02  1.99411828e-02
 -4.09716927e-02 -1.92829967e-02 -1.01867076e-02  6.99787633e-03
 -4.75426540e-02 -1.25130534e-01 -7.84124583e-02 -6.18114311e-04
 -9.39536616e-02 -9.25227627e-02  2.33834460e-02 -1.38852661e-02
 -8.67716819e-02  6.27750158e-02 -5.08874543e-02 -7.86183551e-02
 -2.48202356e-03  1.25480190e-01 -4.50715832e-02 -1.00809798e-01
 -1.39302090e-02 -4.46000248e-02 -4.14202027e-02 -3.63433443e-08
  3.32289538e-03  4.31392863e-02  6.88194782e-02 -1.47273615e-02
  6.81897774e-02  4.31680940e-02 -7.70762265e-02  5.51103316e-02
  4.42104861e-02  5.63948713e-02 -6.72270507e-02  4.49464470e-02
  7.87768364e-02  2.20605973e-02  5.60904182e-02 -1.12330401e-02
 -3.27448174e-02  3.18181179e-02 -7.95078836e-03 -5.43911383e-02
 -4.52951156e-02  3.86995301e-02 -1.86503530e-02 -6.12666607e-02
 -2.71677170e-02  6.91740913e-03  1.22496579e-03 -6.66653141e-02
  3.51133291e-03 -6.86121807e-02  3.62131484e-02 -1.03402296e-02
  7.73276389e-02  7.33073354e-02  2.20210794e-02 -5.44436648e-02
  4.75190766e-03 -5.43430373e-02  6.54191449e-02 -1.25459194e-01
  6.83244839e-02  2.73291990e-02 -2.10639715e-04 -2.07542200e-02
  3.18700969e-02  2.17072740e-02  1.98589475e-03 -1.44024903e-03
  1.80469342e-02 -5.79007715e-02 -1.23552354e-02  6.62626624e-02
 -1.80427190e-02 -4.37263474e-02  4.04035002e-02 -2.48423424e-02
  2.34431215e-02  9.17335227e-03  1.93060245e-02  7.12227682e-03
 -6.61227182e-02 -7.77995810e-02  6.21336326e-02 -1.40379160e-03]"
Can HIV/AIDS be transmitted through blood transfusions?,"The risk of HIV transmission through blood transfusions is extremely low in countries where blood is regularly screened for HIV. However, in areas without stringent blood screening, there remains a risk of HIV transmission through transfusions.","While rare in countries with rigorous blood screening, there is still a risk of HIV transmission through blood transfusions in areas without such measures","Can HIV/AIDS be transmitted through blood transfusions? The risk of HIV transmission through blood transfusions is extremely low in countries where blood is regularly screened for HIV. However, in areas without stringent blood screening, there remains a risk of HIV transmission through transfusions.","[-3.27168368e-02  6.50246739e-02 -2.60858648e-02 -2.48504360e-03
  1.73166599e-02  3.05388607e-02  6.42896397e-03  5.02636768e-02
  1.59205720e-02  6.33122176e-02 -3.40250917e-02  7.47896731e-03
  5.41445240e-03 -9.41220205e-03 -2.32864991e-02 -8.92107710e-02
  1.55880349e-02  2.59659737e-02 -7.42906705e-02  7.35973045e-02
  4.95088054e-03 -4.96887080e-02 -8.47978110e-04 -8.13954510e-03
 -4.19186894e-03 -2.07404327e-02 -3.31484117e-02  1.04166707e-02
  4.10040170e-02  1.16989724e-01 -6.86290041e-02 -2.34943796e-02
 -7.31244385e-02 -4.29750793e-02 -9.27276090e-02 -4.30473536e-02
 -1.54923266e-02 -1.25810662e-02  8.33758712e-03  6.96672546e-03
  4.56816331e-02 -7.30217844e-02  5.12453681e-03  3.64218093e-02
 -2.89532132e-02 -2.24071462e-02 -9.68613662e-03 -9.33835749e-03
 -8.57736692e-02 -6.98816255e-02 -1.52726173e-02  4.40625362e-02
 -2.87299920e-02  2.42567528e-03 -1.02706268e-01 -2.96898447e-02
 -3.87479439e-02 -7.21297860e-02 -2.57958304e-02  6.65285215e-02
 -7.92771764e-03  4.23215516e-02  9.64964461e-03  1.44695053e-02
 -1.11747449e-02 -2.07872898e-03  3.15811764e-03  1.28536656e-01
  5.06288260e-02 -4.87458482e-02  9.75698512e-03 -4.92247520e-04
 -9.48292091e-02  4.44886871e-02 -3.33028170e-03 -1.09293619e-02
 -6.92686439e-02  1.49978232e-03 -4.88430895e-02  6.37899116e-02
  1.00987241e-01 -8.78092367e-03  6.29215762e-02 -4.32461128e-02
 -6.58412352e-02  7.24757016e-02 -1.04233148e-02  2.62803510e-02
 -1.22154519e-01 -5.42905554e-02 -3.75553337e-03  4.54928540e-02
  4.70763929e-02  2.94482447e-02 -1.07659195e-02 -6.13956787e-02
  1.68940250e-03  5.04778996e-02  6.28038496e-02 -5.76350465e-02
 -5.96044250e-02 -2.58393027e-02 -9.58172139e-03 -1.57915205e-02
 -5.93825914e-02  1.16915936e-02 -4.47377656e-03 -7.56503418e-02
 -1.24796163e-02  2.12555043e-02  9.72556416e-03  4.59691770e-02
  8.56410414e-02 -7.69953951e-02  3.28791477e-02  2.41831187e-02
 -9.63772461e-02 -2.74660755e-02 -3.01949121e-02  1.34398162e-01
  3.88704985e-02 -5.35807833e-02  4.85935695e-02 -1.83135718e-02
  9.62583944e-02 -3.95035967e-02  1.56357259e-01 -5.45385849e-34
  4.84064780e-02 -1.06840935e-02  6.86279163e-02  2.98926216e-02
 -3.44093181e-02  8.91950950e-02  7.83714652e-03 -5.66935167e-03
  1.83117371e-02  6.26207888e-02 -8.40584375e-03 -6.31016940e-02
  3.08682881e-02  7.31842071e-02  1.40674701e-02  6.94526881e-02
  8.67552236e-02 -9.27086398e-02 -5.65268286e-02  1.26119047e-01
  6.71138316e-02 -9.36372429e-02  5.66279143e-02 -1.72724277e-02
 -6.41767227e-04 -1.32554362e-03 -9.33066234e-02 -1.49436807e-02
  5.39568625e-02 -1.47479083e-02 -5.05361483e-02  3.58128622e-02
  2.23657303e-02 -8.48288536e-02 -9.72680375e-03  8.65833461e-02
 -2.08813958e-02  2.46219970e-02 -3.94521169e-02  2.01464705e-02
  5.05910516e-02 -3.30783948e-02  1.36504304e-02  3.04040182e-02
  8.31360146e-02  5.15307188e-02 -7.61192888e-02 -1.24912240e-01
 -8.06374997e-02 -3.55551131e-02 -1.90529190e-02  5.25484374e-03
 -1.06997095e-01 -1.66566763e-02  2.57432964e-02  2.22742446e-02
  3.33220139e-02  6.48473203e-02 -1.75651014e-02  4.81908098e-02
 -1.14403650e-01  6.12065056e-03  5.36778709e-03 -3.44233178e-02
 -2.59693563e-02 -9.76153743e-03  6.41870424e-02 -6.10653162e-02
 -7.22033754e-02 -2.74421554e-02 -2.94909868e-02 -2.06406116e-02
 -6.31745309e-02 -5.67790074e-03  1.19289808e-01  4.44567762e-02
 -2.95318328e-02  5.95053378e-03  1.31104052e-01 -4.87003811e-02
 -7.49420747e-02 -1.28943613e-02  8.32557678e-02  3.92469345e-03
 -8.36415915e-04  1.89772043e-02 -3.00595649e-02  2.18426846e-02
 -9.19786617e-02 -2.05413681e-02  4.15410325e-02 -3.22308280e-02
 -5.54553121e-02 -5.33006713e-02  5.93367778e-02 -2.78227703e-33
  7.00719208e-02  3.75318527e-02 -6.47945106e-02 -6.35985136e-02
 -2.70592105e-02  1.89048573e-02  8.98654014e-02 -2.25735027e-02
  2.64762677e-02  5.44928610e-02  3.20792347e-02  2.53416616e-02
  4.97767180e-02  4.80834953e-02  2.84466464e-02  2.55455617e-02
 -2.07719561e-02  1.30149461e-02 -2.04241592e-02 -1.24237491e-02
 -2.95739900e-02 -3.60497385e-02  5.32358810e-02 -2.47215405e-02
  5.73341399e-02 -8.45841616e-02 -8.48573893e-02  8.65101516e-02
  8.37794319e-02 -3.11499275e-02  1.86984055e-02  4.28831438e-03
  3.91409062e-02  5.27425930e-02 -9.47397798e-02  5.06140944e-03
  1.18538685e-01 -2.99252360e-03  1.09513309e-02  8.05809104e-04
  4.16966714e-02 -3.16816801e-03 -1.20103313e-02  4.87721898e-03
 -5.93829416e-02 -2.56415294e-03 -5.53059988e-02  1.84269864e-02
  3.91339175e-02 -1.36806369e-02 -3.09187006e-02  5.95758036e-02
  1.38656991e-02  1.52890719e-02  3.91559005e-02 -2.73947008e-02
 -2.52913386e-02 -1.13578495e-02 -3.93450558e-02  4.57430482e-02
 -4.29576635e-02  3.95329781e-02  7.04825809e-03 -5.50858118e-02
  7.48749077e-02  2.67647803e-02 -9.67506878e-03  4.95648608e-02
  4.36382405e-02 -4.61984687e-02  2.38749236e-02 -2.83215716e-02
 -7.08156222e-05 -6.66812062e-02  1.07429726e-02 -2.15164991e-03
 -6.39946535e-02  1.01547511e-02 -4.34665456e-02  4.11988003e-03
  7.04753026e-02 -5.54227233e-02 -3.77592817e-03  5.10494225e-02
  7.95752779e-02  4.03097086e-03  5.51402643e-02 -1.39766842e-01
 -5.24489358e-02  2.53759418e-02 -8.75786766e-02 -1.88583657e-02
  2.26703100e-02 -1.09987289e-01 -3.60220633e-02 -2.84671113e-08
  1.67119820e-02  6.44684630e-03  2.52008550e-02 -8.03124998e-03
 -2.49061845e-02  8.08519498e-02 -7.95639455e-02 -2.09786706e-02
  3.18354256e-02  1.18605979e-01 -5.00798672e-02 -5.41461967e-02
 -2.06145514e-02  4.48946329e-03  4.43749875e-02  3.34035940e-02
 -1.39858862e-02 -6.78397566e-02 -1.19336592e-02 -4.67604995e-02
  1.36397015e-02  3.01186629e-02 -2.72225868e-02  3.79118472e-02
  1.67910960e-02  2.46538017e-02  2.98155099e-02 -8.20435211e-02
  5.13705947e-02 -3.15111056e-02 -4.87055853e-02 -2.89005525e-02
  5.92890903e-02  1.36704117e-01  3.56681092e-04 -4.38087024e-02
  7.86848366e-02 -3.86596285e-02  1.08334692e-02 -6.63424134e-02
  7.18623549e-02 -6.75835907e-02 -2.60497797e-02  1.09471455e-02
 -9.46310174e-04 -4.02682051e-02  2.36788038e-02 -1.34663638e-02
  1.44677162e-02 -6.60485253e-02 -3.03720627e-02  4.35030833e-03
 -1.62485689e-02 -2.40243208e-02 -1.12901395e-02 -1.29243489e-02
 -9.41936392e-03  7.27382153e-02  5.49984053e-02  5.18299267e-03
 -6.47392944e-02 -1.99057851e-02  6.31145611e-02 -7.67555609e-02]"
What role does nutrition play in managing HIV/AIDS?,"Good nutrition is crucial for people living with HIV/AIDS. It helps maintain a stronger immune system, reduces the likelihood of infections, and improves the effectiveness of treatment. Nutritional support is especially important as some antiretroviral medications may affect appetite and nutrient absorption.","Nutrition plays a vital role in managing HIV/AIDS, supporting immune function, reducing infection risk, and enhancing treatment efficacy.","What role does nutrition play in managing HIV/AIDS? Good nutrition is crucial for people living with HIV/AIDS. It helps maintain a stronger immune system, reduces the likelihood of infections, and improves the effectiveness of treatment. Nutritional support is especially important as some antiretroviral medications may affect appetite and nutrient absorption.","[-2.18771547e-02  6.49134070e-02  3.10803968e-02  1.23864086e-02
  2.22768355e-02  7.75148794e-02  3.31585631e-02 -3.11454311e-02
  2.56864410e-02  1.10161258e-03 -4.37111147e-02  6.08364902e-02
 -7.96328532e-04 -2.19143033e-02  4.83476929e-02 -6.63991794e-02
  3.03066652e-02  1.08258404e-01 -4.80505414e-02 -5.21078184e-02
 -1.22495042e-02 -2.86257453e-02  6.50411174e-02 -5.48470691e-02
 -8.15641582e-02  1.82858156e-03 -2.18344349e-02  1.07908435e-02
 -1.03813186e-02  1.29045628e-03  3.10023110e-02 -3.66743207e-02
  9.03216973e-02 -6.48464728e-03 -1.92722306e-01  6.10183179e-02
 -2.64884811e-02 -4.33139130e-02 -3.09034865e-02 -7.36538367e-03
  4.19697203e-02 -2.23527495e-02 -1.85159314e-02  1.92953292e-02
 -2.59811413e-02 -6.68687671e-02  2.38414593e-02  1.61349028e-02
 -4.76066880e-02 -5.83248548e-02 -5.76196350e-02  3.01819500e-02
 -7.23659098e-02 -5.79545915e-04  1.67493243e-02  4.74456362e-02
  4.03924612e-03  5.11816284e-03 -8.06540176e-02 -1.74485333e-02
  6.41449466e-02  3.95875275e-02  2.01380439e-03 -5.81359444e-03
  3.55740413e-02 -5.24594709e-02  9.66721028e-03  1.19519703e-01
 -6.34554774e-02 -1.76209640e-02  6.20114803e-03 -5.27764624e-03
 -2.55893599e-02  2.84349974e-02 -3.71028087e-03  3.62755693e-02
 -6.22272938e-02 -4.69940975e-02  1.96497142e-02  2.02660952e-02
  5.60045242e-02  7.57979602e-02  8.82054716e-02  8.49467143e-02
 -4.31395769e-02 -1.64601952e-02 -4.53845561e-02 -4.10215743e-02
 -6.44459669e-03  2.01491676e-02  7.38767395e-03  1.65007580e-02
  1.47391548e-02 -1.26840165e-02  3.44890580e-02  7.85659440e-03
 -3.87850776e-02 -5.33410646e-02 -3.78479734e-02 -3.24188173e-02
 -3.40002514e-02 -4.18879539e-02  4.62773554e-02  7.69962696e-03
  2.78873742e-03 -8.64585338e-04 -6.16780706e-02  4.32576686e-02
  2.31974311e-02  3.83254327e-02  8.33794381e-03  2.45714132e-02
 -5.48643209e-02  5.25507443e-02  4.94338460e-02  4.67334874e-02
 -1.57327354e-02 -8.91709775e-02 -2.45855190e-02 -5.52758062e-03
 -2.35315375e-02 -8.52065533e-02  8.24096873e-02 -1.06000639e-02
  6.08411096e-02 -5.84606566e-02  8.09891745e-02 -1.58455187e-33
 -1.01586536e-01 -8.59061480e-02  2.47558895e-02  6.17281757e-02
  2.88392697e-02  4.01844829e-02  1.94711126e-02  2.84101665e-02
  1.15637807e-02 -7.25038908e-03  3.16037191e-03 -3.05142477e-02
  4.80921827e-02  1.24271296e-01 -6.45512864e-02 -4.50697988e-02
  5.04457392e-03  8.47788453e-02  1.75187197e-02  1.18128195e-01
  4.84050252e-02 -5.27730212e-02  7.54740089e-02  5.21436743e-02
  5.44993021e-02  5.87882893e-03  4.66291327e-04  7.59881586e-02
 -1.09950937e-02 -4.93095815e-02 -1.47984708e-02  4.14879210e-02
 -3.03877462e-02 -1.08149715e-01  1.16836764e-02  7.05909822e-03
 -7.08930567e-02 -1.35219675e-02 -5.97714558e-02  2.14159489e-03
  7.55076408e-02 -2.68706810e-02  4.02929783e-02  3.43202017e-02
 -1.78505108e-02  6.87356964e-02 -1.22322142e-02 -4.94466424e-02
  4.64958325e-03 -3.40324119e-02  8.91927853e-02 -3.29103874e-04
 -5.61887622e-02 -3.29215638e-02 -1.12372311e-02 -2.41146572e-02
 -1.79738067e-02  2.71821786e-02 -9.04755071e-02 -9.84738469e-02
 -2.48108748e-02 -1.33394629e-01  1.70091502e-02 -8.15627072e-03
 -7.12481001e-03  2.78082415e-02  3.05836517e-02 -9.98280644e-02
 -2.06296295e-02  3.85720246e-02 -1.89566799e-02 -9.23721120e-02
  3.50390524e-02  4.81921211e-02  7.54274726e-02 -3.46805842e-04
 -1.09920442e-01 -9.90040079e-02  6.04903288e-02  3.28561999e-02
  2.26954781e-02 -3.71060409e-02  8.50925222e-02 -6.12202240e-03
 -4.18481156e-02 -7.14124087e-03 -2.26897411e-02 -3.47784869e-02
  1.15941666e-01 -2.04807390e-02  1.26358531e-02 -4.75855544e-03
 -8.64205211e-02  9.21987146e-02 -1.25192134e-02 -2.58620218e-33
  2.53661927e-02  1.05981715e-02 -6.64669136e-03 -1.61046050e-02
 -1.29426699e-02  2.36870125e-02 -1.44780986e-02 -8.67751762e-02
  6.44882396e-02 -2.44711917e-02  3.94439846e-02 -9.17888619e-03
  3.10174190e-02  4.60625626e-02 -3.08528934e-02  6.48258924e-02
 -4.51641530e-02 -2.67400052e-02  1.87019147e-02  2.10296642e-02
 -4.06983607e-02  1.97309982e-02  3.40997167e-02 -2.05766950e-02
  2.58291718e-02  1.85919143e-02 -5.40727600e-02  6.25889227e-02
 -8.56871484e-04 -1.76282634e-03  2.00260524e-02 -2.57134996e-03
  1.52745843e-03 -9.00086612e-02  1.52395992e-03  2.91902889e-02
 -3.75477597e-03 -2.09745653e-02 -6.71068504e-02  7.36743677e-04
  1.01015329e-01  9.42825153e-03  2.61618812e-02  2.13740580e-02
 -2.36019734e-02 -2.12795585e-02  1.19312093e-01  1.64693333e-02
  1.93523895e-02  6.82406500e-03  9.61750299e-02 -4.58287746e-02
  6.83120266e-02  6.96043810e-03  5.86977005e-02  7.59056944e-04
 -3.89162451e-02  1.87014602e-02  7.08484603e-03 -7.03644678e-02
 -1.29665852e-01  5.10261953e-02  3.78478393e-02  2.70068292e-02
  5.68961585e-03 -3.52045558e-02  4.02263366e-02 -3.71836834e-02
  3.08761187e-02 -8.92404392e-02  1.41301034e-02 -9.81304795e-02
  7.41405338e-02  2.81745419e-02 -6.97570071e-02  4.02419344e-02
 -5.57346605e-02 -4.20513675e-02 -6.63262159e-02  3.75004746e-02
 -6.37785718e-02 -1.08884268e-01 -1.86666213e-02 -5.07755466e-02
 -9.48368311e-02  8.79512876e-02  4.75738011e-03 -5.65712228e-02
 -1.22129330e-02  7.82618001e-02 -9.10703689e-02 -6.07449189e-02
  5.50972624e-03 -7.52225220e-02  2.74154097e-02 -3.37104034e-08
  7.48479292e-02  4.12794016e-03 -1.96178202e-02 -4.65309471e-02
 -3.92291434e-02 -4.88366485e-02 -3.28942575e-02  2.43373737e-02
  1.01762943e-01  1.59569085e-01  5.37677761e-03 -3.37165892e-02
  3.39531563e-02  2.73212604e-02  2.57069170e-02  3.82855139e-03
 -1.14132343e-02  3.84541824e-02 -6.05402254e-02 -6.08725995e-02
 -3.26717226e-03  1.87589740e-03 -5.09476997e-02 -2.70803412e-03
  3.13968547e-02 -2.37470288e-02  1.12524768e-02  6.62991218e-03
 -3.07739538e-04 -1.34236086e-02  3.52563523e-02 -5.38277067e-02
  8.26287642e-02  1.08673178e-01  5.74997440e-02  1.25627713e-02
  1.91377904e-02 -5.20867221e-02  1.10919647e-01 -9.23338979e-02
  2.00219061e-02 -4.02437896e-02 -3.06963790e-02  3.62436138e-02
 -1.98070649e-02  9.39137861e-03 -5.04194498e-02  6.02940395e-02
 -5.99886570e-03 -4.06081565e-02 -5.63553870e-02  7.72022381e-02
 -7.93427154e-02 -5.76889291e-02  9.18369333e-04  1.07985325e-02
  2.97254941e-04  4.00049910e-02  4.81931940e-02 -4.31343503e-02
 -9.44058821e-02 -2.03416254e-02 -3.04662399e-02 -1.34913594e-01]"
Are there specific populations more vulnerable to HIV/AIDS?,"Certain populations are at higher risk for HIV/AIDS due to factors like limited access to healthcare, higher prevalence of other sexually transmitted infections, and socioeconomic factors. These groups include men who have sex with men, intravenous drug users, sex workers, and people in high-prevalence geographic regions.","Populations like men who have sex with men, intravenous drug users, sex workers, and residents of high-prevalence areas are more vulnerable to HIV/AIDS.","Are there specific populations more vulnerable to HIV/AIDS? Certain populations are at higher risk for HIV/AIDS due to factors like limited access to healthcare, higher prevalence of other sexually transmitted infections, and socioeconomic factors. These groups include men who have sex with men, intravenous drug users, sex workers, and people in high-prevalence geographic regions.","[ 8.57944861e-02  3.62079567e-03  2.74054561e-04  5.37981577e-02
  3.78726237e-02  4.72753085e-02 -6.00692537e-03  3.22155133e-02
  1.96362138e-02  2.98237931e-02  2.25958601e-02 -3.86840478e-02
  1.15923462e-02 -1.73303355e-02  7.01899081e-02 -8.10060948e-02
 -5.41900471e-02 -1.45584811e-02 -7.74915237e-03  7.70634785e-02
 -3.60068828e-02 -2.32837237e-02  5.46369478e-02 -7.12675303e-02
 -9.35309082e-02 -5.60064390e-02  2.80448422e-02  7.84530118e-02
  1.71127878e-02  5.35535328e-02 -3.42837349e-02  4.86358590e-02
  5.13251573e-02  7.34362565e-03 -7.32894838e-02 -2.03588083e-02
 -7.42191076e-02  5.08026704e-02  5.19771986e-02  2.22028345e-02
  1.67264491e-02  1.23458020e-02  3.26765813e-02  3.80068123e-02
 -2.18208842e-02 -6.23181462e-02 -2.87061743e-02  2.17365567e-02
 -1.08327135e-01 -4.93161902e-02  5.52141257e-02  2.28373967e-02
  4.05739844e-02  1.72485020e-02 -2.65150815e-02 -1.01689227e-01
 -6.27271384e-02 -2.19883434e-02 -6.02877438e-02  3.44024971e-02
  5.21739461e-02  4.80842628e-02  1.42008942e-02 -1.07198991e-02
  2.37263367e-02  5.00911586e-02 -2.06912346e-02  6.23086020e-02
  1.20475898e-02  3.26695852e-02 -2.48307525e-03  7.48947309e-03
 -1.56626523e-01  7.01768845e-02  5.33544905e-02 -6.18412234e-02
 -5.82409427e-02  1.39271133e-02 -7.04899011e-03  3.41001078e-02
  9.70699862e-02  1.41183529e-02  4.37004827e-02  5.53066703e-03
  3.33034545e-02 -2.43422464e-02  5.39451987e-02 -1.19659351e-02
 -2.10098755e-02  3.36735020e-03  3.10201198e-02  8.35839882e-02
  6.73322529e-02  2.06359364e-02  1.42486421e-02 -5.30161848e-03
  1.95772778e-02  9.38051287e-03 -4.78503071e-02 -2.73801517e-02
 -8.33120719e-02 -1.10181600e-01  2.56083794e-02  1.59694534e-02
 -2.27953237e-03  1.26323216e-02 -4.40608263e-02 -1.02965951e-01
 -7.74138793e-02 -2.02049557e-02  1.52357935e-03  2.35671960e-02
 -1.69220835e-03 -2.05364320e-02  8.61189887e-03 -1.48998201e-01
 -2.52088178e-02 -7.78496116e-02 -4.32582898e-03  7.65662789e-02
  1.19338669e-02 -4.97837476e-02 -1.63958393e-04  1.94066798e-03
  3.36909294e-02 -3.08335349e-02 -2.17744876e-02  3.50250223e-33
  6.40404271e-03 -7.75959119e-02  2.26080269e-02 -9.77614522e-03
 -1.19581046e-02 -2.55541899e-03  8.31032246e-02 -1.64728444e-02
 -1.92211196e-02 -3.22292605e-03 -2.28489395e-02 -1.29622091e-02
 -1.48418341e-02  8.14600214e-02  2.48893891e-02  5.14297262e-02
 -2.12026108e-03  1.88472902e-03 -1.39702708e-01  4.83755767e-02
 -2.26089656e-02 -2.49198470e-02  2.00025942e-02  3.32012735e-02
 -6.46832362e-02 -1.26792369e-02  1.56112378e-02 -3.82986246e-03
  1.95547920e-02 -3.31069380e-02  1.62034314e-02  4.41266336e-02
  7.13262632e-02 -9.34187323e-02 -1.06367311e-02  8.16221684e-02
 -1.13371219e-02  5.12452014e-02 -2.21003629e-02  3.34434561e-03
 -6.03847988e-02 -1.15644587e-02  6.90181553e-02  3.80470715e-02
  1.21771224e-01  2.89611761e-02 -1.96812302e-02 -6.41806498e-02
 -1.15097776e-01  2.60285754e-02 -8.58890116e-02  7.65655413e-02
 -9.96478349e-02 -8.82360246e-03  3.62307765e-02 -4.28095236e-02
  2.00802766e-04  9.60770473e-02 -7.48517886e-02  4.65447418e-02
 -6.32324740e-02 -4.16959599e-02  5.40644675e-02 -1.04888730e-01
  1.91923212e-02 -3.94595340e-02  7.48049915e-02 -7.60655105e-02
 -5.86063378e-02  9.14746001e-02 -4.69888281e-03 -4.59772460e-02
 -5.15220687e-02  4.92372662e-02  2.96678357e-02  6.95911571e-02
 -3.59908827e-02  1.30998762e-02  6.70036152e-02 -1.86656080e-02
 -9.89535004e-02 -3.31094861e-02  5.25819324e-03 -1.90905780e-02
 -5.55612035e-02  4.03432660e-02  2.71430817e-02 -1.62251480e-02
  4.11946289e-02 -1.22999512e-02  4.42172475e-02 -6.92567974e-02
 -2.31752619e-02 -1.84786646e-03  3.27866204e-04 -5.86060819e-33
 -1.40431859e-02 -1.70195661e-02 -1.46194408e-02 -4.67028022e-02
  1.51141267e-02  4.24189307e-02  8.50222036e-02 -7.43650198e-02
  1.38088968e-02  9.26168077e-03 -5.03691398e-02 -2.28079688e-02
  1.03781871e-01  8.55205357e-02  6.77180067e-02  3.23509797e-02
 -4.93599363e-02  5.94909638e-02  3.42020877e-02  1.68657545e-02
 -1.14184041e-02 -1.60657242e-02  2.84673050e-02  1.55378878e-02
 -2.35935207e-02 -3.61540578e-02 -8.85848179e-02  1.32002281e-02
  2.56470032e-02 -3.01109739e-02 -1.36943515e-02  6.67072460e-02
  3.32710668e-02  4.96335421e-03 -2.56762411e-02  4.66989018e-02
  7.90704340e-02  2.22133659e-02  9.03712492e-03 -9.08249989e-03
  7.48721212e-02  5.37547283e-03  2.75918990e-02 -7.34602055e-03
 -9.02769621e-03  7.41759092e-02  3.47900167e-02  6.24184590e-03
  4.66467850e-02  8.69147759e-03 -9.59075894e-03 -1.11918366e-02
  5.87147009e-03  4.59525362e-02  5.02586700e-02 -1.73015110e-02
  9.34959482e-03 -5.63236289e-02 -3.18213329e-02  8.26170444e-02
 -7.14566484e-02  1.56537015e-02  1.75533034e-02  2.28911024e-02
 -1.67636648e-02 -4.76907007e-02 -3.48575115e-02 -2.99965069e-02
 -4.18333802e-03 -4.33303006e-02 -1.07295243e-02 -9.97350216e-02
 -3.78260534e-04 -1.18911058e-01 -4.87448089e-02 -4.57362039e-03
 -7.17310309e-02  2.63262745e-02 -3.69223915e-02 -1.64737850e-02
  4.86918949e-02 -6.74597919e-02 -1.40922153e-02  8.10579676e-03
 -8.66582021e-02  6.25788718e-02  7.72785619e-02 -1.11400262e-01
 -1.44372024e-02  7.71465898e-02 -1.25778586e-01  1.76903885e-02
 -7.30242878e-02 -1.04562722e-01 -3.95946428e-02 -3.99532709e-08
  3.15199085e-02  4.46071289e-02 -2.36153062e-02 -8.45076442e-02
  4.55064513e-02  5.12539893e-02 -8.52434561e-02  4.47427928e-02
  1.00607768e-01  1.51074961e-01  5.80590777e-03 -1.94406938e-02
  8.67701843e-02  1.79315154e-02  4.39703166e-02  2.68557183e-02
 -7.65651017e-02 -3.41303498e-02  8.12552962e-03 -2.44765189e-02
  2.42247563e-02  1.83092374e-02  5.62303280e-03 -3.72867808e-02
  4.26468775e-02  3.08059026e-02 -2.20018178e-02 -3.94768454e-02
 -3.38734649e-02 -4.57219854e-02 -3.77734401e-03 -7.05467463e-02
  1.85503140e-02  9.24966931e-02  8.33014399e-02 -1.78076271e-02
 -4.01797704e-03 -2.53470447e-02  5.02862632e-02 -5.33042699e-02
  6.78152069e-02 -1.46198660e-01  1.73505656e-02  4.61939685e-02
  4.22691144e-02 -6.33856505e-02 -3.29718627e-02  2.06432375e-03
  4.63038236e-02 -4.04668115e-02 -1.03893735e-01 -5.45404740e-02
  5.23679610e-03 -6.85430095e-02  6.34880678e-04 -1.58675089e-02
 -9.33548156e-03  1.00747980e-01  8.63378644e-02 -1.74007192e-02
 -2.78629772e-02 -3.76479253e-02  2.79255193e-02 -8.33245181e-03]"
What are the challenges in HIV/AIDS vaccine development?,"Developing a vaccine for HIV/AIDS is challenging due to the virus's high mutation rate, diversity, and ability to evade the immune system. Additionally, finding an effective immune response to target the virus and conducting large-scale clinical trials pose significant hurdles.","Challenges in HIV/AIDS vaccine development include the virus's rapid mutation, immune system evasion, and identifying effective immune responses.","What are the challenges in HIV/AIDS vaccine development? Developing a vaccine for HIV/AIDS is challenging due to the virus's high mutation rate, diversity, and ability to evade the immune system. Additionally, finding an effective immune response to target the virus and conducting large-scale clinical trials pose significant hurdles.","[-3.04963198e-02  3.60580646e-02  2.75109485e-02 -4.97685038e-02
  2.25880705e-02  4.48388271e-02 -5.08275107e-02  4.77863364e-02
  2.71561909e-02  7.17752129e-02 -6.47612214e-02 -1.85387079e-02
 -1.64947018e-03  7.25719240e-03 -1.22792507e-02 -5.09995669e-02
 -4.72003557e-02  4.43236977e-02  2.13101041e-02 -1.76171102e-02
 -1.06467642e-02 -3.39087471e-03  5.62000833e-02 -2.17984002e-02
 -1.27889991e-01 -3.89950275e-02  8.24548118e-03  1.61345229e-02
  2.19138805e-03 -2.13127621e-02  1.03365891e-02 -6.78928643e-02
 -3.01101562e-02 -6.72094896e-02 -1.32643282e-01 -3.14862020e-02
 -2.87224557e-02  3.37557793e-02  5.32555878e-02 -3.94224450e-02
  2.39991825e-02  1.14884821e-03 -3.35943960e-02  2.70218626e-02
  5.38909547e-02 -4.94690649e-02  1.14914747e-02  4.72552218e-02
 -5.41559607e-02 -5.21764643e-02 -5.05806692e-02 -1.11795850e-01
  1.83161199e-02 -3.73221785e-02 -4.91524190e-02 -1.49059191e-01
 -1.11184306e-01  1.48885120e-02  2.62694769e-02  2.99395174e-02
  4.46030963e-03 -6.69220462e-02 -2.71754712e-02  1.24249663e-02
  4.04982194e-02  8.04643333e-03 -2.66450029e-02  1.08687252e-01
 -8.80603120e-03  4.37842160e-02 -8.80505610e-03  7.34687969e-02
 -1.09854482e-01  1.30986035e-01  2.35997755e-02  4.33790013e-02
 -2.11427100e-02  4.56818044e-02  1.02692410e-01  5.25677428e-02
  1.00882046e-01 -4.14307043e-02  1.85856652e-02  8.62563476e-02
  4.72691841e-02 -5.03653428e-03  9.13188513e-03 -6.26132591e-03
 -1.04756290e-02 -5.68339117e-02  3.57487313e-02  8.49114324e-04
 -5.39840490e-04  3.66761610e-02  3.15070301e-02  1.36288553e-02
  2.40136199e-02  6.70778519e-03 -1.02970423e-02 -1.04423529e-02
 -7.01808110e-02 -8.44132826e-02  2.54753884e-02 -2.64244881e-02
  5.18021174e-02  2.17063781e-02 -1.01284334e-03 -1.24554612e-01
 -2.47787554e-02 -1.67780146e-02 -2.48748548e-02  4.30855490e-02
  2.45034266e-02 -4.49522212e-02  5.60236312e-02  2.49565914e-02
 -2.95150038e-02 -1.01040326e-01 -8.54557473e-03 -2.26114169e-02
  2.60540713e-02 -6.92622215e-02 -1.50256352e-02 -5.54630943e-02
  3.44716385e-02  2.26446241e-02  3.54901552e-02 -3.63534411e-33
 -1.70024056e-02  6.17124178e-02  4.46659364e-02  1.00129366e-01
 -4.02220078e-02  1.39459269e-02  8.02450925e-02  3.89471240e-02
 -6.87273070e-02  4.63241385e-03 -2.03845240e-02 -6.90513030e-02
 -3.53937433e-03  9.43350196e-02  6.70575872e-02 -5.37179448e-02
 -1.13054831e-02 -4.01946192e-04 -4.70113978e-02  3.85111384e-02
 -2.76085513e-04 -1.95380524e-02  7.73135573e-02  1.84850506e-02
  1.72561202e-02  4.60859686e-02  4.01490480e-02 -2.74372473e-02
  2.69634649e-02 -2.50389874e-02 -3.91169116e-02  7.99596310e-02
 -2.09723469e-02 -6.23031473e-03 -1.48651572e-02  4.36239839e-02
  1.92416701e-02 -1.10306069e-02  1.52795413e-03  7.00863004e-02
  1.08747883e-02  3.43048573e-02  1.91548895e-02 -3.04323784e-03
  9.49439779e-02  1.59795396e-02  2.82665025e-02 -1.21768273e-01
 -7.56057352e-02  7.24542513e-03  3.69596928e-02  8.12962502e-02
 -8.82836953e-02 -2.96296384e-02  4.48004939e-02  2.05160975e-02
 -7.43750855e-02  2.02293657e-02 -4.07344550e-02  1.64133143e-02
  1.34457462e-02 -1.07748501e-01  5.38037345e-03  6.82484033e-03
 -5.68396449e-02  3.54578868e-02  1.22152101e-02 -5.74652776e-02
  2.88517568e-02  8.17823410e-02  8.80800337e-02 -1.54364064e-01
 -6.67100027e-02 -1.03440829e-01  1.10650137e-01  5.32938279e-02
  3.51632456e-03 -4.18270268e-02  9.25979391e-02  2.10761297e-02
 -2.59025618e-02  2.61923540e-02 -2.34200824e-02  2.42644399e-02
 -4.79212776e-02 -6.93646669e-02  1.90166140e-03 -1.76077317e-02
 -5.50475828e-02 -2.42689182e-03  2.33344622e-02  4.39623147e-02
 -1.37259765e-02  5.45234047e-02  1.20403998e-01  4.11166756e-34
  1.93297304e-02 -3.74336839e-02 -5.77864721e-02  3.91017227e-03
 -2.29421761e-02  6.40203953e-02  4.04745862e-02 -1.98145071e-03
  6.71784878e-02 -5.32130804e-03 -1.47488546e-02 -3.93390469e-02
  3.58874463e-02  7.98028633e-02 -4.33385409e-02 -1.96665265e-02
 -5.75892404e-02  5.35837896e-02  2.73510013e-02  4.30213138e-02
  5.65381758e-02  5.04814684e-02  3.96828679e-03 -3.57261188e-02
  6.17878549e-02 -2.93689431e-03 -5.80133125e-02  2.70123128e-02
  4.50774767e-02 -3.40574384e-02 -8.07589665e-02  1.53201744e-02
  3.16989981e-02  3.78643759e-02 -4.64329118e-04  4.83400337e-02
  8.53312314e-02 -4.63473058e-04  3.35647762e-02 -3.45407128e-02
  4.82067168e-02 -6.38727471e-02  9.93681489e-04  2.96867955e-02
  6.34432659e-02  2.19078865e-02  3.15166861e-02  4.82063591e-02
  5.68787679e-02  6.00663833e-02  5.55074774e-02 -7.13982135e-02
 -5.86783700e-03 -1.95621498e-04 -2.86578108e-03 -3.75345312e-02
 -3.98560949e-02 -3.27190310e-02  4.48333174e-02  1.06673084e-01
 -1.14688143e-01  7.04879826e-03 -5.42116677e-03  1.15302559e-02
  4.25861403e-02  3.55465636e-02 -1.75605398e-02  1.46326404e-02
 -6.00008620e-03 -3.61516997e-02  2.43788436e-02 -2.84577124e-02
  1.15404315e-02 -6.70614243e-02 -3.94615121e-02  1.57214627e-02
 -7.77973607e-02 -1.28957722e-02 -5.02978973e-02  4.19442467e-02
  4.43063974e-02 -4.51976731e-02  2.64268760e-02  1.32925026e-02
 -2.08950927e-03  6.82759732e-02  3.23829800e-02 -9.59586948e-02
  6.98334724e-03  9.08892006e-02 -1.10176750e-01 -5.86424917e-02
 -4.88348585e-03  1.74096189e-02 -7.38973841e-02 -3.61388075e-08
  6.31695464e-02 -5.02340728e-03  3.07013560e-03 -5.35288453e-02
 -1.24836769e-02  7.05076456e-02 -1.26650065e-01 -8.03695805e-03
  4.64208871e-02  1.26222491e-01  2.39439774e-02  2.40940675e-02
  4.45105135e-02  1.09834395e-01  4.58168723e-02  2.13874001e-02
 -8.69793445e-02  3.53626981e-02 -5.38473763e-02 -7.06825405e-02
 -2.16059964e-02  8.45577270e-02 -5.49827181e-02 -1.42823020e-02
 -1.73505917e-02 -6.05510809e-02 -3.07652913e-02 -6.84658512e-02
  2.38819439e-02 -1.04885414e-01 -4.38718349e-02 -3.57228555e-02
  4.45787273e-02  8.74530002e-02 -6.57809675e-02  8.90254416e-03
 -6.64200857e-02  9.20252316e-03  7.03497902e-02 -8.20971802e-02
  2.16223132e-02  3.54132466e-02 -1.24087958e-02 -6.06872067e-02
 -7.15862066e-02 -1.89721230e-02 -7.61078894e-02  3.28554362e-02
 -2.63636652e-02 -1.81839727e-02 -3.82989049e-02 -2.41450556e-02
  4.42045648e-03 -4.85732257e-02  4.62721996e-02  5.89940734e-02
 -4.87293638e-02  1.68639831e-02  5.68462461e-02 -1.80316460e-03
  2.32690722e-02 -4.61499654e-02 -5.45463897e-03 -5.65590477e-03]"
How does HIV/AIDS affect the LGBTQ+ community?,"The LGBTQ+ community is disproportionately affected by HIV/AIDS, particularly among men who have sex with men. Stigma, discrimination, and barriers to healthcare access contribute to higher infection rates and challenges in receiving adequate treatment and support in many regions","The LGBTQ+ community, especially men who have sex with men, faces higher HIV/AIDS rates due to stigma, discrimination, and healthcare access barriers.","How does HIV/AIDS affect the LGBTQ+ community? The LGBTQ+ community is disproportionately affected by HIV/AIDS, particularly among men who have sex with men. Stigma, discrimination, and barriers to healthcare access contribute to higher infection rates and challenges in receiving adequate treatment and support in many regions","[ 5.93608096e-02  7.47051239e-02 -8.82520992e-03  6.07588775e-02
 -2.93329842e-02  3.50168571e-02  2.67920122e-02 -2.55217068e-02
  1.65541414e-02 -1.97093245e-02  2.61305273e-02  1.46786571e-02
 -4.70058843e-02  7.08815351e-04  8.77210498e-02  1.17825689e-02
 -2.69101579e-02  4.50794818e-03 -4.40656170e-02  6.00269325e-02
  1.05798645e-02 -5.83441593e-02  4.37735505e-02 -6.07474633e-02
 -8.19563717e-02 -5.23819253e-02  1.75638273e-02  4.46048155e-02
  4.28276286e-02  4.17360738e-02 -2.23662630e-02  6.26142249e-02
  4.41126414e-02  1.19945211e-02 -1.18611261e-01 -3.20526473e-02
 -6.30885363e-02 -1.47803342e-02  7.82010034e-02 -4.57718875e-03
  2.29800064e-02 -2.54444964e-02  2.81835403e-02  2.66609434e-02
  2.56227590e-02 -5.14644049e-02  3.37908380e-02  3.77672538e-02
 -1.01664208e-01 -6.81725368e-02  6.14595748e-02 -3.99024785e-02
  1.65387951e-02  2.43128724e-02 -4.40969020e-02 -2.75493823e-02
 -4.20303233e-02  3.18206818e-04 -4.34857719e-02  4.01957929e-02
  5.57015613e-02  1.36632575e-02 -1.32289939e-02  4.89521883e-02
  1.53365564e-02 -6.41153902e-02 -7.85210058e-02  6.97327331e-02
  4.45339009e-02 -4.00220528e-02 -4.71455883e-03  6.22800784e-04
 -9.27520245e-02  1.03657208e-02  3.85041460e-02 -2.73779761e-02
 -5.17376140e-02  1.20491609e-02  5.01047522e-02 -5.53297950e-03
  8.39435458e-02 -1.43806785e-02  3.47721577e-02  1.41241224e-02
 -4.15944047e-02 -2.84206867e-02  6.16840608e-02 -6.93353191e-02
 -8.65787342e-02  6.79532066e-03 -3.94267477e-02  5.67572787e-02
  4.56982628e-02 -1.14948176e-01  5.84542118e-02 -4.77852412e-02
 -1.32264849e-02  2.76066037e-03 -6.61260411e-02  4.73983362e-02
 -6.02594577e-02 -5.05625829e-02 -3.69548090e-02 -6.50793873e-03
 -5.31041324e-02  5.12112724e-03 -2.15954725e-02 -1.23353191e-02
 -9.43253487e-02  1.91111397e-02 -2.56128795e-02 -6.25965372e-02
  1.09345596e-02 -2.99321450e-02  5.15140593e-02 -4.69828695e-02
  5.89938797e-02 -2.09344570e-02  5.03667481e-02  7.30950907e-02
 -5.23000732e-02 -6.14700131e-02  2.80609112e-02  1.23677617e-02
  5.31706139e-02  4.39298935e-02  9.05050058e-03  1.67673616e-34
 -4.84678056e-03 -5.49766086e-02 -3.97929512e-02 -8.05746112e-03
  4.83052731e-02  2.81102508e-02  8.83383751e-02 -3.81322913e-02
 -3.58364023e-02  1.20211821e-02  2.50217225e-02  8.17146227e-02
  3.10764574e-02  6.33044019e-02 -3.93226966e-02 -2.79172696e-02
  2.53984183e-02  1.82055198e-02 -1.05370298e-01  5.85107096e-02
  3.44398655e-02  1.71558175e-03 -1.48620522e-02  6.21685125e-02
 -6.05090633e-02 -5.99388732e-03 -6.09157830e-02 -1.23975864e-02
  3.32241952e-02 -8.13052524e-03 -1.01155797e-02  9.77140963e-02
  1.80196706e-02 -6.84411004e-02  6.59180954e-02  8.91009048e-02
  6.13382012e-02  5.41578308e-02 -2.79105268e-02 -3.80310714e-02
 -3.27915587e-02 -4.89567779e-02 -3.25013958e-02 -1.71782344e-03
  6.32487386e-02  1.07742049e-01  3.68276015e-02 -1.03404164e-01
 -6.34479374e-02  3.72651815e-02 -1.82886254e-02  1.01709791e-01
 -1.06084570e-01  6.09360002e-02 -8.64905864e-03 -2.14272714e-03
  3.25585762e-03  3.16012576e-02  1.84741691e-02  9.54797864e-03
 -1.10705635e-02 -2.36042440e-02  8.47256482e-02 -9.46749151e-02
 -8.70647095e-03  3.51432338e-03  7.64337108e-02 -5.50801978e-02
 -1.96010601e-02  4.04700264e-02 -2.86857951e-02 -5.96837401e-02
  4.84259054e-03  5.00931218e-02  3.32682766e-02  3.06937341e-02
 -1.39824092e-01 -2.10084282e-02  7.22442642e-02  4.91775200e-03
 -6.18541948e-02  2.15306208e-02  6.86299875e-02 -1.02672271e-01
 -4.68493253e-02 -6.89583016e-04  6.15606457e-03  1.31636243e-02
  3.91225442e-02 -8.83075446e-02  1.36048626e-02  2.24937219e-02
 -1.85950026e-02  1.88191663e-02  5.11328168e-02 -3.46299166e-33
 -7.08523719e-03 -1.62744820e-02 -2.48709868e-04 -3.52874920e-02
  2.49257404e-02 -6.04974385e-03  6.57896921e-02 -3.65525633e-02
  9.55177769e-02  9.12387446e-02 -1.30409095e-03 -4.28363681e-02
  6.19735047e-02  1.16968095e-01  5.49610704e-03 -3.55821778e-03
 -1.76023021e-02  2.02011466e-02  1.01255793e-02  8.40740204e-02
 -1.13633871e-02  3.47094834e-02 -1.07893385e-02  5.84072769e-02
  3.40939127e-02 -5.56384865e-03 -3.48922377e-03 -6.07130490e-02
  6.80472925e-02 -6.55022115e-02 -1.42383976e-02  4.01191749e-02
 -3.93044576e-02 -4.41345721e-02 -7.00969016e-03 -4.26636264e-02
  3.74072976e-02  5.72254471e-02  2.18813084e-02 -8.17593709e-02
  8.89652297e-02 -5.17041236e-02 -4.45890054e-02  7.30028655e-03
  4.68921848e-02  1.20508661e-02 -2.65608188e-02  6.08941391e-02
  3.03123351e-02 -1.25649450e-02 -4.41036113e-02 -4.50984277e-02
  5.99603616e-02  1.81408860e-02  7.61879608e-02 -5.94472364e-02
 -3.31681222e-04 -6.95027411e-03 -1.35896906e-01  1.26076654e-01
 -3.83795351e-02  2.96418797e-02 -1.89202204e-02  9.99039598e-03
  1.74500942e-02 -5.20214438e-02 -8.30407999e-03 -1.00461848e-01
  4.70795929e-02 -4.31429185e-02 -7.45874224e-03 -8.06716830e-02
 -2.79063247e-02 -1.08993992e-01 -7.46285617e-02  1.97488721e-02
 -2.58028395e-02  2.40441840e-02 -4.52788472e-02  4.74420339e-02
  3.99991358e-03 -1.19788319e-01  1.14456071e-02 -3.12734134e-02
 -5.42267524e-02  1.65195204e-02  2.02022307e-02 -3.81402411e-02
 -4.44326550e-02  1.11323401e-01 -1.45520061e-01  1.08460095e-02
 -5.05048297e-02 -1.52146608e-01 -4.67583118e-03 -3.57439767e-08
 -8.51470325e-03 -3.48851942e-02 -1.41425859e-02 -4.43243375e-03
  3.47811095e-02  7.87397698e-02 -8.58421400e-02  1.77303597e-03
  9.71887335e-02  1.40502185e-01 -1.04148202e-02 -5.20641636e-03
 -9.47026256e-03  8.53813346e-03  4.61874641e-02  3.10568176e-02
  3.54081392e-03  9.86761693e-03  2.50730794e-02 -9.26074609e-02
 -1.76466107e-02 -7.42789498e-03  2.30345838e-02 -3.43602113e-02
  2.39667110e-02  1.72994956e-02 -1.55919595e-02 -3.80279310e-02
 -6.79284781e-02 -5.57084940e-02 -9.70802867e-05 -4.00755778e-02
  3.32981348e-02  1.06879033e-01  4.35838141e-02 -4.70170937e-02
  3.08939489e-03  1.04216486e-02  1.32439077e-01 -8.76090452e-02
  5.52678145e-02 -2.12530326e-02  1.19380644e-02 -3.73367220e-02
 -3.76666933e-02  2.12747678e-02  9.33210540e-04  3.64369713e-02
 -9.52426419e-02 -1.01598632e-02 -2.89666485e-02  6.74357861e-02
 -2.82427128e-02 -2.04727333e-02  3.20745111e-02 -1.23088085e-03
  1.17425295e-02  8.60945284e-02  8.16753134e-03 -4.34812391e-03
 -2.30993051e-02 -7.21313357e-02 -7.71887740e-03 -8.59357342e-02]"
What is the relationship between HIV/AIDS and other diseases?,"People living with HIV/AIDS are more susceptible to other infections and diseases due to their weakened immune systems. This includes a higher risk for certain cancers, tuberculosis, and opportunistic infections that take advantage of the compromised immune status.","HIV/AIDS increases susceptibility to other diseases, including certain cancers, tuberculosis, and opportunistic infections, due to immune system weakening.","What is the relationship between HIV/AIDS and other diseases? People living with HIV/AIDS are more susceptible to other infections and diseases due to their weakened immune systems. This includes a higher risk for certain cancers, tuberculosis, and opportunistic infections that take advantage of the compromised immune status.","[-3.54916416e-02  4.88769598e-02  7.84007926e-03  1.73572041e-02
  3.13843600e-02  6.77041858e-02  1.65495966e-02  6.14723265e-02
  5.02392165e-02  3.53137177e-04  2.61309533e-03  4.00288589e-02
  6.92745447e-02 -1.94991974e-03  6.29038690e-03 -4.77480218e-02
 -1.03288174e-01  6.67450950e-02 -6.39988706e-02  5.55896983e-02
 -1.73900202e-02 -2.49092039e-02  5.52139878e-02 -6.58728406e-02
 -1.36503592e-01  4.15329114e-02  2.08232757e-02  1.82421282e-02
 -5.01448009e-03  6.57418445e-02 -2.20455937e-02 -3.51750944e-03
  1.08880795e-05  8.63594469e-03 -1.51100725e-01 -3.60479318e-02
 -2.78292224e-02  5.45231998e-02  8.46509822e-03 -3.37879546e-02
  9.81990434e-03  2.32747179e-02  1.16752004e-02  4.47737128e-02
 -2.14583464e-02 -4.29583006e-02 -3.83436531e-02  2.63820030e-02
 -5.48429377e-02 -2.21090373e-02  5.83205139e-03  1.16611784e-02
 -4.42388989e-02 -4.24495265e-02 -6.67813641e-04  8.92298389e-03
 -5.50387390e-02  5.57791814e-03 -8.06715190e-02  2.00790539e-02
  7.92236179e-02  3.55057009e-02  2.77166795e-02 -1.75540883e-03
 -6.38458505e-03  3.13659688e-03 -5.59497476e-02  1.73136011e-01
 -1.01997748e-01  3.88900153e-02 -1.41421324e-02  1.26250403e-03
 -1.03666887e-01  6.20141961e-02  4.69616987e-02  1.46265409e-03
 -6.48806170e-02  4.07660492e-02  1.44566810e-02  3.12237740e-02
  5.93820736e-02  1.10784039e-01  4.02282178e-02 -7.22716143e-03
 -1.50704505e-02 -3.72289084e-02 -1.12680197e-02  1.72529630e-02
 -2.71697789e-02 -2.65922230e-02 -7.66839460e-03 -3.30689847e-02
  3.37116942e-02  2.03995425e-02  3.96239199e-02  1.80180627e-03
  2.85143815e-02  1.27426432e-02 -1.63660944e-02 -1.83316898e-02
 -1.05551101e-01 -9.94126499e-02  2.86899172e-02  2.37798486e-02
  3.44377495e-02  9.89337340e-02 -3.32037807e-02 -9.66103151e-02
 -3.19542177e-02 -1.19560091e-02 -1.71900410e-02  4.63096099e-03
 -1.04867434e-02 -5.72255142e-02  6.73759207e-02  3.65282781e-03
 -4.24750783e-02 -6.64175376e-02 -8.66309367e-03 -2.81153712e-02
  1.73230171e-02 -8.36981833e-02  2.76764445e-02  9.56380216e-04
  6.22075088e-02 -8.40535760e-02  1.19110672e-02 -1.32125363e-33
  9.12520569e-03 -1.90769918e-02  4.93197180e-02 -2.22847564e-03
  3.09184119e-02  2.55297646e-02  4.95269746e-02  4.52731103e-02
 -4.52653971e-03  5.86608648e-02 -2.20797285e-02  2.70386646e-03
  2.72657555e-02  7.33504370e-02 -3.56162786e-02  7.11239055e-02
  5.43886647e-02 -2.68067140e-02 -5.55729158e-02  6.23844974e-02
  8.99510086e-03 -4.40481976e-02  4.82811257e-02  4.81400080e-02
  9.05589852e-03  8.16894509e-03  2.29806174e-03  2.28519225e-03
  4.51288186e-02 -7.04369023e-02  3.46357897e-02  1.55045271e-01
  2.44881827e-02 -1.15739211e-01  1.04673253e-02  6.91696033e-02
  3.07939462e-02  5.13753928e-02 -4.24416289e-02  6.60749478e-03
  1.32254204e-02 -2.05311310e-02 -2.26075016e-02  3.04467175e-02
  4.47052866e-02  5.40252738e-02 -1.31770205e-02 -1.22232899e-01
 -3.77489510e-03 -1.58517510e-02  1.44329537e-02  1.82750337e-02
 -6.95526674e-02  9.45365708e-03  7.06170732e-03 -3.64019647e-02
 -3.80034596e-02  1.15721360e-01 -1.08460672e-01  4.19619144e-04
 -2.97173690e-02 -9.83887762e-02  1.02839991e-01 -3.24591137e-02
 -4.94243158e-03  1.35732326e-03  2.53097955e-02 -6.95734546e-02
 -7.21957088e-02  4.31845970e-02 -1.94571745e-02 -6.03272207e-02
 -9.15116295e-02  2.12313375e-03  8.28160942e-02  3.06479819e-02
 -7.90139660e-02 -8.63502994e-02  5.73429205e-02  3.01975310e-02
 -9.84076411e-02 -1.95334107e-02  9.11373571e-02 -7.66256899e-02
 -1.34203717e-01  1.63751375e-02  1.37730418e-02  1.55324573e-02
  7.51872882e-02 -3.58259715e-02  6.58743232e-02  2.31274981e-02
 -7.50900283e-02  5.61813004e-02  5.80477603e-02 -2.50526885e-33
  1.63577758e-02  3.78493145e-02 -1.55103439e-02 -6.35306165e-02
  1.57515202e-02  5.38791269e-02  8.92302617e-02 -5.35315797e-02
  3.71978385e-03  2.32241899e-02 -4.85730311e-03 -3.37327607e-02
  3.08507346e-02  7.55844414e-02  6.08689338e-02  5.77025339e-02
 -3.49143036e-02  6.39857650e-02  1.04097817e-02  2.43604686e-02
  3.24643170e-03  9.84289218e-03 -1.76748931e-02 -8.00636932e-02
 -1.77854821e-02 -7.80375535e-03 -8.95616040e-02  4.83912043e-02
  3.09241330e-03  1.22647621e-02  2.23075552e-03  2.66581420e-02
  3.99966054e-02 -6.50992021e-02 -5.54392301e-03  1.45425871e-02
  1.81600004e-02 -4.77377176e-02 -7.75635848e-03 -1.12298235e-01
  1.01482123e-01 -1.85984895e-02  5.79099134e-02  2.95988377e-03
  9.51913185e-03 -3.34898233e-02 -3.41652371e-02  4.69192229e-02
  7.39504546e-02  7.85911456e-03  6.80179670e-02 -1.50919408e-02
  5.60253626e-04 -2.16443334e-02  3.85266654e-02 -1.58780906e-02
 -2.26662043e-04 -6.97321771e-03 -1.01325726e-02 -1.04462699e-04
 -3.52055132e-02  2.36787833e-02  5.64682344e-03  2.80291513e-02
 -1.93808395e-02 -3.14359516e-02 -4.08710958e-03 -3.96321714e-02
  8.92465115e-02 -7.01568052e-02 -7.44739771e-02 -3.20129208e-02
 -1.87783837e-02 -2.44169571e-02 -3.45041044e-02 -5.26975356e-02
 -8.06636140e-02 -1.84186641e-02 -2.89410111e-02  4.27612923e-02
 -1.25673413e-02 -3.40180397e-02  2.92123053e-02 -8.54150485e-03
 -1.30282596e-01  4.67535071e-02  5.73986061e-02 -7.85461739e-02
 -3.42254108e-03  6.18666187e-02 -7.77857825e-02  9.63336881e-03
 -5.00811115e-02 -6.98349774e-02 -6.83946386e-02 -3.84682330e-08
  3.82134281e-02  9.37051605e-03 -8.40021670e-03 -5.09588309e-02
  2.00828463e-02  3.30876186e-02 -8.43334869e-02  8.84410590e-02
  5.69752380e-02  1.26889646e-01  4.63119708e-04 -1.73461121e-02
  1.56873558e-02  3.23296115e-02  9.19426233e-02 -7.66420329e-04
 -9.11601633e-02 -6.07379265e-02  2.50394992e-03 -4.80067208e-02
 -2.17515118e-02  3.76857370e-02 -1.34590373e-03 -6.39068661e-03
  4.02384400e-02 -1.36133572e-02  3.82863507e-02 -4.94404696e-02
  1.25662666e-02 -7.63747022e-02 -1.57926213e-02 -9.68483239e-02
  1.01397252e-02  5.88708036e-02  6.33849949e-02 -2.21876018e-02
  6.27460480e-02 -8.50264579e-02  6.97952732e-02 -6.75340593e-02
  5.09846620e-02 -4.04828787e-02  1.88641530e-02  1.85193196e-02
  2.62091719e-02 -8.99198726e-02  1.35258110e-02 -5.56136817e-02
  2.47802604e-02 -6.95086569e-02 -2.59540547e-02  3.21130431e-03
 -2.24180147e-02 -9.30483639e-02 -4.96531986e-02 -7.47162104e-03
 -3.17995064e-02  1.19770363e-01  5.55730462e-02 -2.32461877e-02
 -7.20665455e-02 -2.31995638e-02  6.72643259e-02 -2.57482100e-02]"
What is Tuberculosis (TB)?,"Tuberculosis, commonly known as TB, is a bacterial infection caused by Mycobacterium tuberculosis. It primarily affects the lungs but can also affect other parts of the body. It's spread through the air when people who have active TB in their lungs cough, spit, speak, or sneeze.","TB is a bacterial infection caused by Mycobacterium tuberculosis, mainly affecting the lungs and spread through airborne particles from an infected person.","What is Tuberculosis (TB)? Tuberculosis, commonly known as TB, is a bacterial infection caused by Mycobacterium tuberculosis. It primarily affects the lungs but can also affect other parts of the body. It's spread through the air when people who have active TB in their lungs cough, spit, speak, or sneeze.","[ 2.82750949e-02  5.76007506e-03  2.55826283e-02 -1.24074947e-02
  2.40324195e-02  4.31432091e-02  4.22250330e-02  5.37773892e-02
 -4.58930135e-02  4.80266996e-02 -9.94646996e-02  1.20849749e-02
  1.29325435e-01  3.03997044e-02 -4.57896478e-02  8.88147578e-03
 -3.79406884e-02 -6.19336367e-02 -1.21023674e-02  5.59829455e-03
 -5.31389490e-02  1.80978462e-01 -1.46703320e-02 -5.25385626e-02
  4.54032933e-03 -3.56321633e-02  4.22609225e-02 -5.75183295e-02
 -1.94303375e-02  1.84126222e-03  5.61431283e-04  3.18919239e-03
 -4.64806296e-02  2.34262901e-04 -1.90879665e-02 -4.17569913e-02
 -2.90507432e-02  3.01031582e-02  7.40149319e-02 -2.99469400e-02
 -5.57449274e-03 -1.55143347e-02 -4.68764408e-03 -3.39007117e-02
  5.40493466e-02  1.13021404e-01 -6.09089201e-03  1.04755200e-01
  2.60638762e-02 -1.09578157e-02 -2.03562155e-03 -4.21310700e-02
 -2.68734787e-02  1.00977302e-01 -9.43355542e-03 -7.37097561e-02
 -6.53020293e-02  2.09044963e-02  2.68972367e-02 -4.77873646e-02
 -5.31527400e-02 -4.47626226e-02  1.32947102e-01  3.13981809e-02
  4.17732894e-02  5.60570881e-02 -6.08317405e-02  4.68057320e-02
  1.89898780e-03  5.42535307e-03  3.84372994e-02 -3.17206196e-02
 -6.20059222e-02  8.62086937e-02  2.07636487e-02 -6.62575737e-02
 -5.30062318e-02 -2.63983011e-02 -2.10949648e-02  1.34115994e-01
 -1.77743472e-02  1.56112323e-02  6.04075333e-03 -3.09666395e-02
 -3.63835022e-02 -8.63782421e-04  7.65128955e-02 -9.46504530e-03
 -4.41576578e-02  3.70170809e-02 -3.68410870e-02 -2.33112052e-02
  3.42866294e-02  1.89203974e-02 -3.39941494e-02 -7.06522465e-02
  1.09774955e-01  1.51242027e-02  8.43214337e-03 -2.90816575e-02
 -2.49599069e-02 -3.11982334e-02  2.06145700e-02  3.70930173e-02
 -7.81488046e-03 -3.62296440e-02  2.51037572e-02 -9.47001874e-02
  1.91862267e-02 -5.10317907e-02 -1.78322289e-02  6.83471411e-02
 -2.94594690e-02 -1.40331194e-01  1.39508406e-02 -4.98416089e-03
  8.06677788e-02 -6.13584444e-02 -1.05124041e-01 -4.02096584e-02
 -1.69342719e-02 -6.39566034e-02 -6.55416623e-02  1.14246423e-03
 -8.61481298e-03 -6.10133186e-02 -8.73588473e-02 -2.00049798e-33
 -3.35653387e-02 -9.67151150e-02  6.93971366e-02 -1.85251813e-02
  1.21284567e-01 -7.25997053e-03  4.48559457e-03 -2.14573406e-02
 -3.18785422e-02 -1.17484219e-02 -2.24331170e-02 -7.75999352e-02
  2.37106662e-02  1.07416939e-02 -1.01805320e-02  9.72124934e-02
 -1.13170408e-01 -1.30786849e-02  2.30852719e-02  9.83685926e-02
 -7.17760297e-03  4.20500636e-02  2.48965491e-02  2.55746339e-02
 -8.25063586e-02  3.48858573e-02 -1.40461540e-02 -1.38493637e-02
  6.29862621e-02 -1.68498803e-03  2.88190693e-02  5.07578552e-02
 -4.21313196e-02 -1.56942438e-02 -5.87637015e-02 -6.49632588e-02
 -1.91790424e-02  2.76880488e-02  2.56714709e-02  2.29381714e-02
  2.88098189e-03 -2.36381721e-02 -7.41856471e-02 -1.96724455e-03
  2.90535018e-02  9.87994601e-04  9.50723141e-03 -4.81460467e-02
 -4.36562374e-02 -7.25240335e-02  6.97141737e-02 -4.66195457e-02
  8.38980824e-03  2.22112909e-02  7.55863339e-02 -3.53884399e-02
  4.49797325e-02  6.64294586e-02 -4.45830729e-03  5.87958470e-02
  7.63065889e-02 -7.34428912e-02 -5.45675401e-03  9.37962979e-02
 -2.18195114e-02 -2.39420477e-02  1.25956787e-02  2.21712887e-02
  4.78175022e-02 -8.28163922e-02  2.74653900e-02 -4.53410074e-02
 -2.79011801e-02 -2.28447597e-02  5.00293523e-02  4.28001583e-02
 -4.66715507e-02 -2.01063491e-02  5.75371347e-02 -4.26389789e-03
 -1.27999419e-02 -2.76104733e-02  1.18188076e-02 -5.23013733e-02
 -6.23824969e-02  3.20727145e-03 -6.82348460e-02 -5.15683703e-02
 -5.17967828e-02 -4.68326584e-02  2.30944771e-02  2.32926961e-02
 -6.11846074e-02  8.37838426e-02 -2.67583737e-03 -6.87718516e-34
  8.96665901e-02 -2.25231498e-02 -3.45854722e-02 -6.18024729e-03
  3.29202674e-02 -3.95695306e-02  1.79136656e-02 -2.99827964e-03
  4.32208069e-02  5.44057637e-02 -3.53580117e-02 -7.62883723e-02
 -3.26897167e-02  9.45823863e-02  1.06269009e-02 -4.68692277e-03
  6.05298243e-02  7.15253269e-03 -9.68254432e-02 -4.57390590e-04
 -7.67396241e-02 -3.99454013e-02  6.10094182e-02 -1.43982112e-01
 -7.32393861e-02  6.02794960e-02 -8.69389325e-02  1.60305165e-02
  8.49156752e-02  5.11486754e-02 -4.96867113e-02  1.34566739e-01
  6.02721684e-02 -5.88192567e-02 -8.51125941e-02 -3.83250788e-02
  1.63772330e-02 -3.71150635e-02  7.76091889e-02 -1.36098072e-01
  5.90754412e-02  3.18167917e-02  1.37445386e-02 -3.88607234e-02
  7.38390833e-02 -3.80811095e-03  1.05372872e-02  6.57626521e-03
 -1.08521236e-02 -1.87874697e-02  5.01240604e-02  4.42699809e-03
  6.00547865e-02 -1.50609622e-02  1.82048324e-03 -3.30988243e-02
 -7.48740584e-02  2.22606529e-02  6.85285032e-02 -1.78880915e-02
 -1.65666584e-02  2.37357412e-02 -4.22598235e-02  3.97670716e-02
 -2.21897289e-02  5.91542386e-02 -1.02872830e-02  2.18740292e-02
  8.80672932e-02 -3.52806575e-03 -1.21959448e-02 -5.95868612e-03
 -3.81139815e-02  5.39758690e-02  2.66581643e-02  1.18744960e-02
 -6.37796894e-02  5.71825989e-02  8.10694546e-02  5.99000789e-02
 -5.48057146e-02 -6.86243689e-03  9.74231586e-03 -1.48648228e-02
 -3.71002853e-02 -6.62273467e-02  4.04734816e-03  4.89018187e-02
 -4.41531651e-02  1.40303709e-02 -5.94247319e-02  1.26491282e-02
 -8.82542506e-02  4.90999892e-02  1.74567495e-02 -3.74101674e-08
  5.04309498e-03 -6.80992901e-02  1.65146012e-02  3.94595936e-02
  2.44379323e-02  3.66679509e-03  5.77085838e-02  1.04693845e-01
  1.34477064e-01 -2.90800873e-02 -8.82116612e-03 -9.41456947e-03
  3.94355282e-02 -5.16857989e-02  4.83298078e-02  3.43975239e-02
 -6.37814924e-02 -9.53082964e-02  8.94007925e-03 -5.90849221e-02
  2.92024072e-02 -4.75009419e-02  6.88676760e-02  4.91986573e-02
 -3.16853598e-02 -3.34007218e-02 -7.49157552e-05  1.60330888e-02
 -4.45771106e-02 -4.56673726e-02 -6.80784658e-02  2.31501069e-02
 -2.34726425e-02 -6.30114600e-02 -8.93260986e-02  1.28533952e-02
  6.51184609e-03 -4.47053425e-02  9.03003514e-02  1.24365361e-02
 -4.82096756e-03 -6.03851397e-04  2.65223961e-02 -3.40024531e-02
 -4.26335856e-02  2.23460328e-02 -2.12476980e-02 -1.33319502e-03
 -1.83644220e-02 -8.04505870e-02  6.60099164e-02 -1.81295443e-02
  1.78564396e-02 -1.56957493e-03 -7.61843249e-02  9.96242389e-02
 -2.39599925e-02  2.52755135e-02  6.21998357e-03 -4.09626588e-02
 -8.90701544e-03  6.29573837e-02  6.47104681e-02  4.12894040e-02]"
How is TB diagnosed?,"TB is diagnosed using various methods, including a skin test called the Mantoux tuberculin skin test, blood tests, chest X-rays, and a sputum test (analysis of mucus from the lungs). Diagnosis might require a combination of these tests to confirm the presence of TB bacteria.","Diagnosis of TB involves skin tests, blood tests, chest X-rays, and sputum tests to detect the presence of TB bacteria.","How is TB diagnosed? TB is diagnosed using various methods, including a skin test called the Mantoux tuberculin skin test, blood tests, chest X-rays, and a sputum test (analysis of mucus from the lungs). Diagnosis might require a combination of these tests to confirm the presence of TB bacteria.","[ 8.18655193e-02  2.34575793e-02 -2.50699259e-02 -1.40136722e-02
 -9.00632050e-03  2.18728166e-02  4.01328616e-02  4.26892005e-02
 -8.87246653e-02  2.22634561e-02 -2.87597887e-02 -5.97079098e-02
  5.53813800e-02  1.35320365e-01 -9.63475108e-02 -7.35803843e-02
 -4.65080291e-02 -8.63304734e-02  7.66733810e-02 -1.96187198e-02
 -4.95090820e-02  1.07108667e-01 -1.16526112e-02 -9.46699753e-02
 -3.14890780e-02 -1.80347208e-02 -2.70607993e-02 -8.77082795e-02
 -1.39742205e-02  3.81766744e-02  3.34286019e-02  1.96648017e-02
 -3.93903069e-02  7.93607906e-03  2.54046451e-02 -4.76845279e-02
  2.44741328e-03  1.99505538e-02  9.73149296e-03 -1.03464467e-03
  9.54688247e-03 -9.89703014e-02 -1.69945471e-02 -2.35820506e-02
  9.19852406e-02  7.16240332e-02 -1.47237489e-02  6.60015270e-02
 -2.52972879e-02  6.43058261e-03  2.99619418e-02 -2.78011560e-02
  1.40585778e-02  2.34469660e-02 -1.01241777e-02 -5.10609969e-02
 -6.18407689e-02 -1.12867178e-02  3.34299654e-02 -4.55851754e-04
 -7.34922886e-02 -4.65152599e-02  9.52999368e-02  8.83114338e-03
  1.21752478e-01  9.19057950e-02 -2.18963847e-02 -6.72683120e-02
  3.27970274e-02  1.14195095e-02  4.10851687e-02 -2.37333197e-02
 -3.18767577e-02  9.77010280e-02 -4.90750596e-02 -5.04914112e-02
 -3.05328928e-02 -2.63393614e-02 -6.38621971e-02  1.41872153e-01
 -7.00851455e-02  4.16788571e-02 -1.82020199e-02 -6.13205181e-03
 -2.03942470e-02  8.55678618e-02  3.01519092e-02  3.92432464e-03
 -1.58119172e-01  1.21564651e-02  4.99952435e-02  1.57682020e-02
 -7.59841055e-02  2.97134509e-03 -3.27233896e-02 -3.72417718e-02
  5.63383289e-02  4.93007042e-02 -1.37391770e-02 -5.11488728e-02
 -4.31024358e-02 -1.39191121e-01 -1.57475527e-02  9.02059674e-03
 -2.17329413e-02 -6.92543238e-02 -2.42499858e-02 -7.70451725e-02
  4.71696369e-02 -4.71333228e-02  1.81292731e-03  5.53558953e-02
 -3.28480295e-04 -7.71448687e-02  2.55897958e-02 -6.71913326e-02
  1.95179079e-02 -2.49312911e-02 -5.04070939e-03 -2.04983596e-02
  3.16278115e-02 -5.86067028e-02  2.49968078e-02 -4.25547548e-02
  9.06063542e-02  4.60022017e-02 -3.97668257e-02 -6.50677082e-34
 -3.88967656e-02 -1.11120725e-02  4.60956283e-02  7.12870155e-03
  5.59825962e-03  6.35329857e-02 -3.16700712e-03 -1.62147842e-02
  6.06946573e-02  4.91684750e-02  4.63863555e-03  6.35477677e-02
 -7.48445373e-03  1.65383946e-02 -3.26212347e-02  7.07888007e-02
 -4.62991633e-02 -2.23977994e-02 -7.89986253e-02  4.92419079e-02
  1.72971580e-02  4.33218069e-02  5.14201410e-02  1.81657877e-02
  1.00153908e-02 -2.01080572e-02 -6.27721520e-03 -2.73576323e-02
  8.40304792e-02 -1.67386159e-02 -1.11216074e-02  4.49545085e-02
 -3.00717838e-02  2.21194383e-02 -4.68458459e-02  1.77561510e-02
 -8.48257262e-03  4.98534665e-02 -1.33614819e-02  1.24112172e-02
  3.50112915e-02 -3.10235769e-02 -3.46992090e-02  3.94973019e-03
  5.15756533e-02  3.36193219e-02 -2.87669003e-02 -3.49217281e-02
 -2.31075305e-02 -5.92694916e-02  5.99071234e-02 -4.11084038e-05
 -2.79704332e-02 -1.08235655e-02  8.02980438e-02  7.21066520e-02
 -3.51409875e-02  5.39596714e-02  3.46651822e-02  5.43395728e-02
  8.04604366e-02 -8.87855887e-02 -4.47309464e-02  1.06172916e-02
 -6.25448525e-02  1.42415939e-02 -4.44126725e-02 -3.17038596e-02
  1.57077964e-02 -7.40623698e-02 -3.49185504e-02  4.89308052e-02
  3.88916768e-02  2.85630412e-02  9.64063928e-02 -4.65667341e-03
 -6.46970496e-02  4.27774601e-02  8.68716463e-03 -6.68354556e-02
  2.28839219e-02  1.18099535e-02  5.49632497e-02 -3.50379497e-02
 -2.78151548e-03 -2.39858516e-02 -2.62417663e-02  4.15208861e-02
 -6.72497302e-02 -6.63700104e-02  3.17865238e-02  3.50835808e-02
 -8.78752097e-02  5.44714220e-02  2.44057886e-02 -1.12468462e-33
  3.66380177e-02  8.82382318e-03 -3.31457295e-02  3.17128450e-02
  5.29873883e-03 -4.09528613e-02  2.23121028e-02 -6.28671050e-02
  1.54752601e-02  2.52271201e-02  6.42942777e-03 -1.76392274e-03
 -7.40437061e-02  7.17231929e-02 -1.05524786e-01  5.64107560e-02
 -8.07390141e-04 -5.65936789e-02 -2.59860195e-02  2.27507576e-02
 -9.80868414e-02  1.87133867e-02  1.16616879e-02 -1.14997178e-01
 -1.04847483e-01  6.14309683e-02  9.06305201e-03 -3.86410691e-02
  5.53525761e-02  2.56983396e-02  9.25649481e-04  7.06830770e-02
  4.18173186e-02 -2.27468275e-02 -3.99335995e-02 -5.10838628e-02
  5.19464426e-02 -2.40268689e-02  9.15178582e-02  1.40614919e-02
  3.53803448e-02  4.69367132e-02 -7.26334080e-02 -2.65801102e-02
  9.90434662e-02  4.73359749e-02  1.97344366e-02  2.03184932e-02
 -1.24344695e-02  7.33918371e-03  4.68854122e-02  1.37801020e-04
  4.31871042e-02 -4.97776829e-02 -1.49043854e-02 -6.14644997e-02
 -1.15768105e-01  7.82424212e-03 -3.75164859e-03  3.64764519e-02
 -9.47030168e-03 -7.01278029e-03 -2.67273895e-02  6.81963563e-02
 -6.67552650e-02  8.60317945e-02  4.29425240e-02 -7.50001101e-03
  6.71803430e-02  2.04684138e-02 -9.83236432e-02 -3.40921432e-02
 -3.63385119e-02  5.95253054e-03  1.05069704e-01  3.77302915e-02
 -9.19959098e-02  2.93079130e-02  8.17741603e-02  4.72133793e-03
 -6.97020218e-02 -5.34715317e-02  1.63697693e-02  2.56388914e-02
  5.68363927e-02  6.78744772e-03  4.13986651e-04 -4.35614958e-02
 -5.25662489e-02 -6.09030249e-03  2.34864689e-02 -1.23325884e-02
 -1.20970219e-01  4.02977038e-03  6.41330183e-02 -3.27434933e-08
  4.08468721e-03 -6.14021607e-02  2.67848708e-02 -6.95989355e-02
 -1.45520354e-02  3.48837599e-02  5.37526198e-02  4.21292298e-02
  1.25068292e-01 -4.60167527e-02 -3.64718474e-02 -4.94119972e-02
 -8.32099468e-02 -5.03050312e-02  8.53354484e-02  7.11333333e-03
 -1.72162913e-02 -2.36166157e-02 -3.39124613e-02 -2.12162286e-02
 -1.03949942e-02 -4.12393585e-02  3.45885307e-02  8.94233510e-02
 -5.75161316e-02  2.60584876e-02  2.80537903e-02  1.38764642e-02
 -7.62726292e-02  6.59840181e-02 -3.41579877e-02  2.46354993e-02
 -3.65138873e-02 -8.10800344e-02  6.31892448e-03 -1.14904810e-03
  7.07102148e-03  1.91615615e-02  1.56689554e-01  1.29080206e-01
 -2.67478023e-02 -9.49850865e-03  2.06054710e-02 -3.36779281e-02
 -2.73012016e-02 -3.23401429e-02 -3.96554023e-02 -1.37408460e-02
  8.11333302e-03 -1.01114720e-01  9.02410671e-02 -4.06525694e-02
 -4.59214114e-03 -6.62667211e-03 -6.56308010e-02  8.82464349e-02
  4.38417010e-02  9.57768410e-03 -5.38844727e-02 -1.18949711e-02
 -1.21796485e-02  3.76346707e-02  6.21977225e-02  2.14967337e-02]"
Can TB be cured?,"TB is curable with a standard 6-month course of 4 antimicrobial drugs that are provided with information, supervision, and support to the patient by a health worker or trained volunteer. Without proper treatment, TB can be fatal.","Yes, TB is curable with a 6-month course of antibiotics, but requires proper administration and adherence to the treatment plan.","Can TB be cured? TB is curable with a standard 6-month course of 4 antimicrobial drugs that are provided with information, supervision, and support to the patient by a health worker or trained volunteer. Without proper treatment, TB can be fatal.","[ 3.97587530e-02 -1.86514370e-02  1.81379577e-03 -5.02369218e-02
 -4.34019342e-02  8.44587758e-02 -8.96723792e-02  6.21081255e-02
 -8.46019909e-02 -9.58814472e-03 -9.02809799e-02  1.17208309e-01
  8.67326483e-02  3.36287394e-02 -5.53869121e-02  1.31941652e-02
 -4.08762954e-02 -5.92709985e-03  2.32955557e-03  3.14860716e-02
 -1.03663258e-01  1.43550351e-01  3.42466831e-02 -4.33835797e-02
 -3.40503529e-02  1.61394663e-02 -1.17352977e-03 -7.37901032e-02
 -1.48784602e-02  1.12011712e-02  1.92273676e-03  2.18641409e-03
 -7.74135664e-02  2.19103210e-02 -3.65057439e-02  3.02107744e-02
 -1.13508105e-01 -2.59871595e-02  2.29960438e-02  2.53263814e-03
 -2.56281104e-02 -3.43698040e-02 -5.47435619e-02 -4.61359334e-04
  4.80554253e-02 -1.46905445e-02 -5.78248175e-03 -1.16896471e-02
  2.55893655e-02 -1.88575704e-02  3.48795056e-02 -2.02167239e-02
  2.65520439e-02  1.05100445e-01  8.45622178e-03 -3.97342853e-02
 -8.01990703e-02  2.32456829e-02 -1.99593734e-02  1.52350310e-02
 -3.37870792e-02 -1.95508450e-02  3.67263295e-02 -2.76971459e-02
  5.32025956e-02  8.71244520e-02 -3.46362926e-02 -3.88718434e-02
  4.13125008e-02  6.31836802e-02  2.56463345e-02 -2.16414146e-02
  1.37940058e-02  4.22809497e-02 -3.79543975e-02  3.09639089e-02
 -1.22781498e-02 -2.63198949e-02 -1.23048499e-02  1.44776091e-01
 -4.61312756e-02  2.20688414e-02  7.94145390e-02 -2.55620647e-02
  2.19608713e-02  2.85815168e-02  2.82672402e-02 -2.06048824e-02
 -2.61708982e-02  3.26740183e-02  6.07278533e-02  8.75874087e-02
  4.82122377e-02 -1.53479446e-02 -5.37964180e-02 -8.86305571e-02
  4.56527993e-02 -1.99943054e-02 -3.54431346e-02 -2.38533970e-02
 -3.42940725e-02 -1.22557655e-02 -3.84079963e-02 -3.94028053e-02
 -1.40923932e-02 -1.11522106e-03  1.10198446e-02 -2.35709175e-02
 -1.91011932e-02 -3.75323892e-02 -2.39867717e-02 -3.06111109e-03
  5.59320413e-02 -2.40410212e-02  1.43604912e-02 -3.28305028e-02
 -1.49691049e-02 -1.08663686e-01  2.57886015e-02  2.93048490e-02
  3.68542708e-02 -3.42970155e-02  6.69898987e-02 -3.62443030e-02
  5.28267026e-03  2.36069225e-02  1.10403061e-01  2.55406568e-34
 -6.27938733e-02  1.59235187e-02  7.94982091e-02 -2.69135125e-02
  1.17102861e-01  4.85708416e-02  7.88131543e-03 -7.32542714e-03
  1.39454221e-02 -7.35586137e-02  1.14380401e-02 -1.68197583e-02
 -2.08026338e-02 -4.67036851e-03 -8.24696326e-05  3.71125266e-02
  5.06717106e-03 -1.12723168e-02 -3.61601263e-02 -1.51286367e-03
  2.12862696e-02  2.13870518e-02  1.52621465e-02 -7.33941374e-03
 -3.27550992e-02 -2.80623473e-02  1.13333678e-02  7.77907595e-02
  7.99063146e-02  4.67447424e-03  4.49984567e-03  1.05727114e-01
 -5.16810603e-02 -3.37968916e-02 -1.12238064e-01 -4.20681871e-02
 -3.30551527e-02  8.31984207e-02  5.97700812e-02  5.35373762e-02
  3.04216798e-03  3.06764729e-02 -1.86712239e-02 -1.49799455e-02
  7.45335445e-02  1.93633605e-02 -6.05439162e-03 -6.29978925e-02
 -1.14208497e-01 -1.08343259e-01  4.55898009e-02 -4.04748991e-02
 -1.11758932e-01 -6.03543669e-02  9.45897475e-02  4.91822101e-02
  2.43269410e-02  1.03472546e-01  2.76478641e-02  3.41031235e-03
  1.47783130e-01 -8.79502967e-02 -1.93585847e-02  1.78065430e-02
 -4.85715494e-02  4.61522304e-02 -2.75351224e-04 -2.59124283e-02
 -2.81411968e-02 -9.06112939e-02 -2.15041749e-02 -1.14810569e-02
 -6.38539121e-02  8.21436843e-05  2.64116582e-02 -9.30985510e-02
  1.30759692e-02 -7.49726593e-02  4.16528136e-02  2.84252148e-02
 -1.30350403e-02  2.38152891e-02 -3.00361700e-02  7.60582741e-03
  2.22835112e-02 -5.45199439e-02 -4.07748669e-02 -1.29913515e-03
 -3.49120982e-02 -3.68942097e-02  5.95552363e-02 -4.43546511e-02
 -7.22171068e-02  2.81889550e-02  1.11664301e-02 -1.49188591e-33
  1.11019224e-01 -1.77834947e-02 -4.01836596e-02  7.98924416e-02
  3.80501174e-03  1.01564068e-03 -6.55775815e-02 -3.47701423e-02
  4.91678119e-02  4.14691307e-03 -1.52341370e-02 -3.70856863e-03
 -1.33229075e-02  6.88463300e-02 -8.65003467e-02  2.34943125e-02
 -4.17762855e-03 -5.47967628e-02 -1.31455883e-01  3.38252336e-02
 -3.01790517e-02 -8.27355757e-02  2.40310393e-02 -9.17881578e-02
 -1.66542735e-02  7.11460486e-02  1.13692612e-03  5.97271100e-02
  8.83838087e-02  4.69046086e-02  5.24522252e-02  6.62863255e-03
  1.46426249e-03 -3.93257849e-02 -6.52940124e-02 -2.15667374e-02
  4.31280173e-02 -6.94625452e-02  1.15165368e-01 -1.53591353e-02
  1.21668629e-01  5.64036937e-03 -6.41969964e-02 -2.73552742e-02
  9.40330550e-02  2.46349238e-02  1.04919542e-02  8.01419374e-05
  2.91859657e-02 -6.46095648e-02  2.96898782e-02 -1.60916820e-02
  5.10662384e-02 -4.47357595e-02  4.11773063e-02 -9.22749266e-02
 -1.53578036e-02 -7.03398213e-02  9.27119702e-03 -7.60981366e-02
 -5.66430613e-02 -3.97788547e-03  8.72341543e-03  8.50169063e-02
 -6.80981716e-03  5.50300144e-02  4.15001474e-02  1.18941665e-01
  6.00209348e-02 -9.44998637e-02 -3.15006264e-02  5.86439185e-02
 -1.21459991e-01  1.57783143e-02  4.52463478e-02  3.75664942e-02
 -4.00320403e-02  3.66088040e-02  4.65789177e-02 -2.56402958e-02
 -1.08854681e-01  1.12436083e-03 -2.88003329e-02 -3.90177257e-02
  6.19184375e-02 -1.08451331e-02  4.30521145e-02  3.51629895e-03
 -1.39474086e-02  5.36193140e-03  1.13502564e-02 -5.93095720e-02
 -4.30745743e-02  2.87066009e-02  1.65490564e-02 -3.29627952e-08
  1.17645245e-02 -1.80398226e-02 -1.60915703e-02  1.93600859e-02
 -1.57542005e-02 -3.99962664e-02 -1.04185697e-02  7.74076805e-02
  8.56487155e-02  8.38928893e-02 -2.25853897e-03  3.88753265e-02
 -2.83722281e-02 -1.65724941e-02 -4.73723896e-02  7.49760345e-02
 -1.80190373e-02 -6.02074154e-02  6.16599107e-03 -6.61505805e-03
 -2.38645691e-02 -1.02044092e-02  7.32919201e-02  6.86025172e-02
 -2.66325027e-02  6.61662892e-02  3.72769162e-02  2.54721884e-02
 -1.08905979e-01  7.27724656e-03 -8.20717514e-02 -5.13066649e-02
  1.76762938e-02 -1.47886267e-02 -1.75886415e-02 -1.03301018e-01
  3.25302072e-02 -4.27647755e-02  7.02370033e-02  2.66954377e-02
  4.34367880e-02  2.72317305e-02  2.60142591e-02 -1.75968893e-02
 -1.94478128e-02  8.52517225e-03 -2.97812242e-02 -1.89408362e-02
 -2.49562357e-02 -9.40418616e-02  8.51832256e-02  6.28707930e-02
 -1.05849905e-02  1.02389872e-03 -5.40233217e-02  5.80898300e-02
 -2.07245126e-02 -3.03926524e-02 -8.20231661e-02 -1.89207420e-02
 -7.21807480e-02 -8.31666403e-03  3.77717614e-02 -4.36522858e-03]"
What are the symptoms of TB?,"Common symptoms of TB include a persistent cough that lasts more than 3 weeks and usually brings up phlegm, which may be bloody, weight loss, night sweats, high temperature, tiredness, and fatigue.","Symptoms of TB include a persistent cough, phlegm (possibly bloody), weight loss, night sweats, fever, tiredness, and fatigue.","What are the symptoms of TB? Common symptoms of TB include a persistent cough that lasts more than 3 weeks and usually brings up phlegm, which may be bloody, weight loss, night sweats, high temperature, tiredness, and fatigue.","[ 6.55444190e-02 -2.18301620e-02  1.88075043e-02  2.89127771e-02
  7.39965960e-02  3.37662622e-02 -2.58551501e-02  1.48436585e-02
 -6.18530475e-02 -3.57881598e-02 -1.17943101e-01 -4.48145978e-02
  1.21223755e-01  5.89209683e-02  1.70981884e-02 -1.80619140e-03
 -2.95123700e-02 -6.56573474e-02 -7.85971154e-03 -2.75649931e-02
 -4.40024920e-02  7.22213537e-02 -6.44052494e-03 -1.29974633e-02
  2.51225680e-02  1.89939644e-02  8.37901533e-02 -6.32352978e-02
 -1.30352117e-02 -2.96404678e-02 -5.87030649e-02 -3.27512100e-02
 -9.01568159e-02  1.82310399e-02  1.83641892e-02 -6.57472480e-03
 -4.88702692e-02 -1.07833780e-02  1.40219682e-03 -5.64597882e-02
  4.55307886e-02  1.70469489e-02 -1.84698403e-02 -1.68147366e-02
  2.18303781e-02  5.72796091e-02 -5.00798039e-02  4.18276675e-02
  4.77037579e-02  4.51829210e-02  2.77932151e-03 -6.55970722e-02
  9.33380518e-03  5.75451143e-02 -5.35852602e-03 -4.85488065e-02
 -8.94099846e-02  3.01799662e-02  3.85291688e-02  1.91353250e-03
 -9.89331231e-02  7.49537796e-02  1.29126593e-01 -1.37515124e-02
  7.89873749e-02  1.23637617e-01 -6.31442666e-02  8.05808138e-03
  6.12409487e-02  9.06755626e-02 -3.98554988e-02 -3.27812098e-02
 -1.24959201e-01 -1.24523193e-02 -3.33220139e-02 -6.03166036e-02
 -2.57980693e-02 -4.52642776e-02 -6.21232018e-02  8.88523534e-02
 -1.80653762e-02  5.79684675e-02 -2.57090549e-03  2.60127615e-02
 -1.75275188e-02  4.23976704e-02  3.75807099e-02  3.72342356e-02
 -1.03300028e-01 -6.24263252e-04  8.72695372e-02  7.07959710e-03
 -2.83392183e-02  4.94306721e-03 -1.19226356e-03 -8.37089680e-03
  6.86954781e-02  1.70555990e-02 -5.05769625e-02 -5.20494860e-03
 -4.04449226e-03 -1.04765426e-02  5.68551719e-02  3.56550030e-02
  8.06684420e-03  6.89064292e-03  3.11239641e-02 -8.07995498e-02
 -3.42122130e-02 -3.91866416e-02  1.52104255e-02  7.05251470e-02
  2.41826139e-02 -1.28329381e-01  1.12777893e-02 -6.94510108e-03
 -7.88113102e-03 -2.35266369e-02 -4.23269644e-02  9.56226885e-03
  1.85762737e-02 -8.12031478e-02 -2.45705768e-02 -3.24951485e-02
  1.72023885e-02  2.59495508e-02 -3.46753821e-02  9.65310451e-34
 -1.17851968e-03 -3.84115763e-02  6.92577362e-02  2.67821737e-02
  7.59295300e-02 -1.56923700e-02  1.78568643e-02  6.83092177e-02
  2.83583757e-02  9.16394219e-03  6.43809093e-03 -1.68996248e-02
 -1.65014230e-02 -3.21683325e-02 -4.18705568e-02  1.52936578e-03
 -4.93908525e-02  7.15519022e-03 -5.36407158e-02  1.03642046e-01
 -2.31558066e-02  2.44710711e-03  1.59293786e-02  5.64707406e-02
  1.29782660e-02 -2.47601904e-02  7.74189597e-04  3.45698521e-02
  1.16132840e-03 -3.87899042e-03  3.26263160e-02  6.30733296e-02
 -5.42175919e-02 -2.61484422e-02 -1.09814458e-01 -8.01197719e-03
  1.36316149e-02  7.21939951e-02  9.26258639e-02 -4.02698144e-02
  5.75736426e-02  5.80935972e-03 -5.24991900e-02  1.01282354e-02
  2.81740185e-02  1.08984336e-02  2.28907932e-02 -4.14289720e-02
 -4.70653921e-02 -6.11614324e-02  9.71188024e-02 -1.55335031e-02
  1.09728687e-02 -5.21123502e-03  7.85539523e-02  3.42569239e-02
  2.58705318e-02  5.13730235e-02  4.70968969e-02  1.79137774e-02
  1.41205236e-01 -6.06903322e-02 -1.47159183e-02  1.38388702e-03
 -5.61914556e-02  6.00087047e-02 -6.31198362e-02 -2.24002786e-02
  3.11826188e-02 -7.31475130e-02  8.85761976e-02 -2.40463857e-02
  3.61986482e-03 -3.13306861e-02  1.57221761e-02  2.22596340e-02
 -4.56079319e-02 -6.70964569e-02 -1.10843545e-02 -3.12057063e-02
  1.03543978e-02 -1.19345833e-03  3.90777960e-02  1.71769168e-02
  7.20174192e-03 -6.80505782e-02 -3.54713909e-02 -6.46454543e-02
 -7.40883201e-02 -1.48334363e-02  5.32172695e-02 -1.71077121e-02
 -2.19752099e-02  3.24057415e-02  1.63955695e-03 -5.97813586e-34
  6.93086982e-02 -8.30309559e-03  1.93058001e-03 -4.65747854e-03
  1.80540013e-03 -4.47306782e-02 -3.55438851e-02  1.01474650e-01
 -2.24733651e-02 -2.52084434e-03  4.40083966e-02 -3.26846167e-02
 -1.28135830e-01  7.70392716e-02 -3.13073695e-02  4.67166752e-02
  1.23817548e-01 -3.85305211e-02  9.86958575e-03  4.04375158e-02
 -2.05322653e-02 -8.52965489e-02  4.49634111e-03 -8.63462612e-02
 -2.96570733e-02  9.69747007e-02 -7.69086787e-03 -9.72491316e-03
  1.76645089e-02 -3.92598175e-02 -8.82042665e-03  1.13915913e-01
  5.58095537e-02 -2.34940927e-03 -7.40468055e-02 -3.67445834e-02
  3.21556590e-02  3.19912424e-03  1.02628700e-01 -6.25708848e-02
  5.00873104e-02 -2.79212575e-02  1.04131619e-03 -8.68237019e-02
  1.17128484e-01  1.96212884e-02 -9.07477643e-03 -6.98773116e-02
  3.46326306e-02  4.50110398e-02  9.38573852e-02  4.18830616e-03
 -2.57180296e-02 -1.54599426e-02 -7.85038061e-03 -5.85508905e-02
 -1.25803649e-01 -5.52669205e-02  6.62607774e-02 -3.56274247e-02
 -6.85244203e-02 -2.02381592e-02 -3.08601614e-02  5.59329172e-04
 -4.73389737e-02  8.96625221e-02  5.11102229e-02  1.30704176e-02
  1.13929562e-01  5.15722996e-03 -3.50994132e-02 -1.21310562e-01
 -7.20583200e-02  2.76926737e-02  6.33784607e-02  3.77203599e-02
 -7.69409984e-02  8.33118036e-02  7.90881142e-02 -3.08205746e-03
 -7.74714425e-02  1.58472415e-02  2.73725502e-02 -5.32958284e-02
 -8.59945174e-03 -2.76272781e-02 -4.80323844e-02  2.80643292e-02
 -1.42049491e-02  2.78584510e-02  6.47302791e-02 -3.76164280e-02
 -7.45992288e-02  8.86467770e-02  4.14877273e-02 -3.08165120e-08
 -4.07530032e-02 -1.00601763e-02  2.96975374e-02  2.79417560e-02
 -3.51475156e-03 -3.24189626e-02  9.40286145e-02  6.95469081e-02
  3.33111510e-02  8.16704181e-04  2.24139411e-02  6.56867167e-03
 -3.29183377e-02 -2.55883913e-02 -2.36142590e-03  1.02355629e-01
 -6.31218106e-02 -7.84221441e-02  6.46725204e-03 -6.36117309e-02
 -1.34254983e-02  5.36847338e-02 -1.46403732e-02  4.17447723e-02
 -5.66077605e-02  4.89923544e-02 -2.68177781e-02  3.28528769e-02
 -5.24826869e-02  2.41012760e-02 -4.52200472e-02  5.77596836e-02
 -4.90078032e-02 -6.23440780e-02 -4.83227968e-02 -4.94796857e-02
 -4.46308777e-03 -1.56401880e-02  9.40147117e-02  6.77399337e-02
 -2.26816852e-02 -2.25990154e-02 -1.23909572e-02 -6.36528879e-02
  8.17250274e-03 -4.08682413e-02 -2.43059620e-02  3.13367024e-02
  3.25394794e-02 -1.10631473e-01  1.10505305e-01 -3.39661501e-02
 -1.12316059e-02  2.69947276e-02 -4.99278046e-02  5.57916835e-02
 -4.38369736e-02  6.44939616e-02 -1.61322374e-02 -7.44590461e-02
 -1.19381016e-02 -5.25786504e-02 -5.37205823e-02  4.79279868e-02]"
Is TB contagious and how is it spread?,"TB is contagious, but it is not easy to catch. It's spread through the air when people with lung TB cough, sneeze, or spit. You need to be in close contact with an infected person for a long period of time to catch the bacteria.",TB is spread through airborne particles from coughing or sneezing but requires prolonged exposure to an infected person to be contracted.,"Is TB contagious and how is it spread? TB is contagious, but it is not easy to catch. It's spread through the air when people with lung TB cough, sneeze, or spit. You need to be in close contact with an infected person for a long period of time to catch the bacteria.","[ 6.64390549e-02 -5.51226512e-02  5.92932524e-03 -6.88611865e-02
  3.18356045e-02  3.01722996e-02  1.65064577e-02  4.02787738e-02
 -7.47031271e-02  1.98078062e-02 -4.06491384e-02  2.04451662e-02
  1.47924230e-01  7.00729638e-02 -2.82288361e-02 -2.46232655e-03
 -1.47460019e-02 -9.71928015e-02 -4.77619059e-02  3.35294916e-03
 -4.69995774e-02  9.09566581e-02 -1.71968974e-02 -4.32529971e-02
  1.03939632e-02 -1.89840756e-02  5.93004823e-02 -9.73778442e-02
  1.03415912e-02  4.27326262e-02 -3.58067043e-02 -2.33273897e-02
 -1.15208298e-01  4.56177704e-02 -8.30076635e-02 -2.85343211e-02
 -5.58638666e-03  2.17330493e-02  8.65104124e-02 -1.57486554e-02
 -8.69644573e-04 -3.50061320e-02 -3.59215140e-02 -1.65884271e-02
 -1.21467533e-02  7.48367757e-02 -1.04763266e-02  5.95349111e-02
 -5.55188023e-03 -4.06296365e-02 -5.70462458e-03 -3.83388363e-02
  1.67646469e-03  9.64969173e-02 -3.92060205e-02 -2.45492421e-02
 -3.37238498e-02 -2.46477202e-02  5.33294268e-02  9.12801735e-03
 -8.43583792e-02 -2.29875036e-02  9.60762128e-02 -3.33621888e-03
  6.18729070e-02  3.60316746e-02 -4.61628549e-02  7.72734731e-02
  8.52026790e-02  1.81422718e-02  5.99723347e-02  3.26994550e-03
 -6.15003519e-02  6.67893589e-02  9.25586000e-03 -3.83994989e-02
 -3.38127241e-02 -3.29821594e-02 -5.29118441e-02  1.55844554e-01
 -6.84167817e-02 -2.01016217e-02  3.63762416e-02 -5.01861200e-02
  8.65483936e-03  1.98771134e-02  1.01042865e-02 -7.12625496e-03
 -2.42380388e-02 -1.88104119e-02 -3.43967676e-02  8.78627524e-02
  2.10224334e-02 -4.24050316e-02 -1.24348113e-02 -2.46761292e-02
  9.23505947e-02  5.15196584e-02 -2.89214663e-02 -3.91083770e-03
 -6.34125769e-02 -5.25612533e-02  1.81994289e-02  8.26167315e-03
 -1.05790664e-02 -2.84962710e-02  6.02982379e-03 -1.15898915e-01
 -1.98914334e-02 -4.53156158e-02 -3.74171068e-03  9.49398875e-02
  1.13090850e-01 -7.99614787e-02  5.48766814e-02  2.68251449e-02
  3.75717995e-03 -7.95886070e-02 -2.13185232e-02 -5.66716865e-02
 -4.31257254e-03 -8.12353939e-02 -2.72136666e-02  7.77900033e-03
  2.80408263e-02 -3.50374132e-02  3.84216048e-02 -6.46326926e-34
 -3.50483619e-02 -4.99987043e-03  1.00530945e-01  2.70302333e-02
  6.52609393e-02  2.04500537e-02  1.05993049e-02  1.23455739e-02
 -1.56883001e-02  1.07144415e-02  1.37672992e-02 -5.61406352e-02
 -2.97772586e-02 -8.56191618e-04 -5.04264282e-03  4.91914041e-02
 -5.14109358e-02 -5.12943324e-03 -8.68010744e-02  7.13694692e-02
  3.42537239e-02 -1.26086567e-02 -5.97561197e-03 -2.32971106e-02
 -4.18021008e-02  3.37263495e-02 -1.97670031e-02 -1.31728305e-02
  1.19153671e-01 -5.51862689e-03  3.46130095e-02  3.88953499e-02
 -3.32917236e-02  4.02476862e-02 -9.15408432e-02 -4.25242372e-02
 -4.23282087e-02  4.56905104e-02  1.64413303e-02 -7.39951385e-04
  5.12432754e-02 -2.92116264e-03 -6.60500154e-02 -3.61380205e-02
  5.08554541e-02  3.36232558e-02  1.52323879e-02 -6.41178191e-02
 -7.39064766e-04 -1.43356025e-01  1.13964960e-01 -4.96163070e-02
  3.30091105e-04 -4.77638580e-02  6.28756508e-02  6.79329410e-03
  5.75739592e-02  1.98853877e-03  2.24355347e-02  9.77143422e-02
  5.27415797e-02 -9.82324779e-02 -2.51991535e-03  1.57722589e-02
 -9.90362279e-03 -3.26890033e-03  1.80540457e-02  4.08766046e-02
  3.09279896e-02 -3.61744501e-02  6.64840937e-02 -1.03096254e-02
 -9.42688659e-02 -3.48441899e-02  1.14006782e-02 -1.98733490e-02
 -1.16640422e-03  7.62608740e-03  5.95355071e-02  5.49845546e-02
 -8.89256131e-03 -1.64022408e-02 -4.14831154e-02  1.58000030e-02
 -6.16369694e-02 -1.80651378e-02 -6.22213706e-02 -4.59857695e-02
 -5.81707880e-02  6.29768148e-02  7.12877288e-02  7.08546443e-03
 -1.49285356e-02  4.02200110e-02  4.26433235e-02 -8.50225605e-34
  5.79164140e-02 -2.97178864e-03 -6.65467232e-02  3.19340937e-02
 -1.40590677e-02  2.13485751e-02  2.09263563e-02 -3.65357660e-02
  2.90231872e-02  2.41124388e-02 -4.92493995e-02 -2.53681354e-02
 -4.24444005e-02  6.08530417e-02 -1.59380008e-02  1.45131573e-02
  7.67805427e-02  9.45237279e-03 -9.26229730e-02 -1.95029248e-02
 -5.38408570e-02 -1.21058077e-01  1.00823447e-01 -1.13742866e-01
 -5.19976243e-02  6.47739088e-03 -1.56571697e-02  4.57830690e-02
 -3.94972682e-04  3.75618488e-02  1.08253153e-03  1.11668251e-01
  5.52759804e-02 -4.27695848e-02 -1.34886980e-01 -4.92241755e-02
  4.10084613e-02 -9.06085670e-02  1.30058169e-01 -9.89975333e-02
  2.91698240e-02  4.42382805e-02 -9.74010583e-03 -9.79952328e-03
  4.47491221e-02  3.17052789e-02 -1.99661143e-02 -4.43388596e-02
  9.38295014e-03  2.06119902e-02 -2.06751795e-03 -5.68404607e-03
 -3.39659825e-02 -1.39750227e-01 -4.32503447e-02 -3.81084010e-02
 -6.07669689e-02  3.27925608e-02  2.96111517e-02 -5.01621068e-02
 -7.43507072e-02  2.08796607e-03 -7.62509927e-02  1.39878260e-03
 -6.30098507e-02  2.96480395e-02 -1.67894289e-02  5.88490255e-02
  8.94612446e-02  6.25612261e-03 -1.13998868e-01 -4.17722668e-03
 -4.85753715e-02  2.19905805e-02  4.05591466e-02 -8.32008850e-03
  1.44946221e-02  8.07336643e-02  1.09453462e-01 -3.39016207e-02
 -6.65494204e-02 -9.74762486e-04 -2.00812090e-02 -3.87473516e-02
 -3.38520631e-02 -2.84005925e-02  5.62607236e-02  2.40264647e-03
 -4.14272249e-02  3.95687632e-02 -8.61543342e-02 -1.80077888e-02
 -1.99443381e-02  5.42391045e-03  3.74389179e-02 -3.26820206e-08
  2.91041937e-02  1.22374501e-02  4.29103635e-02  5.45997657e-02
 -1.92676838e-02  8.48650932e-02  5.46700433e-02  5.29090650e-02
  8.78511965e-02  5.76992333e-02 -2.58645229e-02 -5.28821722e-02
 -1.85479168e-02 -2.61030383e-02  4.09557745e-02  2.95237154e-02
 -7.48242363e-02 -1.09074980e-01 -1.76053941e-02 -2.11076923e-02
  2.16150619e-02  2.95001715e-02  7.09377304e-02  9.52081010e-02
 -4.28270213e-02  3.84309469e-03  9.74428095e-03  3.89309190e-02
 -2.16352325e-02  1.68207549e-02 -7.65153319e-02  1.13660246e-02
 -4.98671643e-02 -4.28188890e-02 -3.90468799e-02 -1.40186371e-02
  9.36873630e-03 -1.58459076e-03  8.37041959e-02 -1.39810005e-02
  6.96803257e-02  3.57008539e-02  1.87412673e-03 -3.73922735e-02
 -1.29627651e-02  8.44110772e-02  1.48032937e-04 -4.40445729e-03
  4.00650725e-02 -2.55571268e-02  9.31234136e-02 -3.48386243e-02
  4.75456864e-02 -2.50397306e-02 -5.67413196e-02  4.61617894e-02
 -5.35879359e-02 -8.16085003e-03  4.26421650e-02 -4.83002476e-02
 -3.76686305e-02  7.66739324e-02  1.93307828e-02  1.04674939e-02]"
What are the risk factors for developing TB?,"Risk factors for TB include having a weakened immune system, particularly due to HIV/AIDS, diabetes, or certain medications. Other risks include living in or traveling to areas with high TB rates, living in crowded conditions, and substance abuse, particularly tobacco use.","Risk factors for TB include a weakened immune system (due to HIV/AIDS or diabetes), living in high-risk areas, crowded conditions, and substance abuse like tobacco.","What are the risk factors for developing TB? Risk factors for TB include having a weakened immune system, particularly due to HIV/AIDS, diabetes, or certain medications. Other risks include living in or traveling to areas with high TB rates, living in crowded conditions, and substance abuse, particularly tobacco use.","[ 7.52680078e-02  1.44074159e-02 -4.37181210e-03  1.37578687e-02
  7.93388709e-02  1.11472212e-01 -1.61531884e-02  6.97890595e-02
 -8.82679224e-02  5.27146645e-02 -2.50359103e-02 -5.81811741e-02
  7.21900910e-02  3.27909999e-02 -4.04414050e-02  7.71586224e-03
 -7.46936798e-02 -4.77270037e-02 -4.39702086e-02 -2.01216731e-02
 -2.36090701e-02  5.61759174e-02  4.86650206e-02 -4.63627204e-02
 -1.10639771e-02 -6.68266639e-02  5.15084937e-02 -1.23038264e-02
  1.66157335e-02  3.47749069e-02 -2.23554019e-02  1.85894202e-02
 -8.90631229e-02 -7.94862211e-02 -9.34201255e-02 -3.74935009e-02
 -1.24297133e-02  7.98374414e-03  7.40943551e-02 -2.88751069e-02
  6.81319786e-03 -4.83184829e-02 -3.91295142e-02  3.12693566e-02
  1.46220773e-02 -4.55270372e-02  3.96022722e-02 -7.30526820e-03
 -6.77310824e-02 -9.66148823e-03  2.88177822e-02 -2.49155033e-02
 -6.12621382e-03  8.58721556e-04 -1.28133055e-02 -1.30687639e-01
 -1.01342268e-01  1.47989141e-02 -1.68866720e-02  1.07768020e-02
 -6.30316436e-02 -5.22042960e-02  3.12790386e-02 -6.64834976e-02
  6.15673140e-02  1.27392888e-01 -4.53947149e-02  1.73471496e-02
 -1.59472432e-02  4.45747897e-02  1.99318677e-02 -3.21241245e-02
 -1.11716159e-01  8.20934474e-02  3.46770175e-02 -2.88659353e-02
 -4.26729247e-02  4.85588470e-03 -2.74783839e-02  9.78437439e-02
  3.06465253e-02  5.15326411e-02  2.40998548e-02  3.03307585e-02
 -4.59848456e-02  5.93452081e-02  3.70485447e-02 -4.04890552e-02
 -8.64013880e-02  6.38744161e-02  4.68733087e-02 -1.05761131e-02
  2.79303268e-02  6.16226159e-02  1.15419189e-02  7.61251990e-03
  1.66086219e-02 -3.05541921e-02 -2.40967833e-02 -1.09458677e-01
 -2.60872189e-02 -4.43179868e-02  3.56763229e-02  1.34084895e-01
 -1.54850446e-02 -2.14905366e-02 -3.66820693e-02 -1.10176012e-01
 -2.79643387e-02  3.72559838e-02  5.72958663e-02  3.75380144e-02
  1.63652617e-02 -3.94751988e-02  2.09524427e-02 -6.63128821e-03
  8.17212276e-05 -1.40899464e-01 -2.90363282e-02  3.35362204e-03
 -3.50503717e-03 -3.99740674e-02  2.44006757e-02 -2.18738941e-03
 -6.36046827e-02 -6.03927039e-02 -3.58205587e-02  4.08125669e-34
  1.80099551e-02 -2.75302418e-02  2.86016911e-02  3.12543251e-02
  8.02116469e-02 -2.23500561e-03  5.25452122e-02 -7.48265628e-03
 -5.64836897e-03 -2.93633938e-02 -4.99803461e-02 -7.48688504e-02
 -2.84106638e-02 -4.47078981e-02  1.85334925e-02  8.51630941e-02
 -2.28383876e-02  8.29436630e-03 -4.85549569e-02  7.12443888e-02
 -1.03806723e-02 -2.14433521e-02  1.86572615e-02  2.45977417e-02
 -1.67535860e-02 -2.82465504e-03  2.91497242e-02 -2.84488834e-02
 -1.75082833e-02 -5.74018341e-03 -3.33709382e-02  2.42038025e-03
 -3.31223607e-02 -1.07151970e-01 -2.38357987e-02  4.95428666e-02
 -4.75997925e-02  5.75985909e-02  1.19235693e-02  6.67107874e-04
  3.17640975e-02  1.73808988e-02 -6.05009636e-03  6.44275472e-02
  8.41303840e-02  3.85935046e-03  5.54750264e-02 -5.97756691e-02
 -1.21668272e-01 -6.95407903e-03 -1.00273713e-02  1.41669726e-02
 -3.70173231e-02  3.52738872e-02  6.52291775e-02  1.22837280e-03
 -2.92668529e-02  1.44794667e-02  1.19877374e-02  2.14059502e-02
  4.59212996e-03 -6.84753880e-02 -1.42260082e-02  3.37574035e-02
 -2.63945106e-02 -3.45833376e-02  5.24468981e-02 -7.19033256e-02
 -4.06894498e-02 -6.61789775e-02  3.14724036e-02 -9.75141227e-02
 -3.30508538e-02 -1.67929232e-02  6.34964630e-02  6.03579655e-02
 -9.38992798e-02 -1.38288317e-02  5.77950440e-02 -2.52112318e-02
 -2.98923738e-02  1.83118619e-02 -2.77702194e-02 -3.13428417e-02
 -1.47014242e-02 -2.55212709e-02  3.52306990e-03 -2.84226090e-02
 -7.55909383e-02  2.90463981e-03  8.72822404e-02 -3.87629978e-02
 -2.11894866e-02  6.89929575e-02  3.63757834e-03 -1.76531297e-33
  1.90156139e-02 -2.36538146e-02 -3.16131897e-02 -9.16869491e-02
  6.35072077e-03 -4.71963845e-02  1.37511315e-02 -9.71149057e-02
  1.09913766e-01 -1.86589789e-02 -4.59087044e-02  5.26716821e-02
  1.69399213e-02  6.48744106e-02 -3.32251862e-02 -6.37880526e-03
 -6.68954616e-03  7.04605058e-02 -4.33924608e-03 -1.36002339e-02
  1.22654671e-02 -6.65353090e-02  7.44976988e-03 -1.83380651e-03
 -4.96371500e-02  2.02675462e-02 -1.00459844e-01 -2.06325930e-02
  4.17454392e-02  2.99132653e-02 -6.38537705e-02  1.57474458e-01
  9.27970409e-02  1.16759259e-03 -9.91486013e-02 -2.83911321e-02
  4.08375449e-03 -1.75916236e-02  1.20424785e-01 -7.46050030e-02
  6.29677922e-02  1.16823286e-01  1.53793795e-02 -9.61373448e-02
  8.36642310e-02  2.34595723e-02  7.28525817e-02  1.05213784e-02
  3.07369996e-02  1.62175279e-02  8.37120861e-02 -1.81244202e-02
  2.35560648e-02  5.95994294e-04 -2.54919995e-02 -1.70595963e-02
  1.04592880e-02  1.07065188e-02  8.46013576e-02  5.49174137e-02
 -1.90344006e-02  9.44617093e-02  1.63767859e-02 -2.91895471e-03
 -2.37682164e-02  1.18135903e-02 -4.91518229e-02  1.78127792e-02
  1.14115708e-01  3.94649152e-03 -3.72501425e-02 -4.21211608e-02
  2.35230308e-02  1.67795364e-02  2.17997425e-04 -3.69476452e-02
 -4.52544354e-02  1.27150610e-01  7.09639117e-02  2.75971387e-02
 -5.77948727e-02  2.27898415e-02 -2.45922860e-02 -1.46734025e-02
 -2.76374817e-02 -5.73948957e-03  3.00218035e-02 -5.06286472e-02
 -3.92476991e-02  2.08515227e-02 -1.16918691e-01 -9.71622020e-03
 -1.47809416e-01  4.26940806e-02  1.54196499e-02 -3.34712098e-08
  1.60950851e-02  1.27176838e-02  1.57851577e-02  1.12433266e-02
  1.25919031e-02 -2.36528972e-03  3.33693735e-02  1.02789387e-01
  1.20568894e-01  8.02044421e-02 -1.14869988e-02  2.28724983e-02
 -3.86439287e-03 -1.94331689e-03  1.29474727e-02  1.30078524e-01
 -3.01913135e-02 -1.21630952e-02 -2.72631347e-02 -1.73760969e-02
  8.80828425e-02  5.50543983e-03  4.96215224e-02  6.78467900e-02
 -6.30230904e-02 -3.72416899e-02  3.25056203e-02 -2.23007407e-02
 -3.34773283e-03  2.72227693e-02 -4.75287525e-04 -5.98091856e-02
  2.71700826e-02  2.50773076e-02 -7.46177882e-02 -1.86516382e-02
 -2.06680428e-02 -1.95730496e-02  7.26331398e-02  6.05472289e-02
  2.29791664e-02 -9.21096932e-03  6.55051917e-02 -2.41103992e-02
 -1.68843400e-02 -1.83189269e-02 -7.38491714e-02  4.03595604e-02
  2.53620669e-02 -7.40173310e-02  3.13706584e-02 -8.18621144e-02
  4.61366260e-03 -5.15413880e-02 -1.22987591e-02  1.21550307e-01
  3.08133569e-02  6.03369139e-02  6.09932616e-02 -3.50053571e-02
 -4.21395823e-02  6.51564375e-02  4.10200283e-02 -6.40553609e-03]"
How can TB be prevented?,"Preventing TB involves vaccination with the Bacille Calmette-Guerin (BCG) vaccine, which is more effective in children. Other preventive measures include avoiding close contact with TB patients, improving ventilation in living spaces, and wearing masks in high-risk settings.","TB prevention includes the BCG vaccine (especially effective in children), avoiding contact with TB patients, and improving ventilation and mask usage in high-risk areas.","How can TB be prevented? Preventing TB involves vaccination with the Bacille Calmette-Guerin (BCG) vaccine, which is more effective in children. Other preventive measures include avoiding close contact with TB patients, improving ventilation in living spaces, and wearing masks in high-risk settings.","[-1.37397218e-02  7.51917586e-02  4.36885171e-02 -2.44957991e-02
  2.69657513e-03  9.13492739e-02  4.67261150e-02  3.11552896e-03
 -5.04434593e-02  3.66913364e-03 -1.39741115e-02  1.21868821e-02
  7.90492967e-02  2.46842913e-02 -6.92139491e-02  6.04003519e-02
  4.43807580e-02  2.71514039e-02 -2.56540067e-02 -7.22033083e-02
 -6.06279820e-02  1.00796573e-01  8.15454498e-02  2.69442238e-02
 -9.45348218e-02 -4.33091372e-02  2.41405647e-02 -1.28246164e-02
  4.84131426e-02 -2.56511346e-02  3.20997909e-02 -8.20457116e-02
 -1.28298610e-01  2.03525051e-02 -1.11090697e-01 -5.25173778e-03
 -1.58601329e-02  4.11524773e-02  1.13599431e-02 -2.79516168e-02
 -6.01151362e-02 -1.09230336e-02 -1.01466969e-01 -5.61415479e-02
  7.91521743e-02  5.62193505e-02  1.58732347e-02 -1.27670886e-02
 -9.78770852e-03 -4.92098741e-02 -1.63837951e-02 -1.96575541e-02
 -1.59815587e-02  7.65279084e-02  2.54945904e-02 -1.08897030e-01
 -8.50304440e-02  1.95018221e-02  6.38537332e-02 -3.33279222e-02
 -9.53692421e-02 -3.00792418e-02  1.82337947e-02  6.35392405e-03
 -1.03165926e-02  1.18359432e-01 -8.70406628e-02  9.39030293e-03
  5.83753325e-02  6.35258630e-02  2.72833910e-02 -2.34127752e-02
 -4.68705259e-02  9.03355703e-02  6.75869780e-03  5.43348119e-02
 -1.75862350e-02 -4.41211611e-02  7.00098127e-02  8.55114460e-02
  8.60066433e-03 -1.61631349e-02  9.33522657e-02  4.05116566e-02
  2.58531682e-02  4.71016951e-02  7.94110000e-02 -5.56419156e-02
 -3.35594788e-02 -2.67250724e-02  6.50784895e-02  1.49969310e-02
  4.69886214e-02  6.26460090e-02 -2.90901195e-02 -6.15284480e-02
 -1.00433063e-02  3.04706302e-03 -5.12587987e-02 -3.14330347e-02
  2.77542081e-02 -1.84806660e-02 -1.92209445e-02  5.47316931e-02
 -3.07133161e-02 -7.74873868e-02  7.39364177e-02 -1.16806597e-01
  3.26694176e-02 -6.80147335e-02 -2.20705196e-02  9.54023823e-02
 -8.89378507e-03  2.14092191e-02 -6.99112266e-02 -5.16436342e-03
  4.26312760e-02 -3.38588282e-02  1.37343938e-02 -7.61574656e-02
  3.70975584e-02 -4.13161106e-02 -1.26393577e-02 -7.19725862e-02
  1.59092422e-03 -3.99001837e-02  9.56829637e-03  4.22408275e-33
 -2.87586413e-02 -2.00532172e-02  6.86688200e-02 -3.15313274e-03
  3.25884297e-02  2.92600635e-02 -2.37812772e-02 -9.31410957e-03
 -7.16567924e-03  1.64053179e-02 -2.32554842e-02 -7.59253502e-02
 -2.04172713e-04  5.14177093e-03  4.44099680e-02 -2.01511122e-02
 -1.17104217e-01 -1.72275249e-02 -1.63280386e-02  2.15509683e-02
  4.17514145e-02 -2.28555519e-02  3.13004479e-02  4.40510958e-02
  3.41191143e-02  2.05577482e-02  1.87899382e-03  3.52226645e-02
  4.03472446e-02  4.25053090e-02 -4.59578335e-02  6.50406778e-02
 -7.72310719e-02  1.42362285e-02 -1.30062923e-01 -3.12705375e-02
 -3.88059281e-02 -3.88015397e-02  2.04184316e-02  2.49862913e-02
 -1.01748072e-02  1.53746279e-02 -3.30592878e-02  5.66476248e-02
  1.00173689e-01  7.24190520e-03 -2.05819588e-02 -7.03143999e-02
 -1.02010183e-01 -2.25128047e-02  9.24357846e-02  2.02745665e-03
 -5.68567067e-02 -6.81597516e-02  5.27667366e-02 -5.37539739e-03
 -2.54265871e-02  7.08540604e-02  1.88247394e-02 -1.56273395e-02
  1.13640822e-01 -1.07144274e-01 -1.27451262e-02 -4.70604311e-04
 -1.74823999e-02  1.71155427e-02 -4.86709084e-03 -6.12959079e-02
 -4.17700745e-02 -1.40115947e-01  1.61637235e-02 -6.62594615e-03
 -3.50613939e-03 -8.41698870e-02 -6.45284578e-02 -6.26054555e-02
 -4.70219878e-03  1.73621681e-02  2.78023332e-02 -3.87227200e-02
 -4.28948589e-02  1.47212977e-02 -2.13850243e-03 -6.09820802e-03
 -1.52956310e-03 -1.13016792e-01 -2.94650942e-02  3.47772166e-02
 -2.75844298e-02 -3.68537344e-02  4.36867550e-02  1.85027886e-02
 -1.96777843e-02  7.92854577e-02 -5.25230430e-02 -2.60548194e-33
  7.81223103e-02  5.87071991e-03 -2.94640748e-04 -8.69493745e-03
 -3.29354443e-02 -5.57531752e-02  6.26556873e-02 -1.08004585e-01
  6.81590661e-02 -1.23892222e-02 -1.68163422e-02 -2.57126968e-02
  4.52223793e-02  4.93939109e-02 -7.08063692e-02 -3.93804684e-02
  6.07401691e-02  2.38499362e-02 -1.24841638e-01 -3.26861441e-02
  1.41188307e-02 -9.27799474e-03  5.93148470e-02 -2.53908187e-02
  3.69245722e-03  8.49449113e-02 -7.70219117e-02  5.97420707e-02
  6.14928380e-02  3.49388495e-02 -7.36799613e-02  1.09738015e-01
  1.07258737e-01 -2.91245654e-02 -6.91925138e-02 -3.84424552e-02
  4.40873876e-02  1.05254492e-02  4.85224687e-02 -2.42580604e-02
  1.60232410e-02  4.59892787e-02 -9.79041532e-02  1.65265534e-04
  1.16796955e-01  1.12068847e-01  9.31143761e-02 -2.56410018e-02
 -2.98779514e-02  3.74898799e-02  6.30071238e-02  1.07545890e-02
  1.46439373e-02 -3.75334211e-02  2.57642264e-03 -5.92791364e-02
 -3.04325037e-02 -8.29890519e-02  4.52031475e-03 -1.09492010e-02
  3.94187346e-02 -5.47755510e-03  9.18666646e-03  4.43382077e-02
  2.49038776e-03  1.29201964e-01 -4.33362722e-02  1.12330131e-01
  1.16534881e-01 -5.52838258e-02 -3.17942793e-03  2.08765436e-02
  1.15300165e-02 -1.48548186e-02 -3.28987166e-02  2.34553553e-02
 -1.12356283e-02  3.21432538e-02  5.54387793e-02  2.33449414e-02
 -8.08220878e-02  3.75618367e-03 -1.65391918e-02 -2.10471619e-02
  1.19136451e-02 -1.65033285e-02 -3.28393616e-02 -9.50559154e-02
 -5.34646176e-02  1.18998718e-02 -8.89885202e-02 -3.90489697e-02
 -9.97706316e-03  5.61240502e-02  4.27939743e-02 -3.09349595e-08
  4.91315015e-02 -6.50574490e-02 -2.83358851e-03  2.34819949e-02
 -1.06463693e-02 -3.51451188e-02 -1.72227044e-02  2.95723211e-02
  6.93559647e-02  2.96354387e-02 -2.50167269e-02  4.83340994e-02
  2.08443142e-02 -1.07601210e-02  2.98198666e-02  7.15954453e-02
 -3.14210728e-02 -3.84740941e-02 -2.83409059e-02 -3.42559405e-02
  4.13888656e-02  1.30496994e-02  4.15517337e-04  6.29687980e-02
  2.15793420e-02 -1.29342889e-02  2.12374814e-02 -2.39190292e-02
 -1.31592881e-02  3.39943506e-02 -4.84236032e-02 -4.34262380e-02
 -1.40178332e-03 -2.29972345e-03 -4.24829051e-02 -2.39997194e-03
  8.90684593e-03  5.63162975e-02  9.54690650e-02  5.07243015e-02
  2.71405373e-02 -7.67649785e-02  6.12131990e-02  7.88739603e-03
 -4.50253189e-02  2.35470925e-02 -2.33735293e-02  6.15649074e-02
  1.47205116e-02  2.44286507e-02  7.70878419e-02 -6.52446151e-02
  5.87989129e-02  1.29605848e-02 -5.59803396e-02  5.52353375e-02
  3.11736832e-03 -1.08138015e-02  4.12231423e-02  1.08661205e-02
 -4.02935296e-02  2.75065079e-02  6.38183951e-02  5.18401265e-02]"
What is Multidrug-Resistant Tuberculosis (MDR-TB)?,Multidrug-Resistant Tuberculosis (MDR-TB) is a form of TB caused by bacteria that are resistant to the most effective anti-TB drugs. MDR-TB arises from inconsistent or partial treatment and is more complicated and expensive to treat.,"MDR-TB is a form of TB resistant to key anti-TB drugs, often resulting from improper treatment, and is more challenging and costly to treat.",What is Multidrug-Resistant Tuberculosis (MDR-TB)? Multidrug-Resistant Tuberculosis (MDR-TB) is a form of TB caused by bacteria that are resistant to the most effective anti-TB drugs. MDR-TB arises from inconsistent or partial treatment and is more complicated and expensive to treat.,"[-2.07746811e-02  4.26735403e-03 -3.05192359e-02 -1.10667899e-01
  5.70748970e-02  8.48928653e-03 -7.20987171e-02  7.81089440e-02
 -7.73925288e-03  1.59301832e-02 -5.92454709e-02  2.04532929e-02
  1.61813945e-01  6.02121986e-02 -5.89890853e-02 -3.49297491e-03
 -7.15406835e-02 -8.07535425e-02  2.27186531e-02  2.53546201e-02
 -9.67642218e-02  1.53697833e-01  2.13147737e-02  3.41256671e-02
 -2.22156066e-02  9.95257520e-04 -8.94034281e-03 -8.76813289e-03
 -2.61105690e-02 -1.41670108e-02  1.03377342e-01  4.31920364e-02
 -9.63011757e-02 -5.75368619e-03 -1.02693148e-01 -1.64436712e-03
 -1.18066512e-01  3.40910964e-02  1.12597093e-01 -1.20658218e-03
 -3.65345180e-02 -3.77898999e-02 -2.47208439e-02 -3.18034515e-02
 -1.77209266e-02  1.38605926e-02 -6.64368272e-02  9.92508419e-03
  3.66178751e-02  1.04962690e-02  3.63995619e-02 -2.12064553e-02
 -7.92036429e-02  9.11847055e-02  1.08761281e-01 -6.95976540e-02
 -9.84022096e-02  2.94832196e-02 -1.42949652e-02 -4.50353622e-02
 -3.65816727e-02  1.14200329e-02  1.22165851e-01  2.33633947e-02
  1.91247296e-02  9.38879624e-02 -1.60178822e-02  1.76308379e-02
  2.68232264e-02  1.12530282e-02 -3.38273831e-02 -5.77235259e-02
 -3.47617865e-02  3.94604243e-02 -3.76916789e-02 -8.39831010e-02
 -1.40010295e-02  3.56461890e-02 -1.22476947e-02  5.89853115e-02
 -5.36118560e-02  9.85257048e-03 -1.94798075e-02  8.24673753e-03
  3.04142199e-02 -8.29879418e-02  1.50615470e-02 -3.06404345e-02
  3.06084100e-02 -2.74268594e-02  4.71673347e-03  7.61198178e-02
 -1.38818808e-02  1.44526344e-02 -9.15226713e-02 -9.19480175e-02
 -1.80225186e-02  7.41285160e-02 -2.58550467e-03 -4.16328311e-02
  2.86829807e-02 -2.55396981e-02  1.86087973e-02 -6.04343005e-02
 -9.18457750e-03 -1.02953389e-01  5.54754697e-02 -9.83394757e-02
  2.16401019e-03 -1.88137908e-02  5.17788492e-02  7.51076341e-02
  2.15861388e-02 -3.10982820e-02 -6.90191314e-02 -2.37400159e-02
  4.29480448e-02 -4.43643667e-02 -5.16514247e-03  3.91836092e-02
 -3.70829515e-02 -5.08010089e-02  6.04388192e-02 -6.59772456e-02
  7.91498125e-02 -3.58098783e-02 -4.14099880e-02 -2.34336213e-33
 -6.60953373e-02 -7.29249492e-02  8.98648277e-02 -1.55146848e-02
  8.18889961e-02 -8.76969378e-03  4.60013933e-03  3.08698509e-03
 -2.89155189e-02 -2.33883318e-02 -6.10285662e-02 -4.40590084e-02
 -2.14633085e-02  8.99084955e-02  5.16956151e-02 -1.09526087e-02
 -7.81632289e-02 -3.83985788e-02 -6.42609736e-03  3.40851657e-02
 -9.46787361e-04  6.87157065e-02 -6.06064638e-03  2.03269217e-02
  7.65099190e-03  4.48490083e-02 -9.56016127e-03 -3.36954556e-02
  1.00827225e-01  1.86374527e-03 -4.75301786e-04  2.50974279e-02
 -3.50239240e-02  6.81287516e-03 -3.87868956e-02 -5.20034470e-02
 -2.72297543e-02  2.35981885e-02  5.80072664e-02 -3.74368066e-03
 -7.38545880e-02 -6.03242293e-02  2.29455940e-02 -3.92429996e-03
  1.02550469e-01  7.40577430e-02 -3.77251729e-02 -3.87468785e-02
 -1.19424626e-01 -4.60693426e-02  5.39385118e-02 -6.30775020e-02
 -6.44218251e-02  2.40798621e-03  6.30042329e-02 -1.52151817e-02
 -9.25046802e-02  9.75041464e-02  1.05763571e-02  8.97014216e-02
  2.53586993e-02 -2.47327071e-02 -6.81582391e-02  2.10725553e-02
 -3.57040539e-02 -5.59770055e-02  2.05484424e-02 -2.66294274e-02
  6.12820089e-02 -2.65519358e-02  4.65986580e-02 -3.84453274e-02
  1.44392131e-02  7.16076652e-03  7.75514841e-02  1.13620991e-02
 -1.67446658e-02 -1.56743620e-02  1.20406985e-01  2.10815743e-02
 -8.54780376e-02  3.08008529e-02 -3.87793593e-02 -2.86361538e-02
 -1.17706753e-01  3.33479084e-02  1.17234495e-02 -8.82105604e-02
 -4.83796746e-02 -9.12584271e-03  6.20111339e-02 -3.10419630e-02
 -8.20965916e-02  2.25122999e-02  5.58600947e-03 -1.21837170e-33
  1.06928505e-01 -7.08172321e-02  8.77572596e-02  3.88517007e-02
  4.30820137e-02 -1.47703690e-02 -1.79036204e-02 -3.87829021e-02
  7.84742311e-02  3.41992755e-03  1.98077206e-02 -2.66612750e-02
 -1.60921663e-02  2.94545479e-02 -3.37145440e-02  1.07406201e-02
  2.78452300e-02  2.51144897e-02 -7.93643817e-02  1.89069733e-02
  5.78594282e-02  5.34982048e-03  1.17933704e-02 -4.07459661e-02
 -9.22463164e-02  4.15969677e-02 -3.32011804e-02 -1.45436553e-02
  1.13733642e-01  8.33036005e-02 -4.77752201e-02  7.85126835e-02
 -1.80248928e-03 -9.76001397e-02 -6.86717704e-02  2.32143812e-02
 -4.07267176e-02 -2.88124569e-02 -1.39686195e-02 -6.78783730e-02
  5.78953661e-02  4.34266552e-02 -1.16089620e-02 -1.12780137e-02
  2.90913265e-02 -1.60892569e-02 -1.35152424e-02  1.39135914e-02
  3.01561020e-02 -2.72415336e-02  1.79949142e-02 -2.72037499e-02
  6.69301152e-02  1.10217463e-02  2.82471590e-02 -6.25085980e-02
 -3.46237682e-02 -6.51857555e-02 -8.92429240e-03 -1.02817239e-02
 -3.08629349e-02 -3.94194946e-02 -1.08922962e-02  5.48521131e-02
 -2.61950437e-02  5.21293059e-02  1.27996178e-02  5.66646131e-03
  1.02034204e-01  3.73327360e-02  7.53082410e-02  1.92310531e-02
  1.18643679e-02  3.86308432e-02  7.57501796e-02  1.53763278e-03
 -1.23657405e-01 -2.93951593e-02 -5.88313211e-04 -6.20813051e-04
 -3.26120891e-02 -3.02448086e-02 -3.05951992e-03 -1.42392050e-02
 -4.21605669e-02 -4.81549501e-02 -1.32767286e-03 -9.77603346e-03
 -2.27529854e-02 -1.10727120e-02 -2.52885129e-02  1.21134892e-02
 -6.74176961e-02  7.29971305e-02 -2.26106234e-02 -3.18064153e-08
  1.12590278e-02 -6.56359717e-02  5.50588034e-03 -2.04968546e-02
  4.06979257e-03  8.35239701e-03  3.08128148e-02  2.82240398e-02
  5.25377616e-02  4.54753190e-02  9.71911624e-02  1.15735857e-02
 -1.60240568e-02 -3.63979023e-03  2.28143092e-02  7.63377622e-02
  1.00017758e-02 -4.14735153e-02  2.81458884e-03 -7.29532242e-02
 -2.81999987e-02  1.26391249e-02  2.55487747e-02  4.52573225e-03
 -3.84504199e-02  6.09144494e-02  1.64555982e-02 -1.38564231e-02
 -7.39666028e-03 -5.71260490e-02 -2.79104859e-02  4.21110727e-02
 -4.54395562e-02 -1.09596150e-02 -5.43137230e-02  3.23606022e-02
  8.56705084e-02  4.91763931e-03  1.04624361e-01  3.52616124e-02
 -2.71359850e-02 -4.50111292e-02 -1.49263488e-02  6.99395034e-03
  4.75785732e-02  6.00041449e-03 -5.03400713e-02  4.63891402e-02
 -7.37113953e-02 -7.83489570e-02  9.10106674e-02  2.25544758e-02
  3.37424204e-02  1.19980462e-02 -5.18044345e-02  2.45050546e-02
 -7.90062025e-02  5.37767783e-02  3.10066547e-02 -5.67135513e-02
 -7.38529069e-03 -1.60271283e-02  1.13282792e-01  6.09717593e-02]"
What is the difference between latent and active TB?,"Latent TB is a condition where the person carries the TB bacteria but remains asymptomatic and non-contagious. Active TB means the bacteria are active and cause symptoms, and the person is contagious. Only active TB is symptomatic and can spread to others.","Latent TB is asymptomatic and non-contagious, whereas active TB shows symptoms and can be spread to others","What is the difference between latent and active TB? Latent TB is a condition where the person carries the TB bacteria but remains asymptomatic and non-contagious. Active TB means the bacteria are active and cause symptoms, and the person is contagious. Only active TB is symptomatic and can spread to others.","[ 5.56212030e-02 -9.00017545e-02 -4.55081947e-02  1.26049910e-02
  1.14595801e-01  1.10450722e-02  7.97553807e-02  3.36266607e-02
 -2.23336704e-02  3.89140099e-02  7.46586993e-02 -1.35466468e-03
  6.34214729e-02  5.44790365e-02  2.67545450e-02  2.06587315e-02
  3.11489962e-02 -4.43724394e-02 -2.10680463e-03  2.44296882e-02
 -8.48589614e-02  1.05718851e-01 -1.08530838e-02 -3.32697853e-02
  2.16669347e-02 -6.71567693e-02  2.40203850e-02 -2.48949286e-02
 -1.26699749e-02 -7.66354799e-03 -1.45466160e-02  1.25940342e-03
 -4.90996428e-02 -6.65639015e-03 -5.38913757e-02 -2.06454359e-02
 -5.93857169e-02 -1.85779799e-02 -3.06456685e-02  1.43483467e-02
  3.79984789e-02 -2.46742032e-02 -5.76351322e-02  3.39601897e-02
 -2.79927012e-02 -2.73384545e-02 -4.29542884e-02  3.34791443e-03
 -4.39506024e-02 -5.97025566e-02 -2.59098620e-03 -6.47828309e-03
 -7.46963499e-03  5.26667759e-02 -7.36484155e-02 -3.72324474e-02
 -3.73545773e-02 -3.39249298e-02  2.12105550e-02 -4.48386259e-02
 -2.28078235e-02 -1.84741840e-02  6.69760853e-02 -8.86914432e-02
  1.08062275e-01  3.64434682e-02  2.57777311e-02 -4.61665317e-02
  3.47190946e-02  2.80686654e-02 -1.12498952e-02  3.61751914e-02
 -1.07416384e-01  5.72403073e-02 -1.04897637e-02 -8.88763741e-02
 -3.30672450e-02  1.15207545e-02 -3.41199413e-02  8.85021165e-02
 -5.66467457e-02  3.48573811e-02 -3.77868302e-02 -4.24981257e-03
 -3.03765628e-02  2.76270043e-02 -7.15293065e-02 -1.33049488e-03
 -7.25937188e-02 -3.23716775e-02  2.38602944e-02  9.68362540e-02
  3.28436755e-02  2.32240502e-02  3.89388716e-03 -1.02911353e-01
  8.97025466e-02  8.98986831e-02 -5.35984011e-03  4.32688706e-02
 -2.40409393e-02  4.64894362e-02 -4.65083458e-02  1.16801918e-01
  2.87326612e-02 -5.38657941e-02  7.97999278e-03 -5.60720079e-02
 -2.62134662e-03  8.19333922e-03 -6.31774068e-02 -2.74551380e-02
  1.02376550e-01 -6.34059981e-02  4.05746102e-02  9.69057810e-03
  2.76399078e-04 -4.30154689e-02 -5.90101536e-03 -5.14746457e-02
  5.60246874e-03 -2.81329025e-02  4.81037460e-02 -1.02546051e-01
  1.09329008e-01 -3.44955549e-02 -1.11763729e-02  2.34938268e-33
  4.86889109e-02 -6.06920719e-02  4.39588986e-02  3.79016087e-03
  2.64219325e-02  3.43286507e-02  1.51103195e-02 -5.21139540e-02
  1.57420542e-02  7.75327068e-03 -2.58718040e-02  2.94011272e-02
 -3.75070088e-02  4.34226952e-02 -5.77170923e-02  2.00205427e-02
 -5.30807637e-02 -1.83070321e-02 -1.52859362e-02  1.04671903e-01
  2.83273286e-03  5.21265268e-02  1.03832390e-02  2.25812402e-02
 -3.20859370e-03 -6.09504208e-02  2.59758867e-02 -4.77862032e-03
  3.88699514e-03  9.01851337e-03 -4.19487469e-02  1.78811084e-02
 -2.59348713e-02  5.10489941e-02 -1.22508898e-01 -1.06833801e-02
  1.95982270e-02 -7.85379186e-02  4.32021879e-02 -1.08534262e-01
  4.05246168e-02  6.45993501e-02  2.57831328e-02  1.89321712e-02
  4.13699029e-03  6.01891316e-02  3.91269550e-02 -4.19504233e-02
  2.60550692e-03  2.33505443e-02  9.19520259e-02 -2.15711687e-02
  1.50825605e-02 -1.07863009e-01 -1.19917013e-03  7.63767119e-03
 -1.00241769e-02  1.06794000e-01 -1.29294745e-03  6.99911714e-02
  7.90659711e-02 -6.45502433e-02  2.98656145e-04  4.49858326e-03
 -1.82863586e-02 -3.74043956e-02  3.55572067e-02 -5.46373129e-02
  4.66703549e-02 -5.26894629e-02  5.03228419e-02  2.78652832e-02
 -4.88716736e-02  9.57101211e-03  4.93071154e-02 -2.98717767e-02
 -7.70009086e-02 -8.46848730e-03  5.46779893e-02 -7.53920376e-02
 -5.97045347e-02 -7.90041164e-02 -9.24059004e-02  5.69715761e-02
 -1.05947740e-01  1.60366092e-02  1.94855016e-02 -7.30546843e-03
 -3.85074923e-03  3.14355865e-02  4.06203419e-02 -3.45267057e-02
 -4.94318530e-02  1.34196654e-01  1.58363897e-02 -2.46809604e-33
  6.21097311e-02 -1.14390636e-02 -7.51946047e-02  7.15400353e-02
  5.42618223e-02 -1.11847445e-02  1.00843403e-02 -7.93679431e-02
  4.76429909e-02  2.94360016e-02  5.27401343e-02 -4.99381460e-02
 -9.32933465e-02  2.89141126e-02  1.09985508e-02  1.63104702e-02
  7.62652978e-02 -6.92577660e-03 -6.08093888e-02  3.58790196e-02
 -5.02529275e-03 -6.55132383e-02 -1.05080390e-02 -5.65848537e-02
  1.15774497e-02  6.90558460e-03 -2.57557612e-02  4.11154097e-03
 -8.51375908e-02 -1.74118504e-02  2.46781316e-02  5.89920506e-02
  5.92382140e-02 -1.62765458e-02 -4.20929715e-02  3.18372622e-02
  5.86608797e-02 -3.58596519e-02  5.77657856e-02 -1.23857059e-01
  4.09501195e-02  3.75019833e-02 -6.17713248e-03 -5.72170950e-02
  8.47991928e-03  1.15700193e-01 -3.00694210e-03 -2.16938369e-02
  2.24320823e-03  9.36808661e-02  4.84182760e-02 -2.94469073e-02
  5.79178967e-02 -7.87957087e-02 -2.94615570e-02  1.55118844e-02
  1.78555399e-02 -2.86591388e-02 -2.26181885e-03  3.00133172e-02
  6.62444159e-04  7.71985447e-04  6.57717958e-02 -2.86013391e-02
 -6.76637217e-02 -2.73080505e-02 -5.67593332e-03  1.95524767e-02
  1.15262158e-01 -2.88440892e-03 -5.00423722e-02  4.15358581e-02
 -1.85077675e-02  2.72438806e-02  1.04219683e-01 -4.75191288e-02
 -4.48419123e-05  8.22694972e-02  5.05048670e-02 -6.24371283e-02
 -1.31937623e-01  1.17252413e-02 -2.12964806e-05 -3.62971872e-02
 -1.14094943e-01  5.21412343e-02  4.10217308e-02 -7.73926750e-02
 -3.84153537e-02  2.62566954e-02  1.01058127e-03 -9.93933436e-03
 -9.62769017e-02  2.82233972e-02 -5.96582592e-02 -3.39422144e-08
  3.40037532e-02  4.52589355e-02  8.04507919e-03 -5.60493097e-02
 -1.17360651e-02 -5.45116030e-02  4.81313132e-02  3.10461707e-02
  1.11714996e-01  2.13929210e-02  6.08071387e-02 -4.15184163e-02
  1.54449008e-02 -1.12698816e-01  7.08936080e-02 -1.00812055e-02
 -1.91668384e-02 -1.02164544e-01 -4.84314449e-02 -6.43780222e-03
  5.39994389e-02  7.02281371e-02  2.98156999e-02  5.67266904e-02
 -1.11549441e-02  1.97963119e-02  1.24549214e-02  4.72258367e-02
  3.24913301e-02  4.40501235e-02  2.25038175e-02  2.05515437e-02
 -9.66921728e-03 -3.96228321e-02 -5.21594174e-02 -5.69719970e-02
  6.33122325e-02 -6.88797012e-02  3.24495835e-03  5.80352098e-02
 -1.13649694e-02 -9.15824920e-02 -5.61851868e-03 -5.47350384e-02
 -2.48400401e-02  4.51872172e-03 -4.66692820e-02 -8.28605965e-02
  4.52696830e-02 -1.01494789e-01  9.26505700e-02 -7.20524788e-02
  5.70195280e-02  6.81749135e-02 -4.58227508e-02  4.66411263e-02
  4.51841243e-02  4.12329435e-02  5.73594980e-02 -4.83384430e-02
  2.69138976e-03  2.44334396e-02  4.44037952e-02  4.93255667e-02]"
Are children at risk of TB and how does it affect them?,"Children, especially those under 5 years of age, are at risk of TB. They are more likely to progress from latent to active TB. TB in children can be more severe and can lead to complications like TB meningitis, which is more difficult to diagnose.","Children are at risk, especially those under 5. They may develop severe forms of TB, like TB meningitis, and face challenges in diagnosis","Are children at risk of TB and how does it affect them? Children, especially those under 5 years of age, are at risk of TB. They are more likely to progress from latent to active TB. TB in children can be more severe and can lead to complications like TB meningitis, which is more difficult to diagnose.","[ 5.64108863e-02  2.35958938e-02 -1.92325823e-02  1.43142166e-02
  3.18350010e-02  9.75330025e-02 -1.02620460e-02  5.82049936e-02
 -1.05858438e-01  3.86306494e-02 -2.70339344e-02  4.17433232e-02
  8.92207623e-02  9.28164721e-02 -4.92612571e-02  1.00709246e-02
 -6.55685877e-03 -6.33445457e-02 -4.39934507e-02 -6.14851154e-02
 -5.06942021e-03  8.27848464e-02  1.40887033e-02 -4.19832170e-02
  2.51914337e-02 -3.89343360e-03  3.49451602e-02 -1.19985277e-02
 -2.60549299e-02  6.81889579e-02 -9.83671751e-04 -2.65458860e-02
 -4.12974395e-02 -3.72691974e-02 -6.37315959e-02  6.54342701e-04
 -7.94134568e-03  2.46610097e-03 -2.89811357e-03 -3.93442288e-02
 -1.25506101e-02 -4.53103930e-02 -1.10822514e-01 -3.14716808e-02
 -3.66595909e-02 -5.82281165e-02  1.68431904e-02 -1.02742761e-01
 -1.15033553e-03 -4.74727005e-02 -1.46138985e-02 -5.80535084e-02
  5.86481169e-02  2.21313182e-02 -2.29743756e-02 -7.88061991e-02
 -1.16389558e-01 -4.31620665e-02  3.15033570e-02 -8.90742242e-03
 -6.67793080e-02 -6.41129985e-02  3.61506604e-02 -2.75075492e-02
  1.89845189e-02  3.60794403e-02 -1.59520358e-02 -2.59832628e-02
  4.04687738e-03  7.66307712e-02  4.32891771e-02 -2.64656674e-02
 -6.63401708e-02  6.06330223e-02  1.37015514e-03 -2.22058706e-02
 -4.08616774e-02 -4.12554070e-02  9.16419923e-03 -2.98958924e-02
 -2.83992160e-02  3.74352336e-02  4.75766957e-02 -3.24168466e-02
 -4.19401564e-02  5.16508333e-02  2.10764799e-02 -3.08621656e-02
 -9.99061465e-02  5.98546909e-03  4.25035283e-02 -7.32419547e-03
  6.27671853e-02  1.00605391e-01  5.69881313e-02 -3.19956578e-02
  1.12560811e-02 -3.68093103e-02 -9.18256193e-02 -8.76159146e-02
 -2.07293332e-02 -8.10159650e-03 -1.01113124e-02  1.03554703e-01
 -3.79152484e-02 -2.67058555e-02 -1.25961890e-02 -9.82237086e-02
 -1.87984128e-02 -3.81068662e-02  1.61094815e-02  8.19409788e-02
  5.20637184e-02 -4.73623611e-02 -6.28158674e-02 -6.32121786e-02
 -3.85285765e-02 -1.23246945e-01 -8.90783370e-02 -1.55480253e-02
  5.83986240e-03 -1.33996531e-02  3.76197360e-02  1.68777201e-02
 -3.64844650e-02 -5.48366196e-02 -1.63971202e-03  1.60407573e-33
 -7.41304923e-03 -2.58767083e-02 -3.31958430e-03  3.89560051e-02
  1.44918319e-02  3.37489843e-02  8.38131085e-02 -4.67733741e-02
  3.08959410e-02 -2.07483862e-03 -3.61986347e-02 -8.63990635e-02
  1.71165522e-02 -7.61325881e-02  4.46810899e-03  1.37102097e-01
 -5.74040525e-02 -8.82746466e-03 -6.35582134e-02  5.07074147e-02
 -4.80620153e-02 -3.90255004e-02  7.11471168e-03  5.37061617e-02
  4.78704274e-02  1.24978204e-03  8.28051474e-03  4.61189598e-02
  4.18046713e-02  1.45681687e-02  6.88310806e-03  4.74461727e-02
 -4.92613576e-02 -5.05196229e-02 -7.98385590e-02  2.46114526e-02
  9.36642662e-03  6.71843812e-02  3.02051753e-02  6.12321161e-02
  2.31523216e-02 -2.73008030e-02 -4.26859818e-02  7.96282887e-02
  1.03208899e-01  3.84729095e-02  4.09898460e-02 -6.15009144e-02
 -1.19030796e-01 -7.92497247e-02  4.30396907e-02  5.21875219e-03
 -7.96759129e-02  8.57164711e-03  5.83866462e-02  7.70491883e-02
 -1.39420684e-02  8.97175148e-02 -2.61309985e-02 -2.29071081e-02
  1.06091745e-01 -1.16673641e-01 -6.50125090e-03 -3.29729877e-02
 -3.83598767e-02  8.80627334e-02  8.26860219e-02  4.07945998e-02
  1.62939320e-03 -4.06398438e-02 -5.92546258e-03 -3.16967182e-02
 -6.49398565e-02 -1.20446971e-02  4.01068069e-02  1.66650340e-02
  1.68972760e-02 -1.11576533e-02  6.26703948e-02  1.66255198e-02
 -1.65053718e-02 -3.13866735e-02  6.85692159e-03 -1.54002281e-02
 -2.27579083e-02 -3.93087827e-02  8.39121733e-03 -6.80708885e-02
 -4.45298217e-02  3.40837352e-02  7.03891143e-02 -4.88746725e-02
  2.14961208e-02  7.29762465e-02 -1.07415756e-02 -3.49608514e-33
 -1.45852752e-02  1.05896397e-02 -4.56635877e-02 -6.32329136e-02
 -1.28461458e-02 -9.81475860e-02  1.52246449e-02 -1.77214295e-02
  5.79644665e-02  1.28912888e-02 -5.16268350e-02  4.40913588e-02
 -5.14233224e-02  7.62156816e-03 -5.58596514e-02  1.03553967e-03
  5.41887060e-02  3.89447659e-02 -3.63614671e-02 -6.03662916e-02
  4.52408977e-02 -9.29794759e-02 -3.80514674e-02 -1.68537050e-02
  2.20218599e-02  2.70239152e-02 -4.77493443e-02 -4.81129363e-02
  1.72192380e-02  3.82654592e-02  7.83482799e-04  7.09925368e-02
  1.46974191e-01  4.86330204e-02 -2.69093495e-02 -9.12404060e-02
  5.31104766e-03 -3.81685570e-02  7.27303401e-02 -3.90144549e-02
  3.66755873e-02  6.47480935e-02 -1.36303268e-02 -6.41322657e-02
  1.27054658e-03  3.98427993e-02  5.84576800e-02  3.84981632e-02
 -2.84867920e-02  2.01280396e-02  9.05332565e-02  7.02553093e-02
  1.26084201e-02 -3.60324644e-02 -1.81352682e-02 -2.32196301e-02
  2.93172579e-02 -4.13157120e-02  8.54278207e-02  1.07930146e-01
 -1.87076330e-02  3.73556698e-03 -1.57492701e-03  1.93678457e-02
 -8.23120698e-02  7.90275857e-02 -8.45166892e-02  2.27621589e-02
  7.95112923e-02  4.50359937e-03  4.90608579e-03 -5.00478856e-02
 -3.35840769e-02 -1.93042085e-02 -1.76149607e-03 -7.27384686e-02
 -2.08438765e-02  1.46697238e-01  2.48307716e-02  1.91582646e-02
 -3.31506617e-02  1.21838078e-02 -3.31675704e-03 -4.79355417e-02
 -1.38750402e-02 -7.11593926e-02  5.67094423e-02 -7.58708268e-02
 -3.88736837e-02  1.87008288e-02 -3.09985410e-02 -8.91305972e-03
 -8.05026814e-02 -3.28166597e-03 -8.64129700e-03 -3.20693871e-08
  7.42907524e-02  4.99182455e-02  6.45680279e-02  9.81472712e-03
  3.94639373e-02  4.15518135e-02  1.19066713e-02  6.67686611e-02
  1.31160498e-01  6.80644363e-02  2.70737018e-02  1.58955604e-02
  2.45967899e-02 -9.58164260e-02  3.99914682e-02  5.06011099e-02
 -2.77561117e-02 -4.19320650e-02  2.11753994e-02  2.32736394e-02
  1.13602854e-01  5.32256775e-02  6.34633601e-02  3.66857797e-02
 -5.70550375e-02 -6.45208731e-02  2.05565393e-02  9.65726376e-03
 -1.33652598e-01 -9.83040221e-03 -1.57076810e-02  1.98095595e-03
 -2.10763142e-03  3.53274867e-02 -2.54583322e-02 -5.77419661e-02
 -1.16964546e-03  5.97061589e-02  1.72361620e-02  9.42527652e-02
  1.57343019e-02 -6.03528507e-02  9.25949886e-02 -3.54148401e-03
 -2.39883419e-02 -1.85702257e-02 -5.11436202e-02  2.80630328e-02
  1.13878720e-01 -3.28890383e-02 -3.36609106e-03 -2.42335759e-02
  2.96506118e-02 -6.27161637e-02  1.97673850e-02  8.48631337e-02
 -3.29454173e-03 -2.28302041e-03 -5.02840281e-02 -1.74440481e-02
 -4.35016081e-02  4.60429452e-02  3.85345817e-02  3.45434248e-02]"
What is the global impact of Tuberculosis?,"TB is one of the top infectious disease killers worldwide, with the highest burden in Asia and Africa. It affects millions of people each year and contributes to significant mortality, especially in low- and middle-income countries and among HIV-positive populations.","TB is a leading infectious killer globally, most prevalent in Asia and Africa, affecting millions annually, particularly in poorer regions and among HIV-positive individuals.","What is the global impact of Tuberculosis? TB is one of the top infectious disease killers worldwide, with the highest burden in Asia and Africa. It affects millions of people each year and contributes to significant mortality, especially in low- and middle-income countries and among HIV-positive populations.","[ 7.60478005e-02  1.29944524e-02  5.26607148e-02 -3.45678665e-02
  9.16675776e-02  8.38135183e-02 -1.96832530e-02  1.00590974e-01
 -7.00150281e-02  7.32936040e-02 -6.52767941e-02  6.10166080e-02
  8.80245268e-02  6.75511584e-02 -5.60884103e-02 -1.14280535e-02
 -2.12171059e-02 -8.12861845e-02 -6.66790456e-02 -6.57829568e-02
 -5.44240996e-02  1.01756118e-01  8.88821557e-02 -4.68580611e-02
 -6.20702356e-02 -8.90591070e-02  5.29268384e-03 -2.69939918e-02
 -3.57720256e-02  8.38262029e-03 -3.47883366e-02  4.97589596e-02
 -1.60798747e-02  1.13601284e-02 -1.04206063e-01 -1.10728927e-02
 -3.51271555e-02  2.33669838e-04  7.44585991e-02 -3.94515656e-02
  5.09727448e-02 -5.20704016e-02 -4.07984443e-02 -5.00640087e-02
  6.31118417e-02 -1.99419595e-02  1.62664987e-02  6.34416044e-02
 -5.61764576e-02  2.08392343e-03  3.33707444e-02 -3.27311829e-02
 -4.65745106e-02  5.55011556e-02  2.43453626e-02 -9.52202305e-02
 -4.47861291e-02 -3.06017287e-02  6.12605875e-03 -3.01452540e-02
 -8.90320390e-02  4.87881107e-03  7.91628957e-02  1.74643118e-02
  9.80171189e-02  6.54969066e-02 -2.62340382e-02  2.89532971e-02
 -6.26417547e-02  5.57508022e-02  3.35177891e-02 -3.31267826e-02
 -9.80497152e-03  5.95547706e-02 -3.75444703e-02 -5.03161512e-02
 -7.70773217e-02  1.44147454e-02  3.48324999e-02  1.41022533e-01
  9.90825295e-02 -1.08075142e-02  7.09990710e-02 -2.44332273e-02
  4.76276949e-02  1.61247719e-02  1.40965404e-02 -2.30449308e-02
 -5.36238514e-02  1.94283184e-02  3.07836905e-02 -5.04008436e-04
  1.15767650e-01  5.35846055e-02 -7.22702146e-02 -5.79483993e-02
  1.99881215e-02  5.84028754e-03 -3.21582891e-02 -1.95072051e-02
 -3.89835835e-02 -4.01061401e-02 -1.79585293e-02 -6.29728474e-03
 -3.61222140e-02 -4.26499313e-03  3.48742418e-02 -9.30526331e-02
 -2.22130753e-02 -5.73778786e-02 -3.92255597e-02  2.74316259e-02
 -1.20001668e-02 -7.58309662e-02 -3.23939621e-02 -1.50344158e-02
  1.17239684e-01 -3.72145623e-02 -2.57887319e-02 -6.25305697e-02
  2.05608774e-02 -9.07723606e-02 -2.34101806e-02  1.02814296e-02
 -3.76715399e-02  1.49853425e-02 -1.46202203e-02 -2.55837639e-33
 -5.28662615e-02 -1.10294670e-01  9.34167802e-02  6.27511879e-04
  8.47841054e-02 -1.13219013e-02 -1.09532775e-04 -1.27552925e-02
 -2.05562152e-02 -3.11167762e-02 -7.59673491e-02 -5.52840438e-03
  4.33459319e-02  7.80082792e-02  2.04107910e-02  5.71496934e-02
 -3.57220732e-02  4.09286320e-02 -9.85235069e-03  1.38556182e-01
  1.54157551e-02 -2.97029465e-02  2.68284418e-02  8.73394758e-02
 -1.29470471e-02  3.95522602e-02  2.32709292e-02 -4.10393998e-02
  4.17840406e-02 -1.69518578e-03 -3.93636152e-03 -1.77468937e-02
 -8.74074623e-02 -4.91821319e-02 -3.04982495e-02  1.65362062e-03
 -6.87816665e-02  3.71935964e-02  2.53868587e-02  4.35094163e-02
  2.08583698e-02  3.02811228e-02 -6.07469194e-02 -1.35040842e-02
  6.92941323e-02  3.77817489e-02  3.84076722e-02 -2.39804704e-02
 -8.40137824e-02 -3.96142602e-02  2.36616191e-02 -1.72307733e-02
 -6.05427660e-02  1.78133864e-02  8.23811591e-02  1.12799089e-02
 -2.91316304e-02  2.14147717e-02 -1.95886865e-02  3.16303708e-02
  6.03753105e-02 -1.02198318e-01 -9.50902293e-04  1.79002993e-02
  7.30682388e-02  4.97762561e-02 -1.63458881e-03 -3.76143493e-02
  1.43307559e-02 -4.23148461e-02  3.11681610e-02  1.18323090e-02
  2.01732498e-02 -9.41016059e-03  4.39098403e-02  4.43396717e-02
 -8.06212798e-03 -3.70687172e-02  4.32593524e-02  5.63718043e-02
 -6.00841381e-02  1.42745031e-02  2.94546653e-02 -1.00627430e-01
 -1.41536947e-02  1.73974093e-02  1.01672634e-02 -7.67311454e-02
 -1.82405822e-02 -3.04368436e-02  4.78828093e-03  1.13019964e-03
 -5.24617247e-02  2.50057206e-02 -1.98313612e-02  8.32845370e-34
  5.76920584e-02  6.17194781e-03 -2.84876190e-02 -1.77436695e-02
  3.76227498e-02 -7.38660619e-02 -3.39554697e-02 -4.11596186e-02
  1.57145485e-02  2.52571516e-02  7.02038500e-03  1.71198044e-02
  4.26382050e-02  1.33940220e-01  6.39608130e-02 -4.28329594e-02
  4.63847890e-02 -4.97276746e-02 -1.11849330e-01 -1.03141628e-02
  1.31617747e-02 -5.62657006e-02  6.09088466e-02 -7.81807750e-02
 -6.83080330e-02  5.36217205e-02 -1.08734809e-01 -8.67262669e-03
  6.91366419e-02  3.32507901e-02 -6.97464719e-02  1.76477745e-01
  5.88041060e-02 -2.71771965e-03 -1.21863522e-01  3.97067256e-02
  2.11088769e-02 -5.57799861e-02  6.43228889e-02 -1.01418175e-01
  4.01819274e-02  3.82833965e-02 -6.42629862e-02 -6.59984872e-02
  2.94842422e-02  5.65599389e-02 -4.59596887e-02  9.53127593e-02
  2.56340280e-02 -1.40899764e-02  5.03749512e-02  4.68759239e-02
 -1.99119113e-02 -2.73341257e-02  1.96931288e-02 -1.40876174e-02
  8.09916004e-04 -5.53259477e-02 -1.09704779e-02 -3.07466257e-02
 -2.70310938e-02  6.73422068e-02 -4.43270840e-02  5.06584570e-02
  3.44839226e-03  5.04141599e-02  6.89041540e-02  5.41687049e-02
  7.48661608e-02 -6.21294156e-02 -4.09083553e-02 -2.07772050e-02
 -2.71214973e-02  3.16782109e-02  1.72219183e-02  5.86295985e-02
 -6.29789233e-02  4.10620794e-02  3.65240835e-02  5.62388524e-02
 -2.47087255e-02 -2.18384210e-02 -1.78709440e-02 -3.02662272e-02
 -2.82701086e-02 -4.84861284e-02 -2.17324458e-02 -7.84063339e-03
 -5.78955747e-02  6.57543167e-02 -1.25701621e-01 -2.82048825e-02
 -1.40583262e-01 -1.77470800e-02  2.61602625e-02 -3.31729524e-08
 -1.05070109e-02 -5.11517806e-04  2.38082856e-02  4.55269814e-02
 -2.41293553e-02  8.75752605e-03  4.78369242e-04  1.20072432e-01
  8.50057527e-02  8.33680853e-02  3.01438477e-02  7.22543597e-02
  4.34014313e-02  3.50124463e-02  1.27159311e-02  3.44364643e-02
 -5.42228594e-02 -3.42337079e-02 -5.44337668e-02 -4.91900295e-02
  1.04528898e-02  4.32628691e-02  3.31552289e-02 -1.86829418e-02
 -4.90778275e-02 -4.79210131e-02 -4.76976903e-03 -1.05677210e-02
 -4.85184900e-02 -6.20902777e-02 -5.61040528e-02 -1.32524446e-02
  1.52092231e-02 -1.96318049e-02 -1.64415743e-02 -4.00135666e-02
 -5.18592261e-03  3.93573977e-02  7.94260949e-02  1.95535086e-02
 -1.98767669e-02 -5.24790492e-03  6.21782988e-02  5.11119608e-03
  2.94976751e-03 -7.45855048e-02 -3.46791372e-02  4.65158969e-02
 -1.67848356e-02 -4.50652987e-02  1.55193061e-02  1.74907092e-02
  3.74338515e-02 -2.19193399e-02 -5.32646440e-02  5.73354475e-02
 -8.94351397e-03  5.41335391e-03 -4.20611873e-02 -1.83956437e-02
  6.08797371e-03 -6.86620474e-02  3.89704853e-02  2.04357132e-02]"
Can smoking increase the risk of TB?,"Smoking significantly increases the risk of developing TB and dying from it. Tobacco smoke damages lung tissue and impairs the immune response, making smokers more susceptible to TB and hindering recovery from the disease.","Yes, smoking increases susceptibility to TB by damaging lung tissue and weakening the immune system, and also adversely affects recovery.","Can smoking increase the risk of TB? Smoking significantly increases the risk of developing TB and dying from it. Tobacco smoke damages lung tissue and impairs the immune response, making smokers more susceptible to TB and hindering recovery from the disease.","[ 5.73820546e-02  4.79934849e-02  1.71135943e-02 -1.64048895e-02
  3.74479033e-02  9.57251415e-02 -3.76424417e-02  5.01995571e-02
 -5.03112935e-02  5.51735573e-02 -6.54143468e-02  5.41552156e-02
  8.37068632e-02  1.56328734e-02  7.54849687e-02  4.84744869e-02
 -3.18554267e-02  7.70028904e-02 -8.25705677e-02 -1.65458806e-02
 -5.17847762e-02  7.23267570e-02  6.47474378e-02 -1.65430102e-02
 -1.99868083e-02 -1.01341493e-01 -4.09099236e-02 -2.70041823e-02
  8.22281092e-03  6.32628426e-02 -4.48154099e-03  1.56728532e-02
 -8.68510231e-02  1.11877490e-02 -9.54969823e-02 -9.83264819e-02
 -7.00057521e-02  6.36873022e-02  2.51004715e-02 -5.04866429e-02
 -1.97837558e-02 -1.51075097e-02 -7.30554089e-02  4.31505851e-02
 -2.46939212e-02  9.33440123e-03  9.86543112e-03 -1.80191528e-02
 -4.89356071e-02  5.95126022e-03  1.02081727e-02  7.41250953e-03
 -1.64610613e-02 -7.39746494e-03  4.45167674e-03 -7.07159042e-02
 -9.67280418e-02  4.91437614e-02  4.24083807e-02  1.40562458e-02
 -1.89597867e-02 -6.08693063e-02  8.02152529e-02 -9.85428412e-03
  5.17673977e-02  3.32744606e-02 -5.11942469e-02 -2.19760053e-02
 -2.36968454e-02  6.56211330e-03  3.66744548e-02 -3.53984125e-02
 -6.85166493e-02  6.23424863e-03  1.74999610e-03 -1.54220033e-02
 -1.40319318e-01  4.83893752e-02  6.79004355e-04  8.53534043e-02
  1.50937075e-02  2.00959388e-03  8.59291479e-03  2.61933692e-02
 -3.24347913e-02  1.66599341e-02 -2.64919043e-04 -3.47424150e-02
 -9.96415317e-02  1.91592891e-02  5.33805117e-02 -2.29077134e-02
  2.64180060e-02  9.76454839e-02 -1.11354813e-01 -4.47777510e-02
  2.97502186e-02  1.21634817e-02 -6.53965101e-02 -7.01163933e-02
 -1.93316434e-02  4.91747539e-03 -2.51921266e-02  5.17527433e-03
 -3.46249342e-02 -1.12524386e-02 -2.99040042e-02 -1.15396909e-01
 -4.09626542e-03  6.01743488e-03  9.34469551e-02  7.16769472e-02
  1.51245845e-02 -7.35465512e-02 -1.90643854e-02  6.54476807e-02
  6.24883221e-03 -4.65927795e-02 -2.53455527e-02 -3.25596109e-02
  1.06534101e-02 -1.08045213e-01  1.13436077e-02  5.01374900e-02
  1.87705681e-02 -6.90044612e-02 -7.93902855e-03  1.88657568e-34
 -3.53332981e-02 -5.89601044e-03  8.29420164e-02  2.59938128e-02
  1.91542417e-01 -4.91768010e-02  5.09501100e-02 -3.59344669e-02
  2.46318784e-02 -3.51012163e-02 -6.80234060e-02 -4.26539518e-02
  4.91000991e-03 -6.52511232e-03  9.45136137e-03  5.55817485e-02
 -8.23817849e-02 -2.06008554e-02 -2.82085687e-02  3.49862128e-02
 -4.79845740e-02 -6.86542764e-02 -1.03292000e-02  4.47506011e-02
 -4.25322093e-02 -8.68136156e-03  2.09461283e-02 -5.02675213e-03
 -3.09168249e-02  4.53996146e-03  7.35374028e-03  3.93941738e-02
 -6.31798282e-02 -9.58484635e-02  8.22766870e-03  4.42836657e-02
  3.43252942e-02  7.22121000e-02 -3.70187499e-02  4.87302616e-02
  1.02739288e-02 -9.39752534e-03  1.69856623e-02  2.69969199e-02
  4.89428379e-02 -1.37027707e-02 -4.09056284e-02 -3.09642646e-02
 -4.47497368e-02 -4.94742543e-02 -1.19146071e-02 -3.41626629e-02
 -1.39870346e-02  2.68626027e-02  6.60305992e-02  3.36845927e-02
  2.55912393e-02  5.52896708e-02 -9.93892550e-04  1.11779664e-02
 -3.78077896e-03 -9.17395577e-02 -8.72210879e-03  6.25285730e-02
 -9.97806247e-03 -1.16567323e-02  5.17523736e-02 -7.55409524e-02
 -2.67990902e-02  5.72666479e-03  4.40118685e-02 -1.10446373e-02
 -3.97864766e-02 -5.86183518e-02  3.03181503e-02  2.25944929e-02
 -7.36534894e-02  1.18438145e-02  4.52396162e-02  5.63934110e-02
  2.92292759e-02 -4.41349074e-02 -4.90032062e-02 -5.18828556e-02
 -2.40714978e-02 -3.00488770e-02  5.92553876e-02 -5.27263992e-02
  4.62298319e-02 -5.76963238e-02  5.51667474e-02 -1.33987598e-03
  5.45960292e-03  9.57654640e-02  5.54906856e-03 -1.75280568e-34
 -1.03509165e-02 -3.16761583e-02  6.89301267e-03 -2.38734521e-02
  3.74599583e-02 -3.80158648e-02  5.02170771e-02 -8.70091841e-02
  1.30607374e-02 -4.02042344e-02  4.74009477e-03  5.67249097e-02
 -2.48942990e-02  1.23361811e-01 -2.23282464e-02 -1.47991609e-02
  2.12517958e-02 -1.12407673e-02 -9.01905298e-02  9.30239819e-03
 -3.31553966e-02 -8.81287158e-02  2.21939888e-02  9.23976186e-04
 -6.25712946e-02  2.36498285e-02 -4.69925515e-02  6.42135367e-02
  9.69262347e-02  4.19204473e-04  3.86644108e-03  1.52917325e-01
  2.75191106e-02  5.03487252e-02 -2.46714950e-02 -2.83921175e-02
  9.79730859e-02 -3.84912752e-02  3.44578512e-02 -9.40845385e-02
  7.81936496e-02  1.93751622e-02  2.86893686e-04 -7.71773010e-02
  1.16318204e-01 -2.66335569e-02  7.01891258e-02 -1.20070977e-02
 -1.38343498e-02  1.56225422e-02  1.26156271e-01  3.05889398e-02
 -1.20733371e-02  1.50868734e-02  4.12370712e-02 -1.43819265e-02
 -1.97877716e-02 -3.26849185e-02  3.44174281e-02  7.79642863e-03
 -1.07937239e-01  1.10555954e-01 -5.92924394e-02 -1.95216592e-02
 -4.43380373e-03  1.47279454e-02 -7.43482709e-02 -3.45458486e-03
  1.52286753e-01 -4.69505005e-02 -4.59156409e-02 -5.80373555e-02
 -3.70497555e-02 -8.90761893e-03 -1.13290884e-02 -9.51735201e-05
 -1.44240225e-03  9.69574973e-02  7.89119117e-03  5.42955399e-02
 -9.20195058e-02  6.24518842e-02 -2.66350005e-02 -2.49149483e-02
  6.23036781e-03 -2.33670324e-03 -3.96382995e-02  9.78743564e-03
 -8.80438238e-02  1.97663028e-02 -7.94797465e-02 -2.66315904e-03
 -8.07045922e-02 -3.53793800e-02 -2.97824629e-02 -2.73794249e-08
 -3.76941115e-02  5.48636680e-03  5.36265336e-02  5.83336838e-02
  6.38521230e-03 -2.51966789e-02  5.84797151e-02  9.82398540e-02
  4.27250415e-02  1.40877683e-02  6.28012270e-02  7.61850849e-02
  4.93112169e-02  2.54371632e-02  4.92531881e-02  1.09664038e-01
  3.21749970e-02 -4.48908173e-02  1.98397133e-02 -1.60967873e-03
  7.18507618e-02  5.35332188e-02  1.14622302e-01  4.85460907e-02
 -7.94445351e-02  2.30199937e-03  4.30012774e-03  2.93416865e-02
  1.24036772e-02  5.61834201e-02 -2.70499773e-02 -5.07046431e-02
  8.93225335e-03  1.56150013e-02 -5.83599415e-03 -8.28521550e-02
 -4.89208105e-05 -4.21405658e-02  7.57702142e-02  3.99989188e-02
  1.85990836e-02 -1.03106396e-02  3.04773059e-02  1.08069787e-02
 -4.63819951e-02 -6.11116886e-02 -1.72433294e-02  8.31405725e-03
 -3.66234370e-02 -8.07774141e-02  4.85073030e-02 -1.19179739e-02
  4.58394364e-02 -8.74273628e-02 -1.13308996e-01  5.23791350e-02
 -1.63122229e-02  6.24680482e-02  5.34202605e-02 -2.36415807e-02
  1.87911447e-02  1.82143245e-02  5.87495193e-02  6.81979442e-03]"
What are the economic impacts of TB?,"TB has substantial economic impacts, particularly in high-burden countries. It reduces workforce productivity, incurs high healthcare costs, and affects families due to loss of income and high treatment costs, often exacerbating poverty.","TB significantly affects economies by reducing workforce productivity, increasing healthcare costs, and financially burdening families, often worsening poverty.","What are the economic impacts of TB? TB has substantial economic impacts, particularly in high-burden countries. It reduces workforce productivity, incurs high healthcare costs, and affects families due to loss of income and high treatment costs, often exacerbating poverty.","[ 6.65731952e-02  9.99454316e-03  3.77641581e-02 -1.79262422e-02
  9.09180120e-02  1.29564583e-01 -1.07345665e-02  6.35431409e-02
 -5.73649444e-02  2.53184768e-03 -8.58160630e-02  2.45776623e-02
  6.05247021e-02  2.08396860e-03 -4.20937315e-02 -2.64828447e-02
 -9.09514818e-03 -2.33589467e-02 -7.23190159e-02 -7.02394992e-02
 -4.82117943e-03  5.24021201e-02  3.56697515e-02 -1.76221654e-02
 -4.40769009e-02 -9.27950367e-02  5.08935936e-02 -4.66197878e-02
 -4.28696200e-02  7.96088949e-03 -4.60306779e-02  3.01715657e-02
 -3.75387818e-02 -7.55493622e-03 -6.04168288e-02 -3.15131769e-02
 -3.64126405e-03  1.79666951e-02 -8.87197629e-03 -5.64820394e-02
  4.28412221e-02 -6.29771873e-02 -7.06345960e-02 -4.43034880e-02
  4.19084392e-02 -5.68060391e-02  5.19633703e-02  9.64977406e-03
 -6.58663362e-02  9.78448428e-03  3.05403676e-02 -1.60387196e-02
  1.28436331e-02  3.33099812e-02  9.84153897e-03 -6.07683770e-02
 -1.38584068e-02 -2.34264862e-02  1.98823167e-03  4.36088555e-02
 -1.12393454e-01 -2.17248425e-02  4.48417105e-02 -2.51407139e-02
  1.01268195e-01  6.61129951e-02 -4.33547087e-02 -1.63054969e-02
 -9.68936086e-02  5.18366024e-02  3.72760184e-02 -5.61670996e-02
 -3.98698039e-02  2.02737246e-02 -2.56804796e-03 -5.24733253e-02
 -2.85976790e-02  7.85170048e-02  4.33418155e-02  9.29365903e-02
  5.64742573e-02 -3.29969004e-02 -3.88681032e-02  8.36451724e-03
 -5.50791249e-02  4.07853238e-02 -1.40273673e-02 -4.98916507e-02
 -3.84635441e-02  4.47622091e-02  8.93872678e-02 -4.33660261e-02
  5.59620038e-02  3.42878401e-02 -1.63131859e-02 -1.14498464e-02
  3.92808439e-03 -1.28647769e-02  4.48704837e-03 -4.44406979e-02
  5.76446205e-03  1.09104358e-03 -2.12827767e-03  6.15095999e-03
 -1.83977559e-02 -3.57345156e-02  2.25957017e-02 -6.19021393e-02
 -2.11909115e-02 -3.87995057e-02  6.12175791e-03  2.63699982e-02
 -2.50625866e-03 -4.27330099e-02 -4.95942198e-02 -3.89303826e-02
  8.96932408e-02 -1.00436017e-01 -3.14683802e-02 -1.19135715e-02
  1.83169134e-02 -6.19412065e-02 -4.98657115e-02  2.86702309e-02
 -1.45212151e-02 -3.48965712e-02 -7.78656080e-02 -4.46755611e-35
 -6.47481382e-02 -7.32165799e-02  4.37613064e-03 -2.54327487e-02
  4.35061529e-02 -4.60981354e-02  4.67466190e-04 -4.89404239e-02
 -8.98141880e-03 -3.47595215e-02 -6.20723926e-02  2.01891400e-02
  4.14558537e-02  3.22297141e-02  1.36826346e-02  3.70258056e-02
 -6.92871585e-02  7.88485706e-02  1.83213018e-02  1.54801071e-01
 -8.10084771e-03 -1.30782630e-02  2.45607663e-02  1.00851648e-01
  5.10817906e-03 -6.48914557e-03 -4.40236665e-02 -3.30368541e-02
  4.37921248e-02  9.57236858e-04  1.91635005e-02 -1.01065869e-02
 -9.78794415e-03 -6.01133518e-02 -9.96781811e-02 -1.69362058e-04
 -1.00406921e-02  3.59645970e-02  6.25095703e-03  6.83318749e-02
 -7.99910538e-03  1.09512508e-02 -7.87160993e-02  4.62531336e-02
  3.82492095e-02 -2.15794668e-02  1.02059275e-01  3.98495758e-04
 -1.61011610e-02 -5.56342453e-02  2.55240314e-02 -7.23773334e-03
 -1.84942279e-02 -4.82122600e-02  3.60050015e-02  7.21760187e-03
 -2.31960006e-02 -3.82706560e-02  3.04496009e-02  3.78097147e-02
  5.60221858e-02 -1.31597430e-01  5.19508719e-02 -4.13293205e-03
  4.40836251e-02  5.62556945e-02  1.70451719e-02 -2.72893235e-02
 -5.48107503e-03 -2.79905424e-02  5.23912814e-03  8.98310076e-03
  8.65128338e-02  4.84235771e-03  7.04500303e-02  1.10643633e-01
 -8.54583830e-02 -3.80869173e-02  4.26063091e-02  2.58902684e-02
 -2.35820115e-02  1.70805138e-02 -6.05479022e-03 -6.63479716e-02
  6.28102273e-02 -1.83435678e-02 -2.53480989e-02 -5.48514985e-02
 -8.58337805e-03 -8.54171291e-02  6.23827539e-02  3.71487252e-02
 -7.35556558e-02  1.52148297e-02  6.43921867e-02 -1.87125697e-33
  5.21261506e-02  5.74222207e-02 -4.20945175e-02 -3.77099402e-02
  1.41211804e-02 -5.21364212e-02 -1.10141020e-02 -1.92430709e-02
  3.23963091e-02 -1.70350987e-02 -5.09610102e-02  4.69092876e-02
 -1.55491596e-02  6.91989362e-02 -1.25519698e-02 -3.53691876e-02
  4.54962626e-02 -3.66515182e-02 -5.97910993e-02  1.41549204e-03
 -2.76004914e-02 -5.62958717e-02  9.73362625e-02 -2.16431282e-02
 -7.00174421e-02  2.76015978e-02 -1.05613604e-01  1.75825821e-03
  1.07546009e-01  2.91297846e-02 -4.14612442e-02  1.06216408e-01
  7.82793686e-02  2.71690451e-02 -7.56309479e-02  6.03673980e-02
  1.85729805e-02 -7.62826875e-02  6.04042336e-02 -1.19821392e-01
  5.48924170e-02  3.83222364e-02 -4.96512502e-02 -7.88344964e-02
  6.23467080e-02  2.39134650e-03 -5.43696135e-02  6.78495243e-02
  5.81462979e-02 -3.60766873e-02  1.51233584e-01  4.42690067e-02
 -1.40072173e-03 -1.31682046e-02 -7.92269781e-03 -6.32585511e-02
  4.00472321e-02 -7.47020915e-02  1.34778880e-02  1.79363564e-02
 -6.29744083e-02  8.69836956e-02 -4.19403315e-02  8.73616710e-02
 -3.81462760e-02  2.52669193e-02  4.86484356e-02 -4.18151431e-02
  1.07810266e-01 -8.53319764e-02 -4.02627774e-02 -4.65887412e-02
  2.56001782e-02  4.69748378e-02  5.99017404e-02  8.48962814e-02
 -9.17329825e-03  6.47672564e-02  4.98380996e-02  9.35574248e-02
 -4.17021029e-02 -2.09830925e-02  1.25429742e-02 -1.01507224e-01
 -5.96276522e-02 -1.87006593e-02 -1.56517457e-02 -6.99320622e-03
 -8.25241283e-02  5.17133810e-02 -1.31133482e-01 -1.25733018e-02
 -8.12089294e-02  3.43473777e-02  5.42982258e-02 -3.71407296e-08
 -1.36583596e-02 -3.46129425e-02  5.82344085e-02  5.90420179e-02
 -5.51996343e-02 -8.55137557e-02  7.19362050e-02  1.37361810e-01
  5.56613617e-02  8.56591761e-02 -3.35822925e-02  6.12387322e-02
  3.74815688e-02  3.89495604e-02  2.08879132e-02  1.12602852e-01
 -3.78711410e-02 -3.47459391e-02 -2.30129249e-02 -3.39383446e-02
  3.89326885e-02  3.87263969e-02  3.92255224e-02  2.57488210e-02
 -3.01924068e-02  1.12976842e-02 -8.09554360e-04  1.06606092e-02
 -6.13209084e-02  3.38780507e-02 -2.90866084e-02 -2.24726964e-02
  1.19608613e-02 -1.36835566e-02  4.30840859e-03 -5.67240976e-02
 -3.86953242e-02  3.26139741e-02  9.73885432e-02  7.94241726e-02
  4.96803317e-03 -2.76028849e-02  2.07203534e-02 -1.69063006e-02
  7.16375234e-03 -7.09881261e-02 -7.76802450e-02  4.01918739e-02
 -4.98196594e-02 -7.19397217e-02  7.70816579e-02  2.01504417e-02
  1.10319424e-02 -5.43968379e-02 -4.87525836e-02  2.42601261e-02
  7.22298678e-03 -1.30680576e-02 -2.40058303e-02 -2.01129708e-02
  2.44746078e-02 -2.71512195e-02  4.69495840e-02 -3.49847414e-02]"
How is TB treated in HIV-positive individuals?,Treating TB in HIV-positive individuals is more complex due to interactions between TB drugs and antiretroviral therapy (ART). Treatment usually involves a longer course of antibiotics and careful management to ensure effectiveness and minimize drug interactions.,TB treatment in HIV-positive patients involves a longer antibiotic course and careful management to balance TB drugs with ART and minimize interactions.,How is TB treated in HIV-positive individuals? Treating TB in HIV-positive individuals is more complex due to interactions between TB drugs and antiretroviral therapy (ART). Treatment usually involves a longer course of antibiotics and careful management to ensure effectiveness and minimize drug interactions.,"[ 2.61801947e-02  7.76786134e-02  3.81615423e-02 -3.94623429e-02
 -5.19395247e-03  3.29319537e-02 -1.18592996e-02  6.27622157e-02
  1.28218615e-02  3.91455553e-02 -6.45604506e-02  7.36036450e-02
  6.54319525e-02  6.40710220e-02 -1.69614982e-02  1.79015510e-02
 -3.62287182e-03  3.13563645e-02 -4.23383806e-03  5.37641533e-02
 -7.95563161e-02  4.28165458e-02  5.58342189e-02 -3.42465602e-02
 -1.21334255e-01  1.14637436e-02  8.43432639e-03  3.25220963e-03
  5.62467724e-02  1.71116237e-02 -4.41764388e-03  4.89602461e-02
  1.12193190e-02  1.98878441e-02 -1.59501791e-01  3.92581373e-02
 -1.49527341e-01 -4.91999276e-03  1.50528885e-02 -4.75325016e-03
  3.59087298e-03 -2.53711473e-02 -6.95734471e-02  5.03921974e-03
  4.49503958e-02 -6.03089780e-02 -9.48112272e-03  3.70013006e-02
 -2.29920298e-02 -3.72953229e-02  1.72565281e-02  8.04597698e-03
 -9.93472114e-02  5.68322986e-02  5.97000238e-04 -1.28251240e-02
 -6.74355328e-02  3.41077708e-02  5.14917122e-03  1.22531513e-02
  3.61738130e-02  3.13951410e-02  9.40280184e-02 -8.40796437e-03
  5.48331179e-02  8.32401514e-02 -5.90451658e-02  4.19935137e-02
  1.21102901e-02 -4.29117307e-02  1.57513134e-02 -1.81164406e-02
 -6.14063069e-02  9.81864035e-02 -6.73248945e-03 -7.12405592e-02
 -6.64356947e-02  9.98358801e-03 -3.58163379e-02  6.08986504e-02
  2.95878714e-03  1.52194593e-03  4.42625489e-03  3.90878879e-02
 -1.48434076e-04  4.43074331e-02  7.66965002e-03 -4.78476323e-02
 -2.28246748e-02  3.15150954e-02  5.98979779e-02  8.60535726e-02
 -2.25309506e-02 -4.12938930e-02 -1.40677746e-02 -8.69400799e-02
  3.01348716e-02  2.49717310e-02 -5.50589636e-02  1.25482660e-02
 -1.59419142e-02 -3.13186049e-02 -4.15966325e-02 -7.66097605e-02
 -3.85849811e-02 -5.72126918e-03  1.39032314e-02 -6.23816624e-02
 -4.37358506e-02 -8.78245980e-02 -1.86862200e-02 -1.09148193e-02
  3.44830267e-02  3.28216329e-03 -4.61907778e-03  2.32897494e-02
 -2.22916175e-02 -3.97507139e-02  2.44046114e-02 -2.24001948e-02
  6.56945854e-02 -5.04588187e-02  7.84469545e-02 -4.55669314e-02
 -2.21061725e-02  1.77119896e-02  4.02387604e-02  4.09538788e-34
 -4.20853123e-02 -4.06703055e-02  4.63091433e-02  2.66482849e-02
  8.08181688e-02  4.99904081e-02  1.05359377e-02 -3.28419320e-02
 -7.71595258e-03 -2.07069498e-02 -7.42020737e-03 -3.26960087e-02
  1.71979479e-02  1.08028814e-01 -4.20215130e-02 -2.61240290e-03
 -6.46802410e-02  3.50809433e-02 -6.83615878e-02  1.11001559e-01
  6.80828467e-02  1.27332974e-02 -1.81811361e-03  4.77437340e-02
 -3.22799832e-02  3.00961621e-02 -1.42299775e-02  5.36741726e-02
  5.07451668e-02 -4.46699150e-02  1.65165886e-02  1.32401913e-01
 -4.25610878e-02 -5.61085120e-02 -9.38201025e-02  2.65935771e-02
  2.82597188e-02  7.39495689e-03 -9.50764306e-03  6.27739262e-03
  2.67158095e-02 -1.16247563e-02 -3.58271934e-02  5.28195035e-03
  1.04687400e-01  7.09606856e-02 -7.03314617e-02 -6.53909370e-02
 -9.24299210e-02 -3.25115994e-02  1.09701298e-01 -1.08706905e-02
 -1.01084910e-01 -2.86090355e-02  4.10255007e-02  5.73674440e-02
 -4.54357788e-02  1.33875117e-01  4.21533212e-02  3.39951180e-02
  8.31419602e-02 -1.05550475e-01  3.55517166e-03 -9.78892762e-03
 -3.88741717e-02  2.50014644e-02 -2.76503526e-02 -6.21315241e-02
 -4.90503646e-02 -8.28190073e-02 -3.58257815e-02 -1.37283290e-02
 -9.45036858e-03  1.84597261e-02  6.91986829e-02 -3.57686244e-02
 -8.44520852e-02 -1.59725510e-02  4.93048914e-02  2.95214374e-02
 -8.19829628e-02 -5.65426843e-03  9.59118246e-04 -4.52736653e-02
 -6.43238425e-02 -2.29115617e-02 -5.56512270e-03 -4.22368944e-02
 -6.75841188e-03 -4.87010702e-02  5.15948758e-02 -1.82193033e-02
 -7.59764612e-02  4.37071361e-02  5.49464040e-02 -2.90975719e-33
  1.15075693e-01 -1.72919931e-03 -6.42749015e-03  1.37955574e-02
  1.29043506e-02  3.67329875e-03  1.54592851e-02 -1.07196487e-01
  1.18565433e-01  5.43977208e-02  1.23590755e-03 -2.15655528e-02
 -5.45751564e-02  6.20244704e-02 -5.05014472e-02 -4.04538698e-02
  5.81507124e-02  1.47776315e-02 -7.38266408e-02  4.94338050e-02
 -2.15443950e-02  9.84314084e-03  4.56760935e-02 -9.48496759e-02
 -1.50742009e-02  1.37207955e-02 -1.87411215e-02  4.61570695e-02
  7.81061053e-02  4.07003127e-02 -5.41647077e-02  1.35637708e-02
  8.85249395e-03 -6.76435456e-02 -7.66835287e-02 -2.36446760e-03
  4.07494642e-02 -4.94543090e-02  4.59987856e-02 -6.81771785e-02
  8.83637071e-02 -3.94101664e-02 -1.02406800e-01  1.16743206e-03
  6.25237003e-02  3.00689582e-02 -2.54191123e-02  6.98630884e-03
  2.78670508e-02 -4.73793112e-02  1.59701165e-02  4.25704959e-04
  7.32607991e-02 -3.78830545e-02  3.32168974e-02 -8.89266133e-02
 -1.08743403e-02 -4.83636223e-02 -6.08730363e-03 -9.19970777e-03
 -1.19931340e-01  2.17995532e-02  4.04554643e-02  5.08045554e-02
 -5.93554638e-02  8.70871171e-02  2.50268634e-02  4.79237065e-02
  8.45476091e-02 -1.28572375e-01 -3.95664386e-02 -3.71947931e-03
  3.71987000e-02  7.97022786e-03  3.74010839e-02 -5.37634827e-02
 -3.20462286e-02 -1.89345647e-02  3.08308247e-02 -4.53485399e-02
 -9.58676338e-02 -5.88662364e-02 -1.50884958e-02 -4.55695987e-02
 -7.00073838e-02  4.67139184e-02 -1.91164948e-02 -1.66813955e-02
 -3.67989093e-02  8.52741674e-02 -5.68918325e-02 -5.20371459e-02
 -5.30466326e-02 -2.11025849e-02  7.20660063e-03 -3.45401681e-08
  2.35714968e-02  2.09299754e-02  8.87128860e-02 -2.28739195e-02
  8.86049028e-03  1.72600597e-02 -2.57444493e-02  6.50056526e-02
  6.98617920e-02  7.09558651e-02 -1.44795589e-02  7.17635220e-03
 -2.09621638e-02 -4.56964411e-02  7.50873759e-02  7.53802732e-02
 -3.84778418e-02 -3.34821455e-02 -4.75062691e-02 -5.94785549e-02
 -4.38305223e-03 -9.14179906e-03  2.55167149e-02  6.00286461e-02
  2.91980989e-02  1.73187559e-03  2.12618280e-02 -6.85434118e-02
 -6.52709976e-02 -8.51938874e-03 -6.43277094e-02  8.63324292e-03
  2.83765122e-02  1.33788232e-02  3.43842469e-02 -5.05072549e-02
  1.81643739e-02 -2.29187626e-02  1.65250435e-01 -2.87535507e-02
 -4.49608453e-03 -4.28019948e-02 -2.65092310e-03 -5.63917607e-02
  5.02317734e-02  8.53511970e-03 -7.34395441e-03 -1.19925765e-02
 -2.01395545e-02 -7.40188956e-02  8.61707628e-02  3.13454419e-02
 -7.98816886e-03 -2.17950642e-02 -6.03893884e-02  7.92862773e-02
  1.46382488e-03  6.10749586e-04  9.19527467e-03 -5.54821081e-02
 -7.38349110e-02  2.02431735e-02  1.35250673e-01 -4.44923714e-02]"
What is the role of nutrition in TB recovery?,"Good nutrition is important for TB recovery. Adequate nutrition supports the immune system, helps the body withstand the side effects of TB drugs, and contributes to faster recovery. Malnutrition can delay recovery and worsen disease outcomes.","Nutrition plays a key role in TB recovery by supporting the immune system, mitigating drug side effects, and promoting faster healing. Malnutrition can impede recovery.","What is the role of nutrition in TB recovery? Good nutrition is important for TB recovery. Adequate nutrition supports the immune system, helps the body withstand the side effects of TB drugs, and contributes to faster recovery. Malnutrition can delay recovery and worsen disease outcomes.","[-1.48154357e-02  4.93001901e-02  2.71890033e-02  1.72022339e-02
  3.89443822e-02  1.37109578e-01  3.57438102e-02 -2.64026206e-02
 -1.01635054e-01 -7.62336180e-02 -7.15730786e-02  5.58934212e-02
  4.64282148e-02  2.71883812e-02  1.86121762e-02 -4.95313406e-02
  7.84372166e-02  5.95604330e-02 -4.31591235e-02 -6.68176338e-02
 -7.36075118e-02  4.64430042e-02  3.15495841e-02 -4.30784486e-02
 -1.00448392e-02 -6.82049394e-02 -1.98394116e-02 -2.18381174e-02
 -2.32964586e-02 -4.77682799e-02 -1.16463322e-02 -3.12078279e-02
  1.48178423e-02 -6.41722884e-03 -1.11459792e-01  7.18571916e-02
 -1.83510594e-02 -6.21513352e-02 -5.21794520e-02 -2.51254439e-02
  6.75999047e-03 -3.51443402e-02 -2.78130304e-02 -1.00127757e-02
  1.17441984e-02 -3.18437740e-02  5.47109023e-02  2.72276551e-02
  2.31648423e-02 -2.69289855e-02 -2.91836523e-02  4.85002287e-02
 -2.35011801e-02  6.61744252e-02  9.77798849e-02  6.21943176e-02
 -3.10835857e-02  3.43664386e-03 -6.48498684e-02 -1.61265640e-03
 -1.79111287e-02  1.35191316e-02  5.31368330e-02 -1.18812621e-02
  1.62334710e-01  7.78369047e-03 -6.95756227e-02 -1.93012245e-02
 -5.12458831e-02 -2.99553834e-02 -7.21396040e-03 -4.03170474e-02
  7.86526799e-02  3.87820788e-02 -2.07747817e-02  4.07550335e-02
 -5.93499616e-02  3.77377272e-02 -1.46059394e-02  9.24784243e-02
  1.12668349e-04 -7.19316304e-03  1.20416367e-02  9.94936153e-02
 -9.02046412e-02 -9.70143545e-03 -5.94615452e-02 -2.25970950e-02
 -7.57496133e-02  6.58211336e-02  5.36374487e-02  1.90220140e-02
  4.13353778e-02  1.62993763e-02  2.33655721e-02 -1.19577246e-02
  2.17679422e-02 -6.30869493e-02  4.83073900e-03 -4.10773046e-02
 -8.47433414e-03  1.71622448e-02  3.80642191e-02 -4.47093090e-03
 -3.10267769e-02 -7.34812245e-02 -1.37555739e-02  2.48612724e-02
  4.76477630e-02  1.77314114e-02  5.21935783e-02  7.54318684e-02
  1.77444816e-02  3.79998088e-02  1.62090268e-03  3.44861262e-02
 -1.77016910e-02 -1.40025616e-01  4.63257032e-03 -2.76078377e-02
 -2.32605282e-02 -4.90277894e-02  5.98533191e-02 -3.42845097e-02
  1.80942286e-02 -1.21544413e-02  3.33575755e-02 -4.65861957e-35
 -9.70541090e-02 -6.12359159e-02  3.21688876e-02  2.92898081e-02
  6.75848126e-02 -4.63988148e-02 -4.74735126e-02 -5.12182303e-02
  4.47174255e-03 -6.42823055e-02 -5.77883869e-02 -3.75008956e-02
  7.30960295e-02  2.63460651e-02 -1.00712597e-01  2.14995071e-02
 -3.45688537e-02  7.42923021e-02  2.22505163e-02  1.32332295e-01
  4.48242165e-02  1.47975525e-02  6.21044710e-02  6.44990280e-02
  3.68563198e-02 -1.35034253e-03  2.66360696e-02  5.49717732e-02
 -4.28091958e-02 -3.83237121e-03 -3.91795821e-02 -1.35857742e-02
 -3.29700746e-02 -9.60362479e-02 -3.04987375e-02 -3.24354433e-02
 -5.13933320e-03 -1.86784156e-02 -2.27107760e-02  1.46331545e-02
  7.94344470e-02  5.24981394e-02 -1.46047277e-02  2.56795846e-02
 -2.74569746e-02  3.44190411e-02  3.17435078e-02 -1.93008278e-02
 -1.95170101e-02 -2.30210982e-02  9.03482735e-02 -2.96876635e-02
 -4.17027855e-03 -5.02759852e-02  4.17544097e-02  2.94856448e-03
 -2.38090847e-02  3.95620875e-02 -1.13046607e-02 -2.81396862e-02
  4.02652659e-02 -1.06512405e-01  1.41593581e-02 -2.52385642e-02
  2.70077083e-02  3.85679975e-02 -3.57009023e-02 -7.27452785e-02
 -5.22318184e-02 -6.27675876e-02 -1.52440798e-02 -6.54076636e-02
  3.33030485e-02  3.23386230e-02  5.22730872e-02  1.19509222e-02
 -6.49468079e-02 -8.83472562e-02  3.32942568e-02  6.29726006e-03
  4.40703332e-02 -1.66223310e-02 -3.39063979e-03 -1.79393236e-02
 -1.66564658e-02  7.85334688e-03 -2.60309614e-02 -9.06016827e-02
  9.92579460e-02 -1.09098673e-01  3.40538286e-02 -2.78846528e-02
 -8.10663849e-02  8.02806094e-02 -1.95756578e-03 -1.56222795e-33
  5.10847941e-02 -2.72727478e-02 -4.99696881e-02 -3.74380797e-02
  2.71234512e-02 -5.66672944e-02 -4.07170132e-02 -9.43206400e-02
  6.15207851e-02  2.59053172e-03 -2.76304390e-02  1.89066585e-02
 -1.34884417e-02  2.72012427e-02 -1.05063997e-01  1.21234905e-03
 -3.44374254e-02 -4.93062325e-02 -4.14171033e-02  3.08983065e-02
  4.22933362e-02  1.06379502e-02  4.74769212e-02 -6.88578784e-02
 -9.76953283e-03  1.21719949e-01 -5.14568910e-02  7.22256005e-02
  2.15294138e-02  8.48782598e-04  2.57186089e-02  1.51455943e-02
  2.26072557e-02 -6.59151301e-02 -2.32710474e-04 -5.79567580e-03
 -4.00414951e-02 -7.68931061e-02  2.86579859e-02  1.02697201e-02
  7.47643039e-02  3.80367078e-02 -4.17608358e-02 -2.32926682e-02
  3.48865539e-02  2.06670184e-02  1.25850707e-01 -3.27617861e-02
  1.66265108e-02  1.43030444e-02  1.29997104e-01 -4.34513986e-02
  9.35300142e-02 -4.10525985e-02  4.38646451e-02 -2.13002171e-02
 -1.56893320e-02 -8.34534367e-05  4.56243344e-02 -6.06015623e-02
 -1.24188229e-01  6.25266358e-02  6.29080459e-03  6.85495436e-02
 -1.20092416e-02  1.71016958e-02  3.12173609e-02 -1.76120717e-02
  4.85341437e-02 -4.43335883e-02  2.33267969e-03 -5.67144081e-02
  9.47190151e-02  1.11393780e-01  5.42722940e-02  8.17614272e-02
 -1.09640643e-01  7.38036558e-02 -2.84593683e-02  9.43741649e-02
 -1.12624027e-01 -2.69062519e-02 -1.06496585e-03 -8.65333974e-02
  1.75596084e-02  1.60009433e-02 -8.93083983e-04 -5.05472906e-03
 -2.04468109e-02 -3.82080907e-03 -5.34396358e-02 -8.26397911e-02
 -5.85426539e-02  5.06386943e-02  5.27518243e-02 -3.26180754e-08
  1.05085075e-02 -1.34666692e-02 -8.11898485e-02  5.06351776e-02
 -5.27394302e-02 -8.25575888e-02  3.45511660e-02  7.82139450e-02
  6.63440675e-02  7.44041577e-02 -1.84359737e-02  3.18710394e-02
 -1.40919432e-03  6.32387446e-03  2.16805413e-02  3.50050442e-02
  3.36950421e-02 -1.86692495e-02 -7.40905479e-02 -1.04234861e-02
  1.58993562e-03  2.39307736e-03  5.30042723e-02  7.11037591e-02
  2.07648287e-03  3.08181215e-02 -1.00479769e-02  2.54965499e-02
 -3.41341458e-02 -2.10970757e-03 -4.12407145e-02 -2.21104212e-02
  6.03965186e-02  3.56173292e-02  1.83654018e-02  4.70793843e-02
 -1.64553511e-03  1.15088467e-02  1.16822630e-01 -1.36723006e-02
 -4.28208038e-02  1.00694294e-03  1.93054155e-02  1.31638963e-02
 -6.72915429e-02  1.83640874e-03 -8.14782605e-02  1.16245121e-01
 -5.20827807e-02 -9.58856344e-02  9.06211231e-03 -3.17416415e-02
 -6.93918616e-02 -9.57941171e-03 -6.64935783e-02  5.38733117e-02
 -3.31386849e-02  1.31064011e-02  2.48166975e-02 -3.25744748e-02
 -3.57722826e-02  8.18336904e-02  5.59758442e-03 -1.12921953e-01]"
What is the link between TB and diabetes?,"Individuals with diabetes have a higher risk of developing TB. Diabetes weakens the immune system, making it harder to fight TB bacteria. Additionally, TB can be more difficult to diagnose and treat in patients with diabetes.",Diabetes increases the risk of developing TB due to a weakened immune system and can complicate the diagnosis and treatment of TB.,"What is the link between TB and diabetes? Individuals with diabetes have a higher risk of developing TB. Diabetes weakens the immune system, making it harder to fight TB bacteria. Additionally, TB can be more difficult to diagnose and treat in patients with diabetes.","[ 2.45367810e-02  5.96201345e-02 -3.21914554e-02  4.90255244e-02
  2.38478202e-02  9.26323906e-02  4.19072993e-02  3.24473903e-02
 -4.76838201e-02 -4.25858945e-02 -9.73064229e-02  2.87994202e-02
  4.30594161e-02  3.54474559e-02 -2.02835500e-02 -3.54753397e-02
 -5.95625266e-02 -8.77744704e-03 -1.72690097e-02  5.94484247e-02
 -1.66118499e-02  6.06345385e-02  7.66795427e-02 -1.52786588e-02
 -3.91488289e-03 -9.30552036e-02  8.00753310e-02 -2.86878999e-02
 -4.58376296e-02  4.30829497e-03 -3.44115943e-02  2.77626421e-02
 -1.11284547e-01  1.91342849e-02 -1.17049903e-01  1.87498499e-02
 -1.20968064e-02  1.43977040e-02 -4.84269187e-02 -1.22136950e-01
  4.39723730e-02 -1.07142434e-03 -2.55793296e-02  5.99336475e-02
  2.66949553e-02  2.05990137e-03 -4.81904969e-02  1.72860436e-02
 -1.14518311e-02  1.76336896e-02 -5.51785119e-02  2.83240620e-02
  1.58486329e-02 -1.57956220e-02  3.65414396e-02  1.63762253e-02
 -8.08981955e-02  3.16627137e-02 -1.47516476e-02 -5.49017340e-02
 -7.61888400e-02 -1.97566394e-02  6.41711354e-02 -1.90621149e-02
  8.28232989e-02  1.19547909e-02 -4.24447954e-02  6.12895973e-02
 -6.32044747e-02 -4.71364781e-02 -1.27042076e-02 -7.00908015e-03
 -1.87662300e-02  1.08224452e-01  9.24306735e-03 -1.45109920e-02
 -7.76130855e-02  5.22000790e-02 -4.52125408e-02  7.37801641e-02
  3.00312811e-03  2.74341926e-02  7.68872127e-02  5.32238558e-03
 -4.67986725e-02  7.97921047e-03  5.98819628e-02 -8.50476250e-02
 -8.54532272e-02 -3.70368622e-02  6.33828416e-02 -1.61729020e-03
 -5.02856961e-03  1.02170557e-02  1.84371658e-02 -5.20526394e-02
  3.66956182e-02 -1.67437289e-02  1.34554794e-02 -4.24176902e-02
 -1.41221220e-02 -6.76862076e-02 -1.32108415e-02  3.72350067e-02
 -5.64357126e-03  3.49285491e-02 -2.37879343e-02 -2.73636412e-02
  5.20521365e-02 -2.70375349e-02  3.04959361e-02  5.37947640e-02
  5.71047813e-02 -4.33385968e-02 -6.32601157e-02 -7.97977485e-03
 -4.38748747e-02 -1.13853149e-01 -2.64236168e-03  5.03374916e-03
  7.82823772e-04 -4.94922437e-02  1.68296285e-02 -6.76754564e-02
 -5.75440843e-03  3.49797159e-02 -2.28950870e-03 -8.99493053e-34
  5.98559491e-02 -6.33618832e-02  3.14687118e-02 -5.45060374e-02
  1.42084047e-01 -1.32676950e-02 -3.98425478e-03  4.80531529e-02
 -3.54788676e-02  1.08428001e-02 -1.34102628e-01 -9.90141463e-03
 -3.37277597e-04 -3.06019820e-02  4.26091067e-03  8.12801272e-02
 -1.35982521e-02 -1.33286035e-02 -1.53091620e-03  6.60502687e-02
 -1.92307234e-02  3.67872901e-02  5.43235317e-02 -8.10498837e-03
 -7.04116886e-03 -6.99072098e-03  5.62440716e-02 -4.74616280e-03
  6.55511916e-02  9.59111564e-03 -2.12583244e-02  5.16047664e-02
  6.35632724e-02 -3.67396437e-02  4.27873395e-02  3.06664687e-03
  1.02171600e-02  3.56758907e-02 -1.70447456e-03 -3.70935537e-02
  4.33075354e-02 -2.05122642e-02 -3.12011559e-02 -2.59357821e-02
  6.81269243e-02  2.53877398e-02  6.29463270e-02 -5.31261228e-02
 -6.89430684e-02 -1.21783966e-03  4.90870029e-02 -5.47609152e-03
 -4.02160585e-02  7.59985670e-02  1.14050962e-01 -1.88617792e-03
 -9.35880169e-02  5.62087521e-02  2.57605221e-02  3.10805365e-02
 -1.68225206e-02 -6.34797886e-02  3.06548923e-02 -2.18529161e-02
 -3.07416427e-03  2.72293799e-02 -3.67787741e-02  3.72252502e-02
 -9.15128887e-02 -9.35317427e-02  9.78471152e-03 -7.26904273e-02
 -1.35196336e-02 -1.99038703e-02  1.85185652e-02  4.69611660e-02
 -7.67160058e-02 -7.15637803e-02  4.65499312e-02 -2.54479367e-02
 -3.35060433e-02  2.49498263e-02 -3.71600385e-03 -6.18790761e-02
 -5.70082590e-02  4.64392081e-02  9.63263155e-04 -4.90393974e-02
 -1.82269029e-02 -9.58815813e-02  1.74176004e-02  5.65412156e-02
 -6.27591610e-02  4.36222777e-02  8.85265917e-02 -2.72577946e-33
  5.29005304e-02 -2.23600329e-03  1.93456914e-02 -7.72923157e-02
  4.80098389e-02 -9.30923969e-02  1.97648443e-02 -1.77523002e-01
  5.99747375e-02  3.42543423e-02 -1.48220696e-02  7.39247650e-02
 -3.40931602e-02  2.42249873e-02 -3.00898142e-02 -4.15441254e-03
 -5.75209595e-02  5.08967005e-02 -7.39918798e-02 -3.13168205e-02
  1.43764988e-02 -9.57558211e-03  5.43669611e-03 -6.62539005e-02
 -4.45885323e-02  3.05268019e-02 -2.90115755e-02  8.21814835e-02
  5.75429164e-02  6.08511716e-02 -2.08164984e-03  9.23375860e-02
  2.89489049e-02 -7.39945993e-02 -5.31868488e-02 -3.81259844e-02
 -1.12051088e-02 -8.47586542e-02  4.66812402e-02 -1.02962151e-01
  6.78361654e-02  2.96681356e-02  1.30734211e-02 -1.29895151e-01
  1.63777158e-01 -1.32645220e-02 -4.41575311e-02  6.72589429e-03
  2.61631683e-02 -4.14941572e-02  6.09698482e-02 -6.77155564e-03
  4.86866990e-03 -7.21532032e-02 -6.51722401e-02 -7.51047432e-02
 -6.41914271e-03  1.26250423e-02  7.80643821e-02  1.76996668e-03
 -4.58393469e-02  2.39578285e-03  5.60003705e-02  8.24441761e-02
 -3.91415134e-02 -6.57265680e-03  6.64140135e-02 -3.33365472e-03
  1.30177081e-01  6.97270632e-02 -9.27571505e-02 -3.65731195e-02
 -1.14379846e-03  8.19473863e-02  4.00730260e-02  1.52418315e-02
 -8.19556713e-02  9.48575065e-02  2.63584610e-02  2.43066996e-02
 -1.14086010e-02  4.74440604e-02  5.85779431e-04 -6.59360588e-02
 -8.76160860e-02  1.61818713e-02  2.84206271e-02 -3.17066126e-02
 -2.46051662e-02  1.64143443e-02 -9.87563357e-02 -1.04964618e-02
 -6.55223355e-02 -6.39518201e-02 -2.03661118e-02 -3.64260870e-08
  7.84528479e-02  5.79456752e-03  3.72857936e-02  4.87615950e-02
 -2.62765288e-02  1.84570495e-02 -5.02102263e-03  1.44034609e-01
  8.85690153e-02  2.58241687e-02  9.53590206e-04  5.73100597e-02
 -4.60457951e-02 -5.75727783e-02  9.05736834e-02  2.54875589e-02
 -9.34600830e-02 -4.74532023e-02 -1.67549979e-02  8.20977706e-03
 -8.65247473e-03 -9.89803672e-03  6.32002279e-02  8.53941590e-02
 -4.91348803e-02 -2.59389896e-02 -5.19125862e-03 -4.08996828e-02
 -6.32054508e-02 -5.73841017e-03 -5.26520908e-02 -1.18188711e-03
  4.11459357e-02  6.11798540e-02 -1.63324792e-02 -2.71889977e-02
  2.39175651e-02  1.97622478e-02  3.38278860e-02  2.85472199e-02
  1.58743933e-02 -3.72028798e-02  3.52169313e-02 -2.91137472e-02
 -1.82463750e-02 -3.08917239e-02  6.63485155e-02 -2.57046204e-02
 -1.58414152e-02 -3.20473313e-02  3.92409116e-02 -4.47328761e-02
 -1.99637581e-02 -8.07456896e-02  3.19948350e-03  2.74071656e-02
 -1.00829460e-01  1.25114135e-02  1.28986975e-02  2.14799959e-03
 -2.26305481e-02  4.75734212e-02  4.11033928e-02 -1.65859852e-02]"
What are common side effects of TB medications?,"TB medications can cause side effects such as liver toxicity, nausea, vomiting, loss of appetite, a rash, and a change in urine color. Some patients may experience more severe side effects, requiring monitoring and adjustments in treatment","ommon side effects of TB medications include liver toxicity, nausea, loss of appetite, rashes, and changes in urine color. Monitoring for severe side effects is necessary","What are common side effects of TB medications? TB medications can cause side effects such as liver toxicity, nausea, vomiting, loss of appetite, a rash, and a change in urine color. Some patients may experience more severe side effects, requiring monitoring and adjustments in treatment","[ 8.01330432e-02 -4.95538935e-02  2.67018117e-02 -4.22737226e-02
  7.99239427e-03  4.15347256e-02  1.10859042e-02  1.05131343e-01
 -1.00747354e-01 -4.57182148e-04 -1.29982024e-01  8.13876465e-03
  6.29677176e-02  3.76896746e-02 -2.82259434e-02  2.89861299e-02
  1.03027271e-02 -2.48266440e-02 -2.93112136e-02  1.72451399e-02
 -7.82021433e-02  5.96762486e-02 -2.39962433e-02  3.88301834e-02
 -6.14117607e-02  6.82239141e-03  5.76060116e-02 -1.97033938e-02
 -3.21833305e-02 -2.00517122e-02 -3.17257643e-02  8.13131407e-03
 -7.12593719e-02 -1.29532861e-02 -4.49301638e-02 -2.57761925e-02
 -8.17503259e-02  3.39273177e-02  6.40199101e-03 -3.38286981e-02
 -5.18510770e-03 -5.53205796e-02 -3.66416574e-02  3.07037774e-02
  8.39576125e-03 -6.69315606e-02 -2.04387270e-02 -9.18730255e-03
  1.32633811e-02  9.09815654e-02  1.68070924e-02 -8.74355063e-02
  5.30129373e-02  3.63728032e-02 -3.34146209e-02 -9.80141386e-02
 -6.42551780e-02  3.17754298e-02  2.47062277e-02  1.25485603e-02
 -1.17361724e-01 -2.13576071e-02  1.04378283e-01 -4.09715585e-02
  5.49679063e-02  1.36632994e-01 -1.76961627e-02 -1.75724421e-02
  4.39629816e-02 -9.70318273e-04  1.28585137e-02 -6.50013462e-02
 -4.18362841e-02 -5.22967428e-02 -6.74578846e-02 -2.45208312e-02
 -1.04564670e-02  1.80259738e-02 -9.27878544e-02  1.53140668e-02
 -3.54508050e-02  1.42734516e-02 -3.12092863e-02  9.33904666e-03
 -2.12391168e-02  1.49613479e-02 -1.04054790e-02  2.74078995e-02
 -3.25008631e-02  7.64886662e-02  8.86027142e-02  2.94244029e-02
  4.15196046e-02 -2.02040244e-02 -5.75298443e-03 -4.72791903e-02
 -3.44786011e-02 -3.20343487e-02 -5.04618138e-02 -7.69554377e-02
  1.46774435e-02  1.12642478e-02 -3.50195765e-02  4.47574817e-02
  1.51565978e-02  2.53471779e-04  6.95055947e-02 -8.45752358e-02
 -2.99972575e-02 -5.69798872e-02  1.10137351e-02  4.23483402e-02
  1.41980248e-02 -3.86046953e-02 -3.75673175e-02 -1.70230363e-02
  7.39564672e-02 -6.71584010e-02 -1.02395609e-01 -4.33177175e-03
 -2.19401605e-02 -7.38306344e-02  1.93395130e-02 -1.34142684e-02
 -7.47525925e-03  1.42963964e-03 -2.70350147e-02 -1.33354439e-34
 -1.70462839e-02  1.51374256e-02  2.46376023e-02  4.17717397e-02
  1.42176852e-01 -2.28812103e-03  5.09529524e-02  2.30295211e-02
  1.39086405e-02 -5.10950573e-02 -6.70885062e-03  1.62912942e-02
 -3.59145030e-02  4.56453189e-02 -2.93510277e-02  7.41864666e-02
  5.58989448e-03  3.75097734e-03  4.52984758e-02  7.12495595e-02
  1.47223100e-02  1.33294417e-02 -5.65783121e-02  8.17591101e-02
 -2.74337307e-02  2.81224214e-02 -7.07805529e-02  7.42535591e-02
 -9.43502970e-03 -1.98234227e-02 -1.57820545e-02 -4.25949544e-02
 -1.51791340e-02 -7.27228960e-03 -5.41734509e-02  4.45057712e-02
 -4.54759859e-02  1.14436261e-01  3.14427689e-02  4.32561524e-02
  2.02089008e-02  1.49402013e-02 -6.40391856e-02  6.23645261e-02
  4.98651788e-02  1.76412426e-02  1.39725721e-02  4.41322438e-02
 -2.50290446e-02 -1.14442445e-02  4.89990823e-02 -8.77516493e-02
 -9.55451094e-03  5.35526611e-02  5.14958352e-02  6.42114505e-02
 -1.83670167e-02 -3.56762372e-02  7.47839436e-02  3.31092440e-02
  1.06341839e-01 -2.52284762e-02  1.39865074e-02 -3.06274928e-02
 -4.95297574e-02  3.72615829e-03 -2.09059622e-02 -6.75572678e-02
 -6.58060387e-02 -6.29703626e-02 -4.27620076e-02  2.55169987e-04
  3.62673365e-02  2.61535235e-02  6.89312667e-02  2.41142455e-02
 -1.24684229e-01 -7.44828954e-02  5.65921515e-02 -2.24117972e-02
  2.43853927e-02 -7.30219930e-02  5.07215364e-03  8.15190375e-03
 -3.23769860e-02 -1.64564587e-02 -2.02876702e-02 -6.49943948e-02
 -4.31369431e-02  6.78593339e-03  1.43283576e-01 -1.82460770e-02
 -2.56587788e-02  1.67446472e-02  2.28762999e-02 -1.07178370e-33
 -2.63854992e-02  1.25414971e-02 -3.97228263e-02 -3.11504994e-02
 -4.94691506e-02 -2.69816723e-02  2.37777326e-02 -2.40294840e-02
  1.33251682e-01 -1.85207967e-02  2.72059180e-02  3.85963507e-02
 -1.41753554e-01  4.17080484e-02 -9.93407592e-02  9.78156831e-03
  1.16648234e-01  1.29888048e-02 -1.00541785e-02 -9.78826825e-03
 -2.35569403e-02 -9.35459957e-02  7.57022807e-03 -7.05956519e-02
 -2.62595229e-02  7.10356608e-02 -1.03357695e-02 -7.03225434e-02
  6.75572231e-02  4.34332490e-02 -1.53699853e-02  1.95683628e-01
  6.41809627e-02  3.22081894e-02 -6.34903014e-02 -1.34354541e-02
 -2.41292287e-02 -3.52211520e-02  6.96769804e-02 -8.70094299e-02
  4.32724915e-02  4.12396044e-02 -3.73032736e-03 -4.70332503e-02
  5.36740869e-02 -2.75828987e-02 -6.43529594e-02  4.07068431e-03
 -2.48401910e-02 -2.42814273e-02  6.52751774e-02  3.38736214e-02
  6.25254959e-02 -2.39218660e-02  4.37461026e-02 -7.90930614e-02
 -2.56141052e-02 -4.10164222e-02  1.13411106e-01  4.00482444e-03
 -6.61062375e-02  5.25933094e-02 -2.88584251e-02  1.21337915e-04
 -6.71274737e-02  1.10024698e-02  1.19489180e-02 -9.69245378e-03
  1.50301263e-01 -4.59238216e-02  4.23057657e-03 -8.29150751e-02
  6.40664576e-03  3.61854360e-02  1.20454840e-02  2.18167286e-02
 -2.34500133e-02  5.52816391e-02  4.15362827e-02 -5.10079227e-03
 -1.38431387e-02  8.85883067e-03  5.28281294e-02 -3.88484076e-02
 -1.24334604e-01  1.43548194e-02 -2.40156017e-02  4.97502014e-02
 -4.01672088e-02 -1.36699136e-02 -2.91481661e-03 -3.52673084e-02
 -5.62439673e-02  8.30208734e-02  8.94939080e-02 -3.05980343e-08
 -6.61827773e-02 -5.25967777e-02  3.46413255e-02  6.33510947e-02
 -5.71485497e-02 -4.56504747e-02  5.61540872e-02  7.69694373e-02
  1.96887236e-02  3.73960100e-02 -2.14579180e-02  8.99809524e-02
 -2.69344281e-02 -3.42924707e-02 -4.01233584e-02  1.28326058e-01
 -1.58489384e-02 -7.35658556e-02  2.47658975e-02  3.84333618e-02
 -8.05255324e-02  1.36319157e-02  4.23410758e-02  1.82223655e-02
  1.54639256e-05  2.46260259e-02 -1.67214330e-02  3.27346586e-02
  3.39199835e-03  3.57174203e-02 -3.74746919e-02 -2.02769209e-02
  3.97180468e-02 -8.60979501e-03 -1.02805234e-02 -3.40953283e-02
 -4.22982313e-02  3.83974425e-02  1.24172159e-01  8.33739191e-02
 -2.56062951e-02 -1.97189059e-02  1.90595798e-02 -5.11892438e-02
  8.74488614e-03 -1.05877062e-02  1.07892836e-02  5.21863736e-02
  4.02207337e-02 -6.32689744e-02  9.38025564e-02  2.85242423e-02
 -5.57794236e-03 -2.20632013e-02 -2.24562315e-03  6.12793788e-02
 -2.59882072e-03  1.02367001e-02  5.55567704e-02 -7.09243417e-02
 -9.72836558e-03  1.19653903e-03 -3.79292518e-02  1.63909036e-03]"
How is TB related to occupational health?,"TB can be a significant occupational health issue, particularly in healthcare settings or jobs with exposure to at-risk populations. Workers in these areas may have a higher risk of TB infection and require regular screenings and protective measures.","In occupations with exposure to at-risk populations, such as healthcare, there is an increased risk of TB, necessitating regular screenings and protective measures","How is TB related to occupational health? TB can be a significant occupational health issue, particularly in healthcare settings or jobs with exposure to at-risk populations. Workers in these areas may have a higher risk of TB infection and require regular screenings and protective measures.","[ 5.70025966e-02  2.12222114e-02  4.63911518e-02 -2.14194111e-03
  3.44346873e-02  9.13941488e-02  4.15657945e-02  9.76697449e-03
 -1.28196672e-01  6.66307344e-04 -5.30014746e-02  9.80265997e-03
  5.21918945e-02  4.58713099e-02 -4.00463641e-02 -3.89125966e-03
  5.99331735e-03 -2.36969441e-02 -8.09976310e-02  1.34396246e-02
 -7.95952231e-02  1.08874328e-01  7.59833902e-02 -9.61778779e-03
 -5.54259717e-02 -3.86579074e-02  3.47706005e-02 -4.08933572e-02
 -3.27505991e-02  6.45843819e-02  7.91593920e-03  4.17803824e-02
 -6.81680590e-02 -5.46382042e-03 -5.63358702e-02 -3.74695584e-02
 -2.48140246e-02  6.18808791e-02  2.37823483e-02 -2.94926111e-02
 -1.58296153e-03 -5.28135300e-02  8.60155653e-03 -2.58389059e-02
  1.35811800e-02  2.79617943e-02  2.28164811e-02 -7.03319386e-02
 -1.09735820e-02  4.66412567e-02  2.32491177e-02 -1.07157966e-02
  5.71366437e-02  2.36512674e-03  1.32695520e-02 -6.11414798e-02
 -2.77984962e-02 -2.41068732e-02 -5.73677272e-02  7.16401115e-02
 -4.63508489e-03 -8.22315738e-02  4.22671922e-02 -2.57204361e-02
  8.78449157e-02  7.28948265e-02 -5.76837808e-02 -2.80911792e-02
 -7.06489012e-02 -4.51739915e-02  2.17297915e-02 -4.61091399e-02
 -6.09177388e-02  8.55841562e-02  1.96123887e-02 -1.29574360e-02
 -6.92359284e-02 -2.22886242e-02 -1.98858761e-04  2.90466771e-02
 -9.16768052e-03  3.07808090e-02  3.60256098e-02  2.31851768e-02
 -5.91081716e-02  3.43876742e-02  2.04530116e-02 -4.19758633e-03
 -3.07277758e-02  5.41546009e-03  2.35796813e-02 -5.13292216e-02
 -9.15764924e-03  1.87907238e-02  5.57087772e-02 -2.83439029e-02
  6.59549311e-02  7.07147196e-02 -3.54059972e-02 -7.44871646e-02
 -2.54515652e-02 -4.08998206e-02 -2.29097139e-02  6.55571893e-02
 -5.12642153e-02 -1.39595557e-03 -8.59751366e-03 -9.73058194e-02
 -4.83638793e-02 -3.55779789e-02  2.61137486e-02  6.60845041e-02
 -3.35611291e-02 -4.31352332e-02 -3.24217416e-02 -4.05699909e-02
  1.59831364e-02 -1.04939178e-01 -8.22063386e-02  5.00697903e-02
 -3.56624695e-03 -4.29421775e-02 -3.64696868e-02  1.12003759e-02
  2.02905424e-02 -9.02876109e-02  7.78008904e-03 -1.02660486e-33
  4.16421244e-04 -3.80865037e-02  4.08315770e-02 -2.11888419e-05
  1.38279989e-01 -5.01861796e-02 -2.61957422e-02 -2.27039568e-02
  3.71577106e-02 -1.01183690e-02 -6.37065023e-02  7.03962669e-02
  2.76436862e-02 -5.02768392e-03 -3.38379033e-02  8.42349455e-02
 -2.00786274e-02  5.28931692e-02 -4.80292253e-02  8.38244483e-02
 -1.43006248e-02 -6.77688867e-02 -8.08528215e-02  8.36291239e-02
 -9.15159062e-02  1.87554602e-02 -2.17507295e-02  6.97757024e-03
  4.55450118e-02  1.58598274e-02 -7.77146593e-03  6.29481301e-02
 -4.22651367e-03 -8.34582821e-02 -3.97096761e-02  2.47099828e-02
 -4.43499982e-02  2.59598587e-02  1.52482213e-02 -5.40405326e-02
 -2.92290691e-02 -3.82739343e-02  2.60996190e-03  2.10529249e-02
  8.66745934e-02 -1.02890367e-02  3.39567773e-02 -2.55757384e-02
 -5.39006032e-02  7.50030763e-03  3.31630670e-02 -1.49195250e-02
  2.02939026e-02 -6.09858613e-03  7.70173818e-02 -3.45809897e-03
  5.16411336e-03  3.05820014e-02  2.28185430e-02  1.16797462e-01
  4.45674956e-02 -1.27942096e-02  2.41988455e-03  2.09284071e-02
 -1.96131412e-03 -4.65931185e-02  4.88757156e-02  3.00081559e-02
 -2.22528260e-03 -4.16774377e-02  5.26987351e-02  3.08220051e-02
 -2.17971131e-02 -1.75994430e-02  1.30224451e-02  1.18601985e-01
 -4.96081784e-02 -2.12895051e-02  1.36937210e-02 -1.46650802e-02
 -3.29828784e-02  1.41962646e-02  1.01148365e-02 -8.65694955e-02
 -9.86974314e-03  5.70055321e-02 -8.67029652e-03 -3.49828799e-04
 -2.87109390e-02  2.57849284e-02  8.88940617e-02  2.19265521e-02
 -4.77022603e-02  7.54638761e-02  1.14478888e-02 -1.56190763e-33
  1.54315811e-02 -1.23165715e-02 -7.83729479e-02 -1.13006532e-01
  2.05083229e-02 -5.87241948e-02  6.53858483e-02 -1.23825967e-01
  3.72913703e-02  3.58151533e-02 -6.58638775e-02 -2.75422651e-02
 -4.86220010e-02  2.84318384e-02  1.27863459e-04 -1.13561386e-02
  1.89728625e-02  8.27669501e-02 -5.35367355e-02  1.75836645e-02
  5.88599872e-03 -2.97204778e-02  3.15763578e-02 -4.84720580e-02
 -7.27293938e-02  6.66239113e-02 -1.30756035e-01  2.72704959e-02
  6.19654544e-02  3.70587297e-02 -1.14347801e-01  9.81153324e-02
  9.38822553e-02 -3.58256474e-02 -1.50253382e-02 -5.46758994e-02
 -6.87313639e-03 -8.05495307e-02  1.09031498e-01 -9.12544951e-02
  6.16023019e-02  7.36978874e-02 -3.77166793e-02 -5.28579988e-02
  5.70420697e-02 -1.30474055e-02 -1.04561513e-02 -4.93724868e-02
 -9.19812638e-03 -4.63747643e-02  1.32287711e-01  2.03318149e-03
  2.72205826e-02 -1.08450120e-02 -6.70664571e-03 -2.87392875e-03
 -3.70532162e-02 -6.06296435e-02 -1.87532941e-03 -4.03662398e-03
  4.39258777e-02  8.58211890e-02  1.91583158e-03  1.21356055e-01
 -6.33528531e-02  2.37229038e-02  3.30878946e-04 -6.07910566e-04
  7.26212114e-02 -1.06898379e-02 -7.93943107e-02 -5.61906323e-02
 -2.20098998e-02 -7.48128910e-03  1.52770123e-02 -2.31049322e-02
 -4.36960533e-02  6.69888109e-02  1.81900077e-02  8.37531164e-02
 -4.55275290e-02 -7.65649043e-03 -1.42866801e-02  1.52785592e-02
 -4.63068075e-02 -2.08371561e-02  2.24439055e-02  6.73963455e-03
 -7.69631639e-02 -1.62569061e-02 -1.12229228e-01 -1.95754338e-02
 -1.28782541e-01  2.98697110e-02 -1.75869353e-02 -3.43713076e-08
  1.78020094e-02 -2.43215468e-02  2.54207291e-02 -2.05987189e-02
 -5.49956709e-02 -3.90953682e-02  3.37539501e-02  1.02440290e-01
  7.19878301e-02  1.02143727e-01  6.51272899e-03 -1.46897510e-02
 -3.61269014e-03 -3.08998604e-03  8.00890625e-02  6.87067136e-02
 -3.75692807e-02 -9.08881128e-02 -3.68313342e-02 -2.68604774e-02
  1.08611360e-01 -8.59334040e-03  1.03331894e-01  1.07590027e-01
 -9.66967568e-02  5.33612482e-02 -6.71506440e-03  9.87985730e-03
  1.74869988e-02  5.17717376e-02 -3.17930691e-02 -1.38525227e-02
 -1.55241322e-02 -5.26710339e-02 -2.68944874e-02 -6.31500185e-02
  7.10033625e-02 -7.19707683e-02  3.98538038e-02  3.72570492e-02
 -6.40922179e-03 -8.07067528e-02  5.43550327e-02  4.09334190e-02
  2.75268778e-02 -6.61041066e-02 -8.40799417e-03  2.33576596e-02
 -1.20285219e-02 -9.70318839e-02  5.05765304e-02 -2.24305931e-02
 -1.10124899e-02  8.44343379e-03 -1.32188410e-01  5.47967665e-02
  1.11544533e-02 -1.14924582e-02 -2.12545861e-02 -2.83291675e-02
  1.94942132e-02  8.47917423e-02  9.12841931e-02  7.20392447e-03]"
Can BCG vaccine prevent all forms of TB?,"The BCG vaccine is primarily effective against severe forms of TB in children, such as TB meningitis. Its effectiveness against pulmonary TB, the most common form in adults, is variable and less consistent.","The BCG vaccine is effective against severe TB forms in children but has variable efficacy against adult pulmonary TB, the most common form.","Can BCG vaccine prevent all forms of TB? The BCG vaccine is primarily effective against severe forms of TB in children, such as TB meningitis. Its effectiveness against pulmonary TB, the most common form in adults, is variable and less consistent.","[-1.04332827e-02  2.57750787e-02  8.69191661e-02 -6.73098490e-02
 -6.12151884e-02  8.97552297e-02  1.55532528e-02  3.08676753e-02
 -6.79492056e-02  2.48560738e-02 -9.68889967e-02  4.23659086e-02
  1.04134940e-01  5.24117872e-02  5.63809532e-04  3.04440241e-02
  6.82728887e-02 -7.38540106e-03  2.92860274e-03 -3.64139974e-02
 -7.21590072e-02  9.33515877e-02  3.73613201e-02  1.31891798e-02
 -8.97021368e-02 -9.04801860e-02 -2.64894869e-02  1.94135364e-02
  3.47670019e-02 -3.10299322e-02  8.37532990e-03 -2.38726921e-02
 -9.05461833e-02 -3.74697498e-03 -8.09862986e-02 -2.69492995e-02
 -5.58592305e-02  1.56025710e-02 -2.24009156e-02  1.19328927e-02
 -9.76432189e-02  5.95275052e-02 -3.91895436e-02 -2.91859657e-02
  9.12976339e-02  6.67979941e-02 -7.14032399e-03 -6.95280870e-03
 -2.83665862e-02 -2.58423816e-02  1.54523868e-02 -1.60246229e-04
  7.44931353e-03  7.49711320e-02  3.32729183e-02 -8.42054561e-02
 -1.04196459e-01  4.53353226e-02  7.59473741e-02 -3.42805572e-02
 -1.14766866e-01 -4.46485505e-02  5.54984435e-02  2.56711021e-02
  4.76810262e-02  1.06826290e-01 -7.53643736e-02 -3.09326947e-02
  9.68150888e-03 -1.25847235e-02  4.12261626e-03 -1.59870554e-02
 -7.37434551e-02  1.24869153e-01  6.03752385e-04  3.85345593e-02
 -2.98824757e-02 -2.16312241e-02  2.72105727e-02  3.83302644e-02
 -4.41416632e-03  3.73907085e-03  3.94603163e-02  1.25770317e-02
 -1.47056887e-02  7.24494364e-03  4.26131450e-02 -6.79876134e-02
 -2.96449233e-02  2.54458245e-02  9.02008340e-02 -8.17295723e-03
  6.01275191e-02  2.85400525e-02 -4.80487347e-02 -6.56936243e-02
  6.89006085e-03  1.53531600e-02 -2.42879055e-02 -7.48671964e-02
  3.06189023e-02 -2.90629100e-02 -2.76875291e-02  9.59561323e-04
  2.19395589e-02 -2.85611730e-02  5.95799312e-02 -8.66798162e-02
  5.56435511e-02 -4.92248647e-02 -2.44622305e-02  9.88593176e-02
 -3.12392414e-02 -1.58406496e-02 -7.47810975e-02 -3.75306047e-02
  2.41476614e-02 -6.26342446e-02 -1.60550661e-02 -6.61217049e-02
  1.70283448e-02 -7.01643974e-02  2.83997529e-03 -8.71464983e-02
  5.11557609e-03 -1.55661516e-02  6.57468149e-03  1.54787700e-33
 -6.87368214e-02 -2.29679625e-02  1.11260228e-01 -6.44630054e-03
 -2.22681719e-03  1.54820932e-02 -7.85485934e-03  3.74650918e-02
  2.51297131e-02 -4.83293384e-02 -3.49558815e-02 -3.08584943e-02
  9.83612891e-03  5.27380630e-02  5.41744791e-02  4.33374234e-02
 -8.79632235e-02 -2.66546495e-02 -5.36271371e-02  4.25302833e-02
  3.54638211e-02  2.41940171e-02  1.57518908e-02 -1.17189344e-02
  6.04469702e-02  2.88235373e-03  1.99836176e-02  9.56265405e-02
  2.05572229e-03  4.55979072e-03 -3.03268488e-02  1.08493278e-02
 -9.99538675e-02  4.64173108e-02 -5.45816384e-02 -3.85342352e-02
 -2.13337038e-02  9.77484975e-03  4.60132249e-02  7.13816136e-02
  3.20695005e-02  3.81699554e-03 -4.52665761e-02  3.98168527e-02
  6.02473170e-02 -3.42404991e-02 -2.73222197e-02 -6.97134212e-02
 -8.89280364e-02 -7.04873577e-02  1.26163021e-01  3.93405929e-03
 -2.38195583e-02 -5.35168238e-02  8.59636664e-02  3.07931621e-02
 -2.74433438e-02  9.01799500e-02  5.30712828e-02 -7.31308432e-03
  7.79288188e-02 -7.90961236e-02 -1.38093308e-02 -1.41013311e-02
 -1.65131614e-02  3.12215779e-02  3.56042385e-02  1.31713320e-02
 -5.12513779e-02 -8.61967579e-02  9.23581421e-02 -9.63255856e-03
 -2.91066114e-02 -6.12298883e-02 -5.83298272e-03 -4.18079086e-02
  3.74440774e-02  5.07283285e-02  8.08606967e-02  1.74652729e-02
 -2.98141595e-02 -3.44543606e-02 -1.52537199e-02  1.19314175e-02
 -1.11938845e-02 -5.76617494e-02  2.68358011e-02 -4.18969169e-02
 -1.98148098e-02 -1.97980814e-02  8.08430687e-02  6.75005047e-03
 -5.07110730e-02  8.65386501e-02 -4.96840179e-02 -8.67254845e-34
  1.76417246e-03  1.59678590e-02  1.05416151e-02  1.94102514e-03
 -2.55690441e-02 -2.24046838e-02  9.45618451e-02 -1.17620021e-01
  5.68876602e-02 -2.13365201e-02  1.16768396e-02  6.92751352e-03
  1.42271556e-02  5.51141836e-02 -8.11109617e-02 -6.58842549e-02
 -5.74363070e-03  1.51633995e-03 -1.46275103e-01 -1.78502481e-02
  9.34785046e-03 -2.81279311e-02  7.21881315e-02 -6.11969270e-02
  1.49293281e-02  5.50153218e-02 -1.00512631e-01  7.99469799e-02
  9.19395611e-02  6.94035292e-02  2.06424724e-02  8.85313749e-02
  1.10249624e-01 -1.48945702e-02 -6.36085719e-02 -5.51220141e-02
  4.19559740e-02  3.05911503e-03  6.23334348e-02 -7.49050453e-02
 -3.51930819e-02  3.35006118e-02 -5.13121188e-02  3.43909836e-04
  1.32907450e-01  1.07491106e-01  6.86590895e-02  3.05512967e-03
  2.99249613e-03  7.61021897e-02  5.11666574e-03 -7.07599102e-03
  1.41063042e-03 -2.17310358e-02 -1.94537605e-03 -6.39945343e-02
 -1.70347635e-02 -7.35673383e-02 -1.80762587e-03 -2.78045069e-02
 -3.97738293e-02  1.93697009e-02  4.82863262e-02  1.06719462e-02
 -5.89105207e-03  1.22901246e-01 -6.90074579e-04  4.80214097e-02
  1.06923759e-01 -7.27057829e-02  3.15202177e-02  1.48834626e-03
  2.12727394e-02 -4.40462679e-02 -3.48359235e-02  9.82530564e-02
  5.73310293e-02  7.29642585e-02  2.73439121e-02  1.32993972e-02
 -3.42716612e-02 -1.21076778e-02 -8.79531493e-04  1.48300035e-03
 -1.73341972e-03 -4.50975634e-02 -2.97002830e-02 -1.21863641e-01
 -7.16651604e-02  7.11285472e-02 -7.31367245e-02 -2.83747409e-02
  4.21906151e-02  6.71300218e-02  2.23510452e-02 -2.81798158e-08
  5.60670123e-02 -4.25247997e-02  2.05526445e-02  3.80527764e-03
 -1.16387038e-02 -3.74793001e-02 -3.36533897e-02 -1.90089121e-02
  5.61278574e-02  5.54969441e-03 -1.26645686e-02  2.22541988e-02
 -2.09578779e-02 -5.33619560e-02  3.22998241e-02  2.82526240e-02
 -2.77907290e-02 -4.06024978e-02 -2.67534703e-02 -1.00607034e-02
  6.13178015e-02 -7.60601321e-03 -2.21289266e-02  7.44943172e-02
  3.36715616e-02  1.76206399e-02 -1.72178838e-02 -5.96795082e-02
 -1.78604759e-02 -5.43032922e-02 -5.08420728e-02 -1.24828042e-02
 -1.19695887e-02 -3.62203037e-03  2.42336979e-03 -1.06694060e-04
 -1.85317732e-02  6.68002963e-02  8.66798684e-02  4.35950793e-02
  3.85581180e-02 -9.52808410e-02  7.09683001e-02 -1.13727283e-02
 -4.32924964e-02  1.96041744e-02 -2.28325333e-02  6.11253753e-02
 -9.54254996e-03  3.96987936e-03  4.58112955e-02 -4.17853147e-02
  3.79830636e-02 -6.13313317e-02 -3.76585089e-02  8.58653039e-02
 -9.12369136e-03 -2.10172087e-02  7.44493976e-02 -6.48924634e-02
 -1.10522155e-02 -1.42867221e-02  6.45224974e-02  6.83822706e-02]"
What are the challenges in TB control and eradication?,"Challenges in TB control include the emergence of drug-resistant strains, lack of access to quality healthcare in high-burden countries, the need for better diagnostics and vaccines, and the interplay of TB with diseases like HIV/AIDS.","TB control faces challenges like drug-resistant strains, limited healthcare access in high-burden areas, the need for improved diagnostics and vaccines, and its interaction with diseases like HIV/AIDS.","What are the challenges in TB control and eradication? Challenges in TB control include the emergence of drug-resistant strains, lack of access to quality healthcare in high-burden countries, the need for better diagnostics and vaccines, and the interplay of TB with diseases like HIV/AIDS.","[-8.08673285e-05  1.35971364e-02  1.79826450e-02 -2.59513650e-02
  1.92218125e-02  1.28558710e-01 -5.11872172e-02  2.71418467e-02
 -8.42764676e-02  4.74928133e-02 -4.10195403e-02  1.65932847e-03
  9.67229083e-02  3.71288545e-02 -3.99642624e-02  1.78628769e-02
 -4.87421267e-02 -7.83600956e-02 -2.69730985e-02  1.29350666e-02
 -5.05641736e-02  9.45398286e-02  3.19296718e-02  2.01188115e-04
 -1.43115357e-01 -7.52143934e-02  3.16573679e-02 -4.82110381e-02
 -2.86747925e-02 -3.98088880e-02  8.70854966e-03  1.43606123e-02
 -2.11957563e-02  1.69895738e-02 -8.61228406e-02 -7.50571564e-02
 -2.37167217e-02 -3.42487544e-02  8.30530897e-02 -7.28687793e-02
  2.32116994e-03 -1.36477098e-01 -1.34003177e-01 -3.45980711e-02
  3.40259559e-02 -3.02142929e-02 -4.43390235e-02  6.71456708e-03
 -6.00138456e-02 -7.68718347e-02  4.85576279e-02 -7.33608082e-02
 -6.57013338e-03  2.89771426e-02 -1.51409581e-03 -1.71850875e-01
 -2.32015420e-02  4.41093519e-02  2.93674916e-02 -1.48016009e-02
 -2.75581125e-02 -1.23072797e-02 -1.75981168e-02  2.27820277e-02
  7.71740451e-02  6.67854548e-02 -4.95741814e-02  3.80512066e-02
 -9.56039224e-03  8.42568278e-02  1.43212350e-02 -1.01599703e-02
 -1.48704229e-02  5.25425002e-02  4.42624129e-02 -5.91204464e-02
 -6.41187504e-02  4.30630371e-02  2.41922271e-02  7.94059485e-02
  9.30280760e-02 -6.73501268e-02  4.61910143e-02  3.35779302e-02
  5.51937986e-03 -2.78748292e-02 -3.08238585e-02 -3.17941941e-02
 -4.37953131e-05 -9.75383166e-03  3.51682492e-02  3.15636359e-02
  7.94705376e-02  1.22716539e-02  1.98330302e-02 -2.37548240e-02
  7.94594660e-02  1.44782560e-02 -2.67240871e-02 -3.43668684e-02
  8.85490153e-04 -2.12542135e-02 -2.59400681e-02  4.93767299e-03
 -1.14268521e-02 -4.37797569e-02  2.76346244e-02 -1.15568519e-01
  1.04132714e-02 -6.88428357e-02  1.24370772e-02  9.05610900e-03
  3.99270058e-02 -5.37236594e-02 -1.17165106e-03 -5.42552508e-02
  8.94317552e-02 -8.50809738e-02  7.03305530e-04 -2.17064489e-02
 -2.11993176e-02 -9.72227380e-02 -1.89885104e-04 -3.21288332e-02
  9.91779729e-04  3.36753502e-02 -2.49827895e-02 -1.23602138e-33
 -5.15696257e-02 -5.24982251e-02 -4.64063662e-04 -6.13792334e-03
  3.43880914e-02 -9.84961819e-03 -1.24314250e-02 -1.68673061e-02
 -5.74330129e-02 -7.23609095e-03 -3.04194689e-02 -3.85674983e-02
 -4.83504459e-02 -1.23256575e-02  8.37050974e-02 -6.19443767e-02
 -9.48375277e-03  3.68727446e-02 -6.13780320e-03  8.76530707e-02
  7.89061829e-04 -1.60341077e-02  3.79763916e-02  5.54318391e-02
 -6.55031297e-03  3.22978795e-02  8.18242226e-03 -4.75627109e-02
  7.01602027e-02  2.71575991e-03  1.02653643e-02  3.57868485e-02
 -5.70204407e-02  2.28704307e-02 -6.60468042e-02  3.68096270e-02
 -1.77743211e-02  3.88334654e-02  4.70897630e-02  4.91061360e-02
 -5.94674656e-03  1.81869976e-02 -4.25437093e-02  2.71125534e-03
  8.93840194e-02 -8.04949924e-03  8.05163160e-02 -7.35317692e-02
 -1.52453691e-01 -3.93449292e-02  2.98057795e-02  4.83799279e-02
 -8.08031410e-02 -3.03887706e-02  1.12508021e-01 -4.96111577e-03
 -6.56301752e-02  3.75681720e-03  5.80629986e-03  4.96810339e-02
  1.32758513e-01 -9.46244299e-02 -2.50124210e-03 -3.30863032e-03
  9.41925403e-03  1.53904911e-02 -1.70287304e-02 -3.28376368e-02
 -6.31480440e-02 -6.16711518e-03 -2.34090742e-02 -6.74389526e-02
 -4.30799685e-02 -1.38910720e-02  1.00238003e-01  2.60932539e-02
  1.21441223e-02 -1.33029269e-02 -1.05826063e-02 -7.78910704e-03
 -6.05714545e-02  3.45036611e-02 -7.86771346e-03 -1.60163771e-02
 -8.14995822e-03 -6.38313293e-02  1.91334076e-02 -4.50798459e-02
 -5.39199635e-02 -2.58875564e-02  5.95660210e-02  1.31301256e-02
 -3.29130888e-02  7.52435997e-02  1.12197421e-01 -9.44909904e-38
  1.01269171e-01  1.21315653e-02 -1.05590232e-01 -1.61156058e-02
  2.86241751e-02 -4.86390945e-03  1.04783531e-02 -3.18224132e-02
  4.70025949e-02 -1.70225240e-02 -1.98577326e-02  1.55446781e-02
  1.16816703e-02  5.53629734e-02 -7.88995698e-02 -6.00305237e-02
  1.72047839e-02 -2.46759672e-02 -8.42650756e-02  1.01946155e-02
 -3.45339775e-02 -2.23929696e-02  6.07219711e-03 -6.28066584e-02
 -8.25693831e-02  7.93298483e-02 -8.09471831e-02  9.36451554e-03
  8.43880549e-02  2.26048082e-02 -9.00098979e-02  7.71118477e-02
  5.73549531e-02  2.10074559e-02 -9.46196541e-02 -1.02230562e-02
  7.92612061e-02 -5.02022281e-02  8.59413967e-02 -5.44179790e-02
  5.99442348e-02  1.96614116e-02 -7.72034377e-02 -4.50071134e-03
  8.85640308e-02  6.74388111e-02 -8.65826663e-03  5.82638606e-02
  3.29913311e-02 -1.94104351e-02  8.40922073e-02  1.35855926e-02
  2.03962456e-02 -2.55905911e-02 -1.64553113e-02 -5.37735000e-02
 -4.27520126e-02 -3.82142663e-02  8.39392841e-02  2.70143170e-02
 -4.35808524e-02  9.70155522e-02 -3.96079160e-02  1.22604787e-01
  2.76288837e-02  5.06497957e-02  4.36411239e-02  1.01729803e-01
  5.82244396e-02 -3.74340601e-02  6.96824817e-03 -3.81925106e-02
 -1.77935567e-02  2.50645503e-02  7.31930658e-02  2.38020662e-02
 -1.16637625e-01  5.33891097e-02  7.07209110e-02  9.00506508e-03
  1.21471900e-02 -1.72693785e-02 -5.83437458e-03 -1.27881737e-02
 -2.51408331e-02  3.68203633e-02 -3.29328515e-03 -3.12009454e-02
 -1.18866265e-02  2.24618148e-02 -8.18641782e-02 -1.08105987e-01
 -7.78635368e-02  8.39343444e-02  2.55807992e-02 -3.34800632e-08
  2.19336208e-02 -3.80332172e-02  4.08685841e-02 -4.39959578e-02
  2.01121364e-02  5.02284318e-02  1.61235258e-02  4.88496609e-02
  7.75352642e-02  9.34048221e-02  9.45864059e-03  5.02998754e-02
 -9.37113073e-04 -2.10538041e-03  3.28791663e-02  7.62467086e-02
 -1.00824060e-02  6.53505092e-03 -1.46148652e-02 -4.25877348e-02
 -9.94754024e-03  5.95205128e-02  1.75857209e-02  1.49138458e-02
 -2.04044431e-02  2.96739284e-02  1.66558027e-02 -3.81813641e-03
 -2.57766340e-02  2.69874446e-02 -5.54510765e-02 -1.21758869e-02
  5.77950403e-02  3.74621563e-02 -5.25681414e-02 -3.46797146e-02
 -4.46289256e-02  2.42420584e-02  8.35239515e-02 -1.52637297e-02
 -2.94914207e-05  5.34093119e-02  6.42383425e-03 -6.54182062e-02
 -6.08329289e-02 -6.99188467e-03 -3.42592336e-02  1.22171916e-01
 -1.26905404e-02 -6.99713826e-02  4.42368723e-02  7.17556663e-03
  6.19971901e-02  3.71296890e-02 -1.80980023e-02  5.38483821e-02
  4.48925644e-02  6.06357958e-03 -2.82126274e-02  8.13836139e-03
  4.73910980e-02  9.64135677e-03  4.03615385e-02  9.07066651e-03]"
What is extrapulmonary TB and how is it treated?,"Extrapulmonary TB occurs when tuberculosis affects organs other than the lungs, such as the lymph nodes, spine, or kidneys. The symptoms and diagnosis can be different from pulmonary TB. Treatment is similar to pulmonary TB but may require a longer duration of medication.","Extrapulmonary TB affects organs outside the lungs. While treatment is similar to pulmonary TB, it often requires a longer course of medication.","What is extrapulmonary TB and how is it treated? Extrapulmonary TB occurs when tuberculosis affects organs other than the lungs, such as the lymph nodes, spine, or kidneys. The symptoms and diagnosis can be different from pulmonary TB. Treatment is similar to pulmonary TB but may require a longer duration of medication.","[ 6.42416924e-02 -4.18742970e-02  5.10363989e-02 -1.76738389e-02
 -1.65830739e-02 -2.37923078e-02 -6.23952709e-02  6.11253083e-02
 -6.89079612e-02  4.97705210e-03  2.88362540e-02 -5.95917599e-03
  7.59705603e-02  1.78961095e-03 -5.02941781e-04  1.80610828e-03
  1.73254241e-03 -8.91098380e-03 -6.04593344e-02  3.72578017e-02
 -3.00845932e-02  1.06780134e-01 -5.02241701e-02 -3.55609767e-02
 -3.89371589e-02 -2.11435817e-02 -1.27041247e-02 -2.27075182e-02
 -2.85907555e-03 -2.67895833e-02 -1.43289473e-02  3.33480723e-02
 -1.10297777e-01  1.20253740e-02 -2.52196416e-02 -2.35633068e-02
 -1.08516015e-01  8.63073170e-02  1.33038557e-03 -5.48111238e-02
  6.61980035e-03 -7.96637163e-02 -3.97877209e-02 -4.53226306e-02
 -3.47215170e-03  1.50944684e-02 -1.05655506e-01 -1.69801787e-02
 -1.34879220e-02  1.74317062e-02  2.98376419e-02 -3.71658280e-02
 -2.26110145e-02  1.31419063e-01 -7.89820123e-03 -1.04565896e-01
 -3.24974693e-02  7.63585791e-02  4.64032590e-02 -7.86729231e-02
 -2.98506580e-02 -1.98642910e-02  1.00727417e-01 -2.65748724e-02
  9.05304402e-02  3.55557799e-02 -2.88831126e-02 -7.85944611e-03
 -1.63077712e-02 -1.63656771e-02  1.25007972e-01 -6.13180213e-02
 -2.05391888e-02  8.38725418e-02  2.55640689e-02 -7.24533945e-02
 -5.24763688e-02  6.45638967e-04 -5.75456433e-02  1.15842357e-01
  4.31005098e-02  2.63239979e-03 -1.29136415e-02 -3.72237042e-02
 -5.24532143e-03 -2.42004011e-04 -5.37168384e-02  1.89987349e-03
 -9.04226974e-02  3.37526873e-02  3.36069949e-02 -1.34067740e-02
 -2.06547547e-02 -5.62038571e-02  2.07877439e-02 -7.32176006e-02
  4.93354816e-03  3.64248315e-03 -7.84160383e-03 -6.31055459e-02
 -2.92164623e-04 -3.39625478e-02 -4.09766808e-02  2.12573614e-02
  1.22623108e-02 -1.47881266e-02 -1.25695681e-02 -8.37470368e-02
 -3.78314289e-04 -9.33293253e-02  1.12203863e-02  4.79344130e-02
  1.11175729e-02 -7.72248805e-02  3.65961120e-02  5.83164357e-02
  5.92350401e-02 -5.61305881e-02 -8.03076103e-02 -3.18264775e-02
  3.77287455e-02 -9.08354074e-02  2.91021746e-02 -5.71802482e-02
  3.54096554e-02 -3.33392732e-02 -6.44544736e-02 -1.66363858e-33
 -1.71931356e-03 -4.66086194e-02  1.68772768e-02 -3.66967693e-02
  1.12578250e-01  9.40236598e-02  8.37277845e-02 -4.18245159e-02
 -1.24821318e-02 -7.68194795e-02  2.06327457e-02 -4.73813480e-03
  1.98625606e-02  5.37144318e-02 -7.04117715e-02  7.71319214e-03
 -7.83186853e-02  4.74678911e-02  9.39256884e-03  5.10426983e-02
  8.80808383e-02  1.55993933e-02 -1.55548658e-02  7.31089562e-02
  3.25825938e-04  2.16248794e-03 -2.84024123e-02 -1.77123395e-04
  5.00706248e-02  2.30353288e-02  4.10322510e-02  8.58723596e-02
 -7.10432380e-02  6.63900673e-02 -6.77982196e-02 -3.08904070e-02
  2.93714292e-02  3.36123109e-02  2.29171682e-02 -1.47067977e-03
  7.58108590e-03  6.98269578e-04 -6.23779483e-02  1.96323115e-02
  4.48871292e-02  4.20026667e-03  6.41128514e-03 -8.36612284e-02
 -3.12866941e-02 -6.08081259e-02  8.97539556e-02 -5.32268472e-02
 -3.12953517e-02 -3.62749361e-02  6.99312016e-02  4.39497642e-02
 -5.34539632e-02 -5.04334550e-03  2.12234128e-02  1.53811183e-02
  1.45020336e-01 -4.26044837e-02  2.93804370e-02  3.77417319e-02
 -1.49783809e-02 -2.40670685e-02 -5.80526069e-02 -4.13327031e-02
  3.13142650e-02 -7.45657533e-02 -3.86892371e-02 -5.93302511e-02
  4.27301824e-02  5.17420359e-02  2.90811490e-02  8.87392554e-03
 -9.67092216e-02 -2.03739777e-02  1.56359635e-02 -1.35968570e-02
  1.15958685e-02 -1.51833976e-02  2.33260132e-02  6.21502567e-03
  2.51725577e-02 -4.58333176e-03 -6.19372651e-02 -3.76455002e-02
 -1.32988803e-02 -4.38544936e-02  8.59491453e-02 -1.57024991e-02
 -1.45454422e-01  4.50405106e-02  3.67940143e-02 -1.89081609e-33
  1.00948252e-01 -1.44210188e-02 -2.03209161e-03  2.35178247e-02
  3.54702286e-02 -2.65863519e-02 -3.04173622e-02 -3.11130118e-02
  5.56549169e-02 -3.32883522e-02 -6.18987679e-02 -2.11837515e-02
 -3.46090049e-02  8.94507319e-02 -3.17741930e-02  6.72893180e-03
  1.88568030e-02 -2.17047129e-02 -3.70106064e-02 -2.45048273e-02
  3.29534896e-03 -1.17714420e-01  8.86473283e-02 -4.88509685e-02
 -1.70023106e-02  8.28044955e-03 -9.41205472e-02 -7.14934692e-02
  1.02160841e-01  7.70629570e-03 -5.62743209e-02  9.64407995e-02
  6.94359541e-02 -4.51193787e-02 -5.40095149e-03 -8.57190136e-03
  1.73060764e-02 -4.39876541e-02  3.32243219e-02 -1.18250109e-01
  4.25569015e-03 -2.50247978e-02 -1.92109253e-02 -3.26224267e-02
  6.08920641e-02 -8.44948087e-03  2.10448224e-02 -1.94582790e-02
 -2.28006145e-04 -3.84356268e-02  8.93834829e-02  5.51837590e-03
  3.75254974e-02  6.70164675e-02  1.30121168e-02 -3.37725691e-02
 -4.77532782e-02  3.00779883e-02  3.08504757e-02 -4.23739739e-02
 -1.73298642e-02  5.42300865e-02 -5.51375262e-02 -2.75862180e-02
  1.72742195e-02  1.19123951e-01  1.64996572e-02 -4.73195538e-02
  8.16162750e-02 -5.06860837e-02 -2.78922040e-02 -6.92557245e-02
 -4.64783013e-02  7.16093779e-02  1.09068394e-01  1.19878491e-02
 -5.89515567e-02  1.15774209e-02  7.41380304e-02  2.52922792e-02
 -3.51408795e-02  2.86810640e-02  4.08927910e-02  3.42255384e-02
 -4.47464958e-02 -4.52152751e-02  5.89577295e-02  7.37907887e-02
 -1.24384716e-01 -6.84344620e-02 -5.11694467e-03  5.56909293e-03
 -7.59204701e-02  6.08256310e-02  8.61614347e-02 -3.97020905e-08
  3.15058306e-02 -4.09268178e-02  1.88713067e-03 -6.84809452e-03
  1.50361480e-02 -6.67604655e-02  7.20569417e-02  1.01990297e-01
  8.31612274e-02 -1.93389244e-02 -2.87319086e-02  5.18643716e-03
  8.44747052e-02 -7.22035617e-02  1.00147970e-01 -8.64495710e-03
 -1.06373662e-02 -5.44498153e-02 -1.52466679e-02 -5.26753766e-03
  1.44089460e-02 -1.49301086e-02  7.16510564e-02  1.33822523e-02
 -3.12248189e-02  4.73431237e-02 -1.17653022e-02 -4.95932400e-02
 -2.93944199e-02 -8.14877078e-03 -2.56769788e-02 -3.34492922e-02
 -2.27630567e-02 -5.54524288e-02 -7.41606727e-02  3.35674956e-02
  3.42870429e-02 -6.05289266e-02  1.87336486e-02  6.77992925e-02
 -1.50615396e-02 -3.34261395e-02  7.74789378e-02 -1.01051489e-02
  2.44381372e-02 -4.14134786e-02 -1.93736665e-02 -1.63523629e-02
 -9.92319826e-03 -6.90432414e-02  6.73455000e-02 -3.10367066e-02
  6.13511205e-02  1.25905452e-02 -6.17214218e-02  1.02703042e-01
  1.93754304e-02  4.24246378e-02  4.92677353e-02  7.35320300e-02
 -1.17373932e-03  4.22512665e-02  6.80129007e-02  4.91104163e-02]"
How does TB affect pregnancy and childbirth?,"TB can have serious implications during pregnancy and childbirth, including increased risk of miscarriage, preterm birth, and low birth weight. Pregnant women with TB need carefully managed treatment to control the infection and minimize risks to the baby.",TB in pregnancy increases risks like miscarriage and preterm birth. Managing TB in pregnant women requires careful treatment to control the infection and protect the baby,"How does TB affect pregnancy and childbirth? TB can have serious implications during pregnancy and childbirth, including increased risk of miscarriage, preterm birth, and low birth weight. Pregnant women with TB need carefully managed treatment to control the infection and minimize risks to the baby.","[ 4.32482101e-02  4.36492637e-02  1.64561085e-02 -1.38419890e-03
  7.18722790e-02  7.70653561e-02 -4.53348830e-02  5.97999170e-02
 -6.52275607e-02  7.36990124e-02 -6.34072050e-02  2.65495237e-02
  5.34755141e-02 -1.64164193e-02 -3.19005223e-03  5.90127967e-02
  3.73112783e-02 -2.25187298e-02  2.58531049e-02  1.98402777e-04
 -5.68368807e-02  2.89688129e-02  2.49187518e-02 -1.07682310e-02
 -7.51337782e-03 -5.82939945e-02  6.54699700e-03  4.88577187e-02
  5.30415634e-03  1.37315225e-02 -5.57414964e-02  1.37525313e-02
 -7.36302584e-02 -6.64118081e-02 -1.36342049e-01  2.09164619e-03
 -4.36007157e-02  5.36194034e-02  1.01010308e-01 -3.16422917e-02
  1.79873779e-02 -1.28578255e-02 -6.95240647e-02  3.26030590e-02
  4.04091999e-02  1.06246991e-03  7.50327623e-03 -2.89880373e-02
 -8.73603150e-02 -8.79234169e-03  1.61091555e-02 -1.99508797e-02
 -2.90944632e-02  6.13701306e-02 -1.39381946e-03 -9.32529494e-02
 -7.51439407e-02  6.57049182e-04 -1.68997180e-02 -7.84103349e-02
 -7.59867281e-02 -3.10308468e-02  7.31373876e-02 -3.50895450e-02
  9.37638730e-02  1.44190952e-01 -1.61049850e-02 -1.45023763e-02
 -6.74164854e-03 -6.19821660e-02  1.00831017e-01  1.47345699e-02
  1.84612982e-02  1.04297154e-01  3.73137780e-02 -5.22231534e-02
 -5.43635786e-02  5.75375669e-02 -3.77614312e-02  5.21676838e-02
 -3.77731933e-03  5.74832149e-02 -5.08640334e-02  1.61675946e-03
 -4.25290279e-02  6.69829994e-02  3.31158489e-02 -7.31495321e-02
 -4.89213765e-02  6.61561871e-03  5.95747791e-02 -5.13780154e-02
  4.96721901e-02  5.08302636e-02 -4.46233712e-02 -6.09987006e-02
 -2.28418112e-02 -3.60851362e-02 -3.38074490e-02 -6.56100586e-02
 -1.16056958e-02  2.27285754e-02 -6.66078553e-02  8.61626565e-02
 -4.54337746e-02  1.78764872e-02 -6.21850081e-02 -1.08497895e-01
 -5.63297458e-02  5.55302110e-03 -4.05105669e-03 -1.65498089e-02
  2.18222011e-03  6.50261203e-03 -3.47717106e-02 -2.44232062e-02
  7.15868920e-02 -1.72913149e-02 -2.50488017e-02 -2.31413376e-02
 -2.43588183e-02 -2.76517440e-02 -1.59853492e-02  5.63507667e-03
 -5.48016839e-02 -1.11078195e-01 -3.06355245e-02  1.96458442e-33
 -2.79968977e-03 -1.31412223e-01  7.75260553e-02  7.67689496e-02
  1.21512428e-01  6.75560758e-02 -2.31386255e-02 -5.18654548e-02
  7.49483034e-02 -1.04550188e-02 -7.41017237e-02 -3.17082144e-02
  5.87929487e-02 -7.47162923e-02 -7.94915389e-03  1.05139926e-01
 -6.64850473e-02 -2.21706345e-03 -1.83762554e-02  1.53304711e-01
  9.32693109e-03 -1.58085003e-02 -3.25395018e-02 -1.97704555e-03
  6.80574030e-03 -2.08361242e-02  1.00355716e-02  3.50025333e-02
 -1.57429266e-03  3.95250646e-03 -7.61612952e-02 -6.16943240e-02
 -1.00337481e-02 -7.94327855e-02 -8.24130774e-02  5.21688275e-02
 -7.17527866e-02  1.91500634e-02 -8.06283392e-03  4.87980358e-02
 -5.72476052e-02  3.13527696e-02 -3.76748703e-02  2.96182539e-02
 -6.82993152e-04  5.26279490e-03  8.48533809e-02 -5.13368733e-02
 -4.61416952e-02 -6.98414296e-02  6.38788193e-02 -8.65370333e-02
 -4.75969166e-02  6.23883530e-02  6.34011626e-02  7.60089383e-02
 -3.11774071e-02 -1.71906799e-02  2.17261370e-02 -9.06158611e-03
  9.26538464e-03 -1.37100652e-01  1.79925747e-03 -3.12109068e-02
 -1.78721361e-02  2.89511681e-03  3.05242203e-02 -4.64668870e-03
 -3.07676289e-02 -5.14584482e-02 -4.60103564e-02 -2.27451269e-02
 -8.31446517e-03 -3.30153890e-02  9.53107234e-03  9.10546184e-02
  1.68265812e-02 -2.35441327e-02  7.91776553e-02 -4.54501435e-02
  1.02109397e-02  6.92348415e-03  9.67301130e-02 -2.64861584e-02
  7.06368778e-03  1.66004822e-02  2.64634029e-03  2.37396508e-02
  1.04023973e-02 -3.19395363e-02  9.83127654e-02  4.79477607e-02
 -3.48362811e-02  4.06625941e-02  6.66413605e-02 -1.61702087e-33
 -2.20062025e-03 -1.30946143e-03 -7.47806057e-02 -4.46076989e-02
 -2.92042196e-02 -3.40675265e-02  5.06202020e-02 -8.19016919e-02
  2.01758128e-02  2.20272392e-02  2.40929308e-04 -1.61635634e-02
 -4.58910391e-02  3.90052274e-02 -2.73009297e-03 -5.06149651e-03
  5.74794784e-02  2.90627126e-02 -4.13340926e-02  2.84221172e-02
 -4.95855659e-02 -4.26349118e-02 -9.07316897e-03 -1.17686488e-01
 -1.81313918e-03  5.16700409e-02 -5.19361086e-02  5.67779839e-02
  6.91605955e-02  2.39219777e-02 -6.15608841e-02  8.57371166e-02
  5.47463633e-02 -6.60642656e-03  1.74432192e-02 -2.87540928e-02
 -3.50091532e-02  3.23737152e-02  1.23058058e-01 -1.07554056e-01
  3.65862027e-02  5.54853678e-02  1.13745756e-03 -4.45307977e-02
  1.61406491e-02  3.17214429e-02  5.17038107e-02  3.90231870e-02
  1.79883149e-02  2.88837850e-02  5.01991287e-02 -4.63973209e-02
 -3.69563885e-02 -9.31414124e-03 -1.56345256e-02 -3.26054431e-02
  4.79563996e-02 -1.02090212e-02  1.04849763e-01  1.64722819e-02
 -8.36457834e-02  8.01063627e-02 -2.51585934e-02  1.77971516e-02
 -7.81072006e-02  2.41683703e-02  2.98080649e-02 -3.64440517e-03
  8.71777385e-02 -1.75633337e-02 -9.34126042e-03 -3.67520899e-02
  4.69609462e-02  2.78528444e-02  3.84729691e-02 -4.50772457e-02
 -2.27019917e-02  1.21370181e-01  3.88242118e-02  9.61696804e-02
 -3.93515378e-02  3.36311944e-02  4.00897377e-04 -4.48169969e-02
 -2.85740141e-02 -2.26525795e-02  1.98722933e-03  1.94088556e-02
 -7.00231344e-02  8.74679815e-03 -2.29338259e-02 -8.00514035e-03
 -6.34097904e-02  1.47514073e-02  6.95042089e-02 -3.15828395e-08
 -4.88804327e-03  7.08825700e-03  1.70627199e-02  1.45399924e-02
 -2.32224762e-02 -1.14293605e-01  4.71757948e-02  6.98304698e-02
  1.20784258e-02  2.05951221e-02 -5.16397096e-02  5.87754361e-02
 -2.90525462e-02  5.03288731e-02 -2.21471041e-02  1.78637192e-01
 -4.29346301e-02 -3.95129435e-02 -2.65274756e-02 -3.84714790e-02
  3.86212254e-03  1.91614870e-02  5.92725016e-02  7.72142112e-02
 -1.46688400e-02  4.85351980e-02  4.33152243e-02  1.63194910e-02
 -2.15811916e-02 -8.78862198e-03 -1.41149703e-02 -1.53818158e-02
  7.29419813e-02 -2.02683602e-02 -4.15225290e-02 -9.62602906e-03
 -1.65115502e-02  1.64059550e-02  9.98572260e-02  5.88965565e-02
  1.59443822e-02 -2.27164328e-02  8.04567039e-02 -1.54566206e-02
 -1.42371352e-03 -8.37566778e-02 -1.15541210e-02  6.21911846e-02
 -6.88864291e-02 -2.30266023e-02  5.46260811e-02 -3.46178934e-02
 -4.49443795e-03  2.08278447e-02  1.23778302e-02  9.59430560e-02
 -2.32565701e-02 -3.56129184e-02  2.11661458e-02  2.98264176e-02
 -5.60092740e-02 -2.65834555e-02  9.19459760e-02 -1.94443408e-02]"
Can TB cause long-term lung damage?,"TB can cause scarring in the lungs, leading to long-term respiratory problems even after the infection is cured. This can result in reduced lung function, chronic cough, and breathing difficulties, necessitating ongoing respiratory care and monitoring.","TB can lead to lung scarring, causing long-term respiratory issues such as reduced lung function and chronic cough, even after cure.","Can TB cause long-term lung damage? TB can cause scarring in the lungs, leading to long-term respiratory problems even after the infection is cured. This can result in reduced lung function, chronic cough, and breathing difficulties, necessitating ongoing respiratory care and monitoring.","[ 4.96079847e-02  5.33780605e-02  7.74381086e-02  2.67748665e-02
  5.54753505e-02  7.09761828e-02 -5.35404198e-02  3.92791033e-02
 -7.73038790e-02  3.58222462e-02 -9.37497020e-02  9.30421427e-02
  1.11307129e-01  5.92642389e-02 -6.17074268e-03  5.14026545e-02
 -1.03671961e-01  1.63416881e-02 -5.77616468e-02 -2.21033432e-02
 -1.87232047e-02  1.36506528e-01 -4.39355150e-02 -2.70966869e-02
  3.99916340e-03 -9.37970504e-02  1.40751414e-02 -5.13464287e-02
  2.19911300e-02  9.86055657e-03  6.93717692e-03 -7.44456099e-03
 -4.90376577e-02  3.07779703e-02 -2.01060697e-02 -3.21300216e-02
 -8.73257592e-02  2.67260559e-02  8.19680654e-03 -4.87676598e-02
 -2.05436274e-02 -1.80005040e-02 -6.28209785e-02 -2.14414131e-02
  1.28396600e-02 -3.04708611e-02  3.97223793e-02 -2.84398999e-02
  3.45576880e-03  2.90237051e-02  3.54120182e-03  1.52056548e-03
 -1.42766461e-02  4.87676673e-02 -1.02890395e-02 -8.16250592e-02
 -1.49377882e-01  6.32645041e-02 -2.07221787e-02  1.20908590e-02
 -1.22474283e-01 -2.76453942e-02  8.65764767e-02 -1.66311786e-02
  6.95338100e-02  6.77188560e-02 -3.71025763e-02 -4.31484096e-02
  1.89505592e-02  8.11645314e-02  4.82194163e-02 -7.96041563e-02
 -9.21401381e-02  2.33877208e-02 -1.11629730e-02  1.73546262e-02
 -8.82804841e-02 -4.29770835e-02 -2.18533929e-02  8.07680488e-02
  4.27921303e-02  8.57566576e-03  1.77031346e-02  1.73133556e-02
 -1.34955635e-02  5.43510206e-02  2.70975307e-02 -3.31427529e-02
 -1.20623052e-01  2.01800466e-02  8.30889791e-02 -5.49554043e-02
  7.59666413e-02  9.21162143e-02 -5.52647039e-02 -7.76254311e-02
  6.92791417e-02  2.06837095e-02 -6.52364120e-02 -7.19865784e-02
 -4.04923111e-02 -4.70961593e-02 -5.53936288e-02  2.32401071e-03
 -2.88882274e-02 -9.99853108e-03  2.75449753e-02 -1.41341597e-01
  1.14142317e-02  1.40726687e-02  3.95339690e-02  9.19861794e-02
  6.02795230e-03 -7.28072003e-02 -8.17551184e-03 -1.06108757e-02
 -8.35144985e-03 -6.78382590e-02 -2.08065212e-02 -2.57610753e-02
  1.84786655e-02 -9.25706849e-02 -1.76390950e-02  1.83349736e-02
 -5.78157976e-03 -2.12381538e-02  2.47879848e-02 -2.72850514e-34
 -2.65344651e-03 -3.57220322e-02  1.24942726e-02 -1.32244471e-02
  1.14900373e-01 -1.81905068e-02  3.07519417e-02 -2.06476133e-02
 -6.87807286e-03  5.74523211e-03 -2.62418035e-02  5.26132807e-03
  3.95569168e-02 -5.19449450e-02 -7.01327855e-03  1.07826330e-01
 -6.19862080e-02  9.61515121e-03 -3.11033819e-02  3.46443802e-02
 -4.26209159e-02 -3.72454487e-02  2.34321244e-02  1.15468157e-02
 -2.46042665e-02 -3.63732725e-02  6.30149692e-02  1.02295540e-02
 -1.99247357e-02 -2.10334826e-03 -2.31036507e-02  6.65292516e-02
 -7.85566196e-02  1.92831140e-02 -6.78111240e-02  3.98581475e-02
 -2.40975376e-02  7.88077787e-02  2.85777412e-02  7.04866275e-02
  1.92841720e-02  1.66704468e-02 -3.86570133e-02  6.47994354e-02
  4.57609296e-02 -4.24076840e-02  5.43132797e-03  8.69079551e-04
 -1.31517857e-01 -4.75722402e-02 -9.13006836e-04 -4.58849519e-02
 -3.68156806e-02  4.45032045e-02  6.86259791e-02  3.82490382e-02
  5.44971079e-02 -2.84773204e-02  3.76292691e-02 -5.18634843e-05
  6.83823302e-02 -8.34115818e-02  4.98548476e-03  6.07179217e-02
 -3.01370136e-02  6.71292767e-02  1.05378209e-02  1.14027169e-02
 -1.67327304e-03 -4.64041308e-02  2.52904855e-02 -5.50767444e-02
  1.06614241e-02 -6.75590187e-02  3.61462608e-02  2.66833394e-03
 -5.52460477e-02  6.27140328e-02  1.47056831e-02  3.42807248e-02
  4.52206656e-02 -6.65695406e-04  1.39091806e-02 -1.88963786e-02
  1.65972617e-02 -2.73914114e-02  1.34976320e-02 -7.12858438e-02
 -1.53630534e-02 -4.01301198e-02  8.58469531e-02 -8.66234116e-03
 -3.17978151e-02  5.39571084e-02 -1.11883553e-02 -4.01214910e-34
  4.31382284e-02 -2.86916345e-02 -4.70789783e-02 -6.27219751e-02
  3.95004451e-03 -5.05931377e-02 -4.11533155e-02  5.85171655e-02
  1.08349947e-02 -3.77485044e-02  7.04801129e-03 -3.86372805e-02
 -7.61626512e-02  8.81686732e-02 -8.24012421e-03 -4.83268313e-02
  4.59990762e-02 -5.23668043e-02 -1.13667727e-01 -1.56736001e-02
 -5.89850824e-03 -8.40680525e-02 -4.25819606e-02 -3.32672447e-02
 -6.21236600e-02  5.14273830e-02 -5.80091067e-02  8.24329443e-04
  1.05457723e-01  1.94257114e-03  1.29785845e-02  9.00824293e-02
  4.79490906e-02 -3.85945383e-03 -4.18997258e-02 -2.16260552e-02
  6.10276051e-02 -5.98615855e-02  1.01643480e-01 -8.23849365e-02
  7.22783208e-02  7.51866167e-03  2.77729370e-02 -5.64765893e-02
  1.44193783e-01 -3.79054397e-02  3.31802629e-02 -5.12342900e-02
  3.08979414e-02 -1.72156952e-02  8.26760232e-02  1.85511485e-02
  2.88279168e-02 -2.62915790e-02  4.78833579e-02 -5.30868433e-02
 -5.46214245e-02  1.34579767e-03  7.80542847e-03 -2.39474829e-02
 -2.65150890e-02  7.42074177e-02  3.08145559e-03  4.46009776e-03
 -9.35440138e-03  9.79183912e-02 -1.12373917e-03 -1.05747813e-03
  1.21066988e-01 -1.78916622e-02 -3.33906487e-02 -3.88290994e-02
 -6.09663054e-02  4.99024279e-02  2.34318841e-02  2.98231710e-02
 -6.21021912e-02  9.07462388e-02  2.83939745e-02  6.75595850e-02
 -1.18471496e-01  4.51440737e-03 -1.15573984e-02 -9.96704493e-03
  8.35707225e-03 -2.42162924e-02 -7.81192118e-03  3.89178842e-02
 -5.32238707e-02  1.53281149e-02 -1.69246960e-02 -2.51774117e-02
 -9.27423462e-02  4.45205793e-02  4.46716286e-02 -2.96806082e-08
 -6.52637258e-02  1.93588305e-02 -2.24823542e-02  2.93429289e-02
 -4.73271944e-02 -5.48137315e-02  7.70756230e-02  8.19842517e-02
  8.27559680e-02  3.23870741e-02  2.73080040e-02  3.43353041e-02
  2.93531548e-02 -3.99480052e-02 -2.18987074e-02  1.01338856e-01
 -5.05718887e-02 -7.68832937e-02  3.21543552e-02 -2.89567243e-02
  1.99178495e-02  1.61900818e-02  3.60197648e-02  8.89428183e-02
 -9.29354429e-02  1.97285321e-02  1.27498889e-02  3.05328332e-02
 -5.44964895e-02  3.08587868e-02 -9.48032066e-02 -7.60341436e-03
  1.72785688e-02 -9.33455210e-03 -3.76121402e-02 -7.71855712e-02
  4.41738777e-02 -1.59590431e-02  8.85516703e-02  7.71452114e-02
  7.09244935e-03  1.39153237e-02  6.66809976e-02  1.00777829e-02
 -1.75568536e-02 -3.68865654e-02  5.91828814e-03 -6.99947122e-03
 -2.30994467e-02 -6.47696480e-02  8.21224004e-02  2.53391359e-02
  3.77407670e-03 -2.69582588e-02 -7.95392618e-02  8.90130550e-02
 -1.34335626e-02  8.13586544e-03  3.96780111e-02 -7.40194693e-03
 -3.94904502e-02 -4.22865376e-02  3.46461572e-02  3.66294719e-02]"
What is the significance of TB in HIV co-infection?,".TB is a leading cause of death among people with HIV, due to the weakened immune system caused by HIV. The co-infection is more complicated to treat, as it requires managing both HIV and TB, often with a complex regimen of medications.","In HIV co-infection, TB is particularly dangerous and a leading cause of death. Treatment is complex, requiring simultaneous management of both HIV and TB.","What is the significance of TB in HIV co-infection? .TB is a leading cause of death among people with HIV, due to the weakened immune system caused by HIV. The co-infection is more complicated to treat, as it requires managing both HIV and TB, often with a complex regimen of medications.","[ 5.39236628e-02  6.51917979e-02 -1.04207902e-04 -9.26997438e-02
  9.76547524e-02  4.78589237e-02  2.72961836e-02  8.92516598e-02
 -2.27814540e-03  5.01678213e-02 -8.14732835e-02 -1.09312767e-02
  5.92631288e-02  1.92888025e-02 -3.91015373e-02 -3.19931097e-02
 -7.24857152e-02 -6.76875859e-02 -5.54854125e-02  1.91882364e-02
 -7.10202381e-02  6.80684224e-02  6.06877729e-02 -4.63024639e-02
 -8.25375468e-02 -4.11461020e-04  3.18529457e-02 -2.11039837e-02
  2.43972838e-02  7.09176213e-02 -4.53268327e-02  1.96842849e-02
 -7.55154416e-02  2.09667627e-03 -1.29829764e-01  4.89720423e-03
 -6.79875761e-02 -4.72434834e-02  1.14330724e-01 -2.09558252e-02
  2.88913660e-02  3.29855867e-02 -1.98991969e-02  5.51675037e-02
  4.46908064e-02  9.19311121e-03 -5.37030399e-03  5.47997765e-02
 -3.37222591e-02 -2.64748950e-02  2.07940936e-02 -4.08685580e-02
 -6.31761774e-02  3.84659730e-02 -3.26529667e-02 -5.30047156e-02
 -6.80553317e-02  5.43445675e-03 -1.02681927e-02 -1.81768695e-03
 -2.79604122e-02  4.06197272e-02  1.03484750e-01  5.43284789e-03
  6.30855635e-02  3.07944156e-02  7.89606106e-03  1.97979175e-02
 -3.52000929e-02  5.11259884e-02  2.74252482e-02 -2.99218148e-02
 -1.05540216e-01  9.64787304e-02 -6.42857924e-02 -3.74117084e-02
 -1.12563796e-01 -1.38828447e-02 -4.79413420e-02  8.55392814e-02
  7.06972480e-02  2.70120557e-02  2.37582959e-02 -4.24929038e-02
 -2.94044334e-02  1.56267900e-02  1.33091658e-02 -6.57380596e-02
 -6.33507445e-02  1.91557445e-02 -1.92278705e-03  5.15815616e-02
  3.91409658e-02  2.79412046e-02  6.55422406e-03 -1.97165683e-02
  4.32482176e-02  8.28567520e-02 -2.16069799e-02 -3.98432948e-02
 -6.64414018e-02 -3.18395458e-02 -3.60888280e-02  3.62032987e-02
  2.79192384e-02 -5.66335116e-03  5.44714509e-03 -5.69364950e-02
  3.00748926e-02 -6.62063658e-02 -1.23011712e-02 -3.90465534e-03
  3.46056558e-02 -8.73784721e-02  3.11219227e-02  2.14209128e-02
  2.14647241e-02 -3.50846387e-02 -2.90568359e-03 -3.73947946e-03
  5.41586801e-02 -6.42197654e-02 -1.13892788e-02 -3.66694145e-02
  1.55157726e-02 -1.55759295e-02  3.94972079e-02 -2.82053992e-33
 -2.50944756e-02 -1.04286894e-01  4.09557484e-02  5.14793023e-02
  9.69834924e-02 -2.27981564e-02  4.29941788e-02 -3.15869600e-02
 -1.76542383e-02  1.90516394e-02 -4.87583466e-02 -7.48885423e-02
  4.16005291e-02 -1.77547745e-02 -7.09245428e-02  5.44466265e-02
 -3.54091674e-02 -1.83033906e-02 -3.01754568e-02  7.26278499e-02
  3.40118222e-02  3.83689813e-02  6.54817224e-02  3.80131789e-02
 -4.56366800e-02  2.47212332e-02 -2.98984628e-02  3.04220952e-02
 -3.01215518e-03 -3.27558517e-02  2.42368579e-02  9.02885944e-02
 -2.62545478e-02 -7.08014444e-02 -5.33795245e-02  1.03568891e-02
 -3.32775079e-02 -1.92766171e-02  2.99308151e-02  4.48285043e-02
  3.05807441e-02 -3.05168573e-02 -8.33435655e-02 -3.90388677e-03
  3.31583619e-02  3.19648795e-02  7.17078662e-03 -2.63331365e-02
 -7.49523416e-02 -4.77113985e-02  2.83565708e-02 -1.87780187e-02
 -9.30646881e-02  6.33267090e-02 -4.99005103e-03  7.18873963e-02
 -1.17160259e-02  8.56064558e-02  7.71368993e-03 -1.56968404e-02
  7.88669917e-04 -1.03604354e-01  1.15522664e-04  5.78177385e-02
 -3.83925252e-02 -2.37334426e-02 -3.65019008e-03 -5.83332889e-02
  2.28498559e-02 -1.35166971e-02  9.60315485e-03 -5.32109998e-02
 -5.81026636e-02 -6.49189726e-02  8.05706605e-02  3.56154442e-02
 -4.66272086e-02 -5.60131520e-02  9.87297967e-02  1.44031551e-02
 -2.03876905e-02  1.79185718e-02  3.79944332e-02 -7.73767084e-02
 -7.37751946e-02  3.87688093e-02 -1.79404002e-02 -8.20698664e-02
 -6.41274452e-02 -1.07294098e-02  8.62470716e-02  2.66153086e-02
 -8.66216123e-02  3.68327647e-02  5.52159781e-03 -1.09183378e-33
  5.40639497e-02 -5.53334085e-03 -2.48557925e-02 -4.75803949e-02
 -1.83778629e-02  1.38065536e-02  1.71651896e-02 -1.81832209e-01
  2.67125107e-02  4.05359790e-02  3.77197005e-02 -3.52507159e-02
 -5.79786152e-02  1.22401990e-01 -8.82758977e-05 -4.60391268e-02
  4.76675667e-02  1.45266112e-02 -3.83038074e-02  5.97446412e-02
  7.41402386e-03 -6.36880845e-03 -4.96770144e-02 -1.14969797e-01
 -1.57884285e-02  2.85945628e-02 -8.27941075e-02 -4.65137418e-03
  8.08195919e-02 -1.80830024e-02 -9.25290585e-03  9.37635377e-02
  9.07965600e-02 -6.20313101e-02 -6.22508079e-02  2.99846679e-02
  7.55596831e-02 -7.20390752e-02  4.85228300e-02 -9.85950157e-02
  1.12258159e-01 -2.02036779e-02 -2.05578897e-02 -7.18347132e-02
  7.17322826e-02 -4.42685857e-02  3.51601616e-02  8.81654173e-02
  4.03244384e-02  8.80878593e-04  3.08230724e-02  2.04561166e-02
 -5.34641836e-03 -7.08559947e-03  3.03933527e-02 -3.45727950e-02
 -7.32358471e-02 -3.69385374e-03  6.16373271e-02 -3.43583077e-02
 -3.08705624e-02  6.92996904e-02  1.75754149e-02  1.34997338e-01
  5.42095155e-02  4.68367822e-02 -2.35637259e-02  8.72770604e-03
  1.24229290e-01 -6.45596310e-02 -4.29975167e-02  1.29194176e-02
 -5.95979579e-02  8.61675385e-03 -3.94084640e-02 -3.08544748e-02
 -1.06788568e-01  2.73456648e-02  1.93821229e-02  2.92497315e-02
 -6.21242486e-02 -1.79827157e-02  3.12830992e-02  6.64911121e-02
 -7.03334361e-02  1.25882374e-02 -1.76061001e-02  2.65298430e-02
 -5.55902421e-02  3.73314321e-02 -1.08360492e-01 -7.43213668e-02
 -1.02320082e-01 -2.57182657e-03 -1.77832823e-02 -3.74173119e-08
 -3.95788113e-03  5.52352406e-02 -8.60020751e-04 -1.59646943e-02
 -1.04556447e-02  8.89032613e-03  1.33226858e-03  8.37397352e-02
  1.03106074e-01  8.99253562e-02 -6.74777245e-03 -3.07818837e-02
 -2.52165347e-02  2.86850170e-03  4.17982340e-02  4.02629226e-02
 -9.50397030e-02 -6.47101030e-02 -1.62770953e-02 -6.40803054e-02
 -1.94793046e-02 -3.12418230e-02  1.79231111e-02  5.83073609e-02
 -1.99884754e-02  5.50494157e-02  3.54933217e-02  6.22485429e-02
 -3.38435136e-02 -4.54936326e-02 -6.03354611e-02 -4.22250666e-02
  6.63666055e-02  4.55722399e-03  1.07257273e-02 -2.54413905e-03
  2.50024721e-02  2.49473862e-02  1.00877322e-01 -4.75693382e-02
 -2.37629581e-02 -3.04880776e-02  3.77408043e-02 -3.77267809e-03
  3.20849605e-02  1.36212315e-02  2.87848618e-02  3.07957530e-02
 -2.13751625e-02 -4.70377207e-02  4.25650217e-02 -3.06448434e-02
 -2.41941493e-02  9.42542497e-03 -4.32767868e-02  3.26886885e-02
 -3.40735242e-02  6.22665770e-02  6.07403507e-03 -5.59406504e-02
 -1.17528252e-02  3.01395506e-02  1.02221936e-01 -3.64100449e-02]"
How does alcohol use affect TB treatment and recovery?,"Alcohol use can negatively impact TB treatment and recovery. It can interfere with the effectiveness of TB medications, increase the risk of liver toxicity, and exacerbate TB symptoms. Reducing alcohol intake is advised for effective TB treatment",,"How does alcohol use affect TB treatment and recovery? Alcohol use can negatively impact TB treatment and recovery. It can interfere with the effectiveness of TB medications, increase the risk of liver toxicity, and exacerbate TB symptoms. Reducing alcohol intake is advised for effective TB treatment","[ 6.56851083e-02 -4.72909026e-03  4.38976102e-02 -1.34503143e-02
  5.75377904e-02  8.72189328e-02  1.43298216e-03  2.32267994e-02
 -7.39224553e-02 -7.12471306e-02 -3.40736844e-02  8.02953020e-02
  8.75077769e-03  7.32590780e-02  2.30732299e-02  4.52331230e-02
  4.31957543e-02  1.69736091e-02  1.71092944e-03 -1.38932336e-02
 -4.34885472e-02  2.63113063e-02  4.95135784e-02  2.30794353e-03
 -4.57233079e-02 -2.18144730e-02 -3.46891768e-02  4.78590019e-02
  2.42834669e-02 -2.87502557e-02  2.03920119e-02  6.86338842e-02
 -5.75774126e-02 -2.93440055e-02 -8.68474245e-02 -1.55035080e-02
 -9.72397998e-02  6.18414581e-02  1.36185503e-02 -3.32956947e-02
  2.68731061e-02 -1.91192403e-02 -5.30989133e-02  3.63344550e-02
 -3.43724573e-03 -3.77257876e-02 -4.71779443e-02  4.34294902e-02
 -2.84420680e-02  5.70375845e-03  4.03931141e-02 -6.13144180e-03
  1.67301577e-02 -1.46298846e-02  7.33660534e-02  1.01003693e-02
  2.48247180e-02  5.50840236e-02  1.05211567e-02  3.53057608e-02
 -4.82437424e-02 -1.43241147e-02  5.13438806e-02 -6.11515343e-03
  8.47572833e-02  5.66981733e-02 -5.80395013e-02 -2.08220724e-02
 -3.78708206e-02 -3.57934125e-02 -8.30877293e-03 -7.22192153e-02
  7.62541741e-02  8.85354634e-03 -3.26238126e-02 -7.25939572e-02
 -8.25722367e-02  7.24948570e-02 -4.59240675e-02  7.65999109e-02
 -3.46408002e-02 -2.72709206e-02  4.59966715e-03  1.71643384e-02
 -7.00994283e-02  1.30316895e-02 -7.25989342e-02 -1.19312577e-01
 -7.01065734e-02  1.02041207e-01  3.45725603e-02  1.48172565e-02
  4.59004752e-02 -7.51901045e-02  2.10718568e-02 -7.62640405e-03
  4.29509282e-02 -5.74374921e-04 -4.28194627e-02 -6.04151264e-02
  3.67534682e-02  8.27829093e-02 -3.48585881e-02 -8.21750611e-02
 -4.36562710e-02 -2.60129329e-02  1.25044389e-02 -3.78031954e-02
  9.56828427e-03 -7.30106561e-03  1.96311586e-02  4.74075340e-02
  2.23616604e-02 -1.96904857e-02 -2.11198833e-02  4.62375470e-02
  2.70949025e-02 -4.37778793e-02 -5.62496819e-02 -1.59817748e-02
 -3.27801295e-02 -5.72889671e-02  1.01429813e-01  1.17735416e-02
 -4.89328727e-02  2.90806424e-02  2.05245018e-02 -6.71573468e-34
 -4.89430428e-02 -1.20366745e-01 -6.43831939e-02  1.40934233e-02
  1.50336176e-01 -9.51129496e-02  2.53743939e-02 -3.66888456e-02
  3.41072232e-02 -7.57625178e-02 -1.24391383e-02 -2.04713456e-02
  2.15750616e-02  4.91068652e-03 -9.83398687e-03  6.29497245e-02
  1.57999173e-02  2.64003072e-02 -4.65535447e-02  8.30711499e-02
 -1.83991194e-02 -4.66379151e-02 -1.60670802e-02  1.28818244e-01
 -5.95631171e-03 -1.76546350e-02  3.57213318e-02  7.12446794e-02
  5.59362816e-03 -1.23156523e-02 -4.56223600e-02  8.90181661e-02
 -4.12693284e-02 -5.96162453e-02 -1.33645069e-02  6.36371002e-02
  2.10610535e-02  2.73726676e-02 -1.13371797e-02  2.49710656e-03
  4.49337922e-02  9.16508064e-02  1.16894124e-02  2.25839633e-02
  3.99250835e-02  8.00640322e-03  1.12260059e-02 -1.41073233e-02
 -5.88322766e-02 -7.28384452e-03  6.95007443e-02 -2.65814550e-02
 -3.05136926e-02 -1.71278632e-04  2.90977936e-02  5.73019050e-02
 -3.84854935e-02  3.72231826e-02  2.65338086e-02 -7.08572799e-03
  4.28255126e-02 -1.17432632e-01  4.76186397e-03 -2.50678211e-02
  3.02357227e-02  6.42691031e-02  2.29189149e-03 -7.51337484e-02
 -9.37045589e-02 -1.05637603e-01 -4.86882925e-02  1.33132795e-02
  1.92899853e-02  3.21443658e-03  4.45987023e-02  3.77097242e-02
 -2.15134751e-02 -4.40119393e-02  5.85178249e-02 -2.62167994e-02
 -1.19292112e-02 -3.89883555e-02 -4.34907060e-03 -5.36937639e-02
  5.46141490e-02 -1.74293574e-02 -7.49201886e-03 -8.79902318e-02
  1.88691299e-02 -7.69662187e-02  9.67927724e-02  4.35189484e-03
 -5.87878339e-02  6.34861067e-02  5.41524142e-02 -1.05214284e-33
  3.19196954e-02 -1.85537916e-02 -5.70819117e-02 -7.83132985e-02
  2.52170209e-02 -3.61206420e-02  1.41724469e-02 -7.73484036e-02
  7.94737935e-02 -6.18450269e-02 -4.91269454e-02  1.93958282e-02
 -1.09352924e-01  1.81983858e-02 -8.69180188e-02 -5.14402166e-02
  1.09826466e-02 -1.67153347e-02 -1.09667093e-01  5.15229208e-03
  2.82007791e-02 -1.30773615e-02  7.83947110e-02 -7.08101839e-02
 -4.37978432e-02  3.75311300e-02 -6.08380847e-02 -2.07108594e-02
  7.85278156e-02  2.13674866e-02  4.12208997e-02  4.18596193e-02
  5.00666946e-02  2.22042482e-02 -5.25639243e-02 -3.21539398e-03
 -2.90805358e-03 -6.63014874e-02 -8.83755647e-03 -9.99439210e-02
  8.28139931e-02  3.86855230e-02 -8.69625211e-02 -7.75400922e-02
  7.70397112e-02  1.81040335e-02 -1.33652939e-02 -2.96564549e-02
 -7.12615205e-03 -4.03148122e-02  9.59251747e-02 -2.04646327e-02
  3.19589227e-02  2.60489602e-02  3.19682024e-02 -7.52721727e-02
  4.63276990e-02 -6.27056360e-02 -3.69528458e-02 -1.45647814e-02
 -1.35491535e-01  1.43445492e-01  2.25197943e-03  6.74207807e-02
 -3.04790530e-02 -2.07936876e-02 -3.24557163e-02  6.20510615e-02
  6.33329153e-02 -5.01220338e-02  2.70347483e-02 -2.22738162e-02
  1.51325092e-02  1.18422493e-01  1.33308275e-02  2.85766274e-03
 -7.44304955e-02  6.29293397e-02 -3.25391628e-02  7.94661641e-02
 -8.39033723e-02  7.59141520e-02 -4.66333069e-02 -1.42589556e-02
 -6.11514784e-03 -2.84682959e-02  4.87609617e-02  2.31057666e-02
 -9.51576903e-02  2.20988318e-02 -7.82185793e-03 -3.12066227e-02
 -7.98790827e-02  3.29152867e-02  2.87620462e-02 -2.50198635e-08
 -5.81974015e-02 -3.69040295e-03  5.89195341e-02  1.18992493e-01
 -4.59535383e-02 -5.36667705e-02  2.81446911e-02  8.60817730e-02
 -8.40316620e-03 -2.88276598e-02  1.68362993e-03  6.46483004e-02
 -8.91638361e-03 -2.74749845e-02  3.51084833e-04  8.58081356e-02
  2.09670626e-02 -5.49205206e-02 -1.95684154e-02 -3.95260900e-02
 -2.96426490e-02  8.72916367e-04  7.68968016e-02  1.14457980e-01
 -2.88753249e-02  4.04300913e-02  7.85394944e-03  7.49699250e-02
 -4.16471735e-02 -3.75717245e-02 -4.93790768e-02  3.25472769e-03
  3.27849835e-02  2.10170709e-02  1.52418669e-02 -5.41585684e-02
  1.49681233e-02 -4.76122797e-02  1.07206330e-01  9.34951603e-02
 -4.06607278e-02 -2.62649227e-02  4.38238382e-02 -2.00496297e-02
 -3.00839357e-02  4.17528255e-03 -9.09257680e-03  3.80090415e-03
 -4.09458280e-02 -3.64966616e-02  1.02015935e-01  6.93820417e-02
 -9.40246321e-03  1.61052383e-02 -3.75058912e-02  9.51167196e-02
 -1.66281071e-02 -3.77076818e-03  1.31724477e-02 -5.67855202e-02
  2.32335255e-02  1.93406139e-02  7.50318170e-02 -1.14665302e-02]"
What is cholera?,Cholera is an acute diarrheal illness caused by infection of the intestine with the Vibrio cholerae bacterium. It can range from mild to severe and is transmitted by ingesting contaminated food or water.,"Cholera is a bacterial infection that leads to intense diarrheal disease, contracted through contaminated sources.",What is cholera? Cholera is an acute diarrheal illness caused by infection of the intestine with the Vibrio cholerae bacterium. It can range from mild to severe and is transmitted by ingesting contaminated food or water.,"[ 5.14308969e-03 -2.63083912e-02  7.71945491e-02 -1.37511976e-02
  2.54595317e-02 -4.28604670e-02  3.81830148e-02  4.92747501e-02
  2.36642212e-02 -1.49607779e-02 -3.35979536e-02 -4.14451510e-02
  5.57761118e-02  5.68339042e-02 -3.63253057e-02 -7.11526796e-02
 -3.98347788e-02 -4.11985368e-02 -2.96343472e-02  5.05244210e-02
  6.29212931e-02  3.12207192e-02 -3.96201126e-02 -1.80708542e-02
 -7.26793185e-02 -1.82357011e-03  7.58107454e-02 -5.43725863e-02
 -5.21528535e-03  1.57872066e-02 -3.96502204e-02 -6.54115006e-02
  4.29854169e-02  2.95950752e-02  1.56822894e-02 -3.56430151e-02
  3.43137756e-02 -3.47792506e-02 -3.79448682e-02  3.04029435e-02
 -2.37744544e-02 -4.27714251e-02  3.26066278e-02 -5.37381396e-02
  3.57799120e-02  2.55357823e-03 -5.59409941e-03  5.03885970e-02
 -1.91340165e-03 -5.68280928e-02 -1.15271090e-02 -7.23067031e-04
 -2.19948310e-02  8.98392685e-03  4.02921401e-02  4.74784942e-03
  2.66231671e-02 -1.04824618e-01 -3.45289931e-02 -9.98266563e-02
  3.51333469e-02  3.31567153e-02  5.78052439e-02 -3.08943894e-02
 -8.40252340e-02 -4.97363433e-02  4.43575010e-02  9.23708156e-02
  1.52011933e-02  2.05300730e-02 -2.93318518e-02 -3.57991345e-02
  6.92967884e-03  9.19274911e-02  5.23838066e-02 -1.32570583e-02
  1.93315279e-02  5.90560324e-02  6.74339291e-03  6.82607247e-03
  9.40636620e-02  4.01124498e-03  1.04201458e-01  2.69787442e-02
  3.32889073e-02 -6.34251814e-03  2.93759499e-02  2.25102138e-02
  5.18315881e-02 -2.73268688e-02 -3.01327538e-02 -9.73370969e-02
  5.92675284e-02 -1.65343133e-03 -7.22261705e-03 -2.87989601e-02
  3.06530185e-02 -9.87358168e-02  6.97293356e-02 -5.09117991e-02
 -4.40287739e-02  1.10098319e-02  1.53768389e-02  3.26614119e-02
  3.78878415e-02  2.14984547e-02 -5.47380000e-03  3.64507623e-02
  3.04562449e-02 -3.70735414e-02 -3.38725708e-02  6.06613494e-02
  4.36288416e-02 -1.26348168e-03  3.05626891e-04  1.96211804e-02
 -3.29512171e-02 -2.95002628e-02 -4.13990729e-02  1.16601869e-01
  6.53668679e-03 -7.45942891e-02 -8.60036910e-02  4.33077104e-02
 -1.90653130e-02  1.59076806e-02 -1.20791094e-02  7.07278834e-34
 -5.79200126e-02 -1.45605067e-03  1.17164059e-02 -5.40923178e-02
  9.66454819e-02  5.11120586e-03 -1.79312080e-02 -4.08898070e-02
  6.23369170e-03 -3.28658447e-02  1.18781403e-02 -1.04286514e-01
  1.52135557e-02  1.35342419e-01 -4.63198088e-02  1.09754622e-01
 -8.40496272e-02 -4.58414890e-02 -7.85725415e-02  7.69471982e-03
  8.73099566e-02  1.29104229e-02  4.00304329e-03 -4.06160206e-02
 -3.05605996e-02  6.25819853e-03 -1.21499218e-01  3.90123832e-03
  7.74106011e-02  5.05387876e-03  1.76737849e-02 -9.94463079e-03
  3.84422019e-02 -1.64727704e-03 -1.57402605e-02  2.20713094e-02
 -2.79404316e-02  2.07287613e-02 -7.68980980e-02  5.00946417e-02
 -2.14510113e-02  6.28668116e-03 -1.39668599e-01  4.75138314e-02
  4.85933647e-02 -4.38322723e-02 -2.92344391e-02  5.95866516e-02
  2.26433878e-03 -4.52271663e-02 -2.56891716e-02 -2.96066105e-02
 -4.02272530e-02 -6.44796640e-02 -4.27967124e-03 -2.58273818e-02
  1.38652250e-01  2.06670281e-03 -4.71888818e-02 -6.49937689e-02
  3.49040367e-02  3.05923652e-02  2.05501565e-04  4.31431597e-03
 -4.29795943e-02 -2.43739150e-02  1.40668377e-01 -4.22326401e-02
  6.28937483e-02 -3.23018581e-02 -8.32288563e-02 -1.69538297e-02
 -5.31886257e-02  6.97165132e-02 -2.60355137e-02 -9.85488072e-02
 -3.13741304e-02 -8.46839324e-02  3.88387926e-02  3.29876617e-02
 -6.91003501e-02 -1.10427834e-01  8.06381628e-02 -4.74288724e-02
 -3.31970528e-02  4.49780561e-02 -2.96076927e-02 -9.63378511e-03
 -5.36812581e-02  4.05005440e-02  7.54029229e-02  3.52377705e-02
  3.24780457e-02  6.94158301e-02  5.63329123e-02 -4.16524815e-33
 -9.62278899e-03  3.57922502e-02 -7.90030360e-02 -1.58965550e-02
  1.67227425e-02  1.48088457e-02 -1.64120719e-02  4.22106013e-02
  2.43048854e-02 -2.90535819e-02 -6.15427159e-02 -3.31357159e-02
 -3.21505554e-02  2.19139289e-02  2.50012800e-02  7.15432763e-02
  3.92011739e-03  1.91640239e-02 -7.66430423e-03 -1.40431738e-02
 -2.06207652e-02 -6.58279955e-02  3.11128385e-02 -4.30637076e-02
 -3.01845721e-03  6.03734329e-03 -1.44607034e-02  3.40629630e-02
 -8.17001686e-02  7.30231358e-03  2.57906783e-02  6.57318532e-02
  6.79025203e-02 -2.70775687e-02 -1.78534854e-02 -8.67854711e-03
 -1.63313132e-02 -6.18235655e-02  4.41541709e-02 -3.90058458e-02
  2.14415025e-02  4.03455943e-02  3.43321972e-02  2.54799444e-02
 -6.73775971e-02  4.02154848e-02 -6.27219910e-03 -3.50854248e-02
  4.35921587e-02 -3.45916599e-02 -5.30956220e-03 -3.10655758e-02
  5.72667532e-02  3.04799564e-02  1.58367921e-02 -2.75823437e-02
 -6.24776818e-02  3.80758978e-02 -3.14944237e-02  7.53044039e-02
 -1.29904039e-02  2.56437361e-02 -2.25680321e-02  4.75469343e-02
  7.35802054e-02 -2.82926355e-02  5.56988642e-03  5.67236878e-02
  3.16132046e-02 -8.08871537e-02 -4.76146536e-03  3.02179623e-02
 -2.35374421e-02  1.81949567e-02  2.42643729e-02 -3.50771807e-02
 -1.36046961e-01  5.58201708e-02  3.89254838e-03 -2.22058520e-02
 -2.19792109e-02  4.51351292e-02  2.04937458e-02 -5.24574071e-02
 -1.26691014e-01 -5.82721457e-02  3.91981900e-02  6.18105792e-02
  4.47286591e-02 -1.91764813e-03  2.47798096e-02 -7.77346790e-02
 -6.12348458e-03 -1.30076902e-02  1.12965479e-02 -3.67175268e-08
  5.02684861e-02 -1.27241850e-01 -6.21647239e-02  2.16259882e-02
  4.34165597e-02  1.84991173e-02 -4.95955572e-02  1.03156805e-01
  4.23927121e-02  3.95569950e-02 -5.73537014e-02  3.30492258e-02
 -2.91565782e-04 -3.83416265e-02  1.95083935e-02  2.46604159e-02
 -1.88744888e-02 -3.29685397e-02 -2.04428751e-02  3.59335542e-02
  8.09300393e-02 -3.59994434e-02 -2.96052359e-02  2.83521228e-02
  1.25140265e-01 -8.33111070e-03 -2.08048113e-02  1.02107460e-03
 -8.36628973e-02 -8.90323445e-02 -7.70657882e-02 -4.59999405e-02
 -6.58997968e-02  6.14202246e-02 -1.25907153e-01  7.70171061e-02
  6.61461204e-02 -1.02205478e-01 -3.74545380e-02 -1.43119827e-01
  1.24448858e-01  3.40154544e-02  7.92557746e-02 -6.69668764e-02
  3.78417782e-02  7.15580136e-02 -3.86875346e-02 -2.74687987e-02
  5.63996248e-02 -4.25503254e-02  1.52173974e-02 -3.97124030e-02
  5.77020422e-02 -4.75149322e-03 -1.10830136e-01 -3.40689607e-02
 -5.69544807e-02  7.49901682e-02  5.43804094e-02 -2.30905078e-02
  7.31058512e-03  6.04361221e-02  9.99400392e-02 -1.45707438e-02]"
How is cholera spread?,"The disease is most often spread through the consumption of water or food that has been contaminated with the Vibrio cholerae bacteria, often in areas with poor sanitation and water treatment.","Contaminated water and food are the primary vehicles for the spread of cholera, particularly in areas lacking proper sanitation.","How is cholera spread? The disease is most often spread through the consumption of water or food that has been contaminated with the Vibrio cholerae bacteria, often in areas with poor sanitation and water treatment.","[ 5.88625595e-02 -4.36768308e-02  6.18191846e-02  1.83630164e-03
  1.44483456e-02 -1.01358828e-03 -3.68491597e-02  7.59280622e-02
 -2.90764533e-02  1.10808536e-02  1.07872123e-02 -4.18526046e-02
  5.48257232e-02  5.86004518e-02  8.87185801e-03 -8.20888132e-02
 -4.42617573e-02 -6.04100823e-02 -7.40984678e-02 -4.98271594e-03
  4.87378426e-02  1.41777063e-03 -4.53785807e-02 -3.05042006e-02
 -8.71381089e-02  1.60515197e-02  5.15213534e-02 -1.02312826e-01
 -1.09595126e-02  3.28249559e-02 -2.93201338e-02 -1.39019676e-02
 -2.38442756e-02  1.58611871e-02 -5.78972027e-02 -3.77899110e-02
  8.11295677e-03 -5.10298237e-02  4.86146100e-03  1.85922664e-02
 -1.88243948e-02 -6.57358095e-02  2.28216443e-02 -6.84965849e-02
 -1.91414896e-02 -4.18824889e-03 -8.41750763e-03  7.80076832e-02
 -2.53247377e-02 -9.53540131e-02 -1.67745780e-02 -2.79487856e-02
 -2.63521113e-02  4.58537787e-02 -2.63416790e-03 -7.35132908e-03
 -1.37218367e-02 -8.40460658e-02  5.61102200e-03 -1.98407397e-02
  4.47380124e-03  5.94390184e-02  1.37176206e-02  1.55304577e-02
 -6.84144050e-02 -8.48098770e-02  7.85967410e-02  1.25766605e-01
  1.30656762e-02  2.70683635e-02  3.91629338e-03  4.32742760e-02
  4.86546865e-04  3.25265713e-02  4.61848304e-02 -4.16708402e-02
  3.48394252e-02 -1.96191873e-02  1.80964898e-02  7.82424677e-03
  6.21088967e-02 -2.98802480e-02  1.14536814e-01  2.45673303e-02
  2.42108628e-02 -1.94757667e-04  4.33672890e-02 -1.30784474e-02
  2.51343567e-03 -1.58497039e-02  9.70447343e-03 -2.90168356e-02
  3.91390137e-02 -3.60940211e-02  9.95254610e-03 -1.02856085e-02
  1.97515450e-02 -7.46341124e-02  8.62576291e-02 -4.06595655e-02
 -9.14901346e-02 -7.77968466e-02  1.93080064e-02 -6.59738481e-02
  6.86031654e-02 -9.34338383e-03 -3.60038429e-02  4.18841094e-02
  2.07666457e-02  6.09824061e-03 -2.34475303e-02  7.73771256e-02
  4.87532606e-03  1.95655879e-02  3.33496779e-02  3.44473049e-02
 -1.36161633e-02 -2.15517972e-02 -4.62098718e-02  7.90548623e-02
 -5.51109016e-03 -4.61159460e-02 -6.81849122e-02  2.32532192e-02
  2.51222048e-02  5.34840301e-02 -1.84284505e-02 -1.35289546e-33
 -9.24897268e-02 -7.73849264e-02  2.98524853e-02  2.08043363e-02
  4.96975929e-02  8.03580551e-05 -1.50438515e-03 -2.86841467e-02
  5.82283214e-02 -2.27670502e-02  6.42366102e-03 -9.18554589e-02
 -1.17658889e-02  1.38750747e-01 -5.26844263e-02  2.28500795e-02
 -9.68917087e-03 -2.52567418e-02 -9.23328400e-02  4.81806770e-02
  9.09902677e-02  9.14330594e-03  3.00293881e-02 -4.12933938e-02
 -1.24064088e-02 -9.95632354e-03 -1.10471293e-01 -2.28855223e-03
  5.49868792e-02  2.48030461e-02  2.78790575e-03 -3.35401893e-02
 -2.55370289e-02 -3.70403752e-02  1.52256656e-02  2.40552202e-02
 -4.87568490e-02  1.31619647e-02 -5.17295748e-02  4.54129241e-02
 -1.36228476e-03 -1.25963828e-02 -1.39466539e-01  2.39255466e-02
  8.13641921e-02  4.25085574e-02 -3.19673605e-02  3.43540125e-02
  7.63582438e-02 -8.22089538e-02 -1.48997512e-02 -3.73943225e-02
 -6.52429909e-02 -5.85908331e-02  2.81483624e-02 -3.03651746e-02
  8.70727375e-02 -4.96791750e-02 -1.07070236e-02  1.37589565e-02
  4.57183607e-02 -1.61081236e-02 -4.08981415e-03 -9.94742615e-04
  1.79803576e-02 -8.35482217e-03  1.18025996e-01 -1.37853213e-02
  1.18320249e-02 -2.46869307e-02 -7.92801604e-02  3.30495909e-02
 -1.05505228e-01  6.36570007e-02 -2.22423784e-02 -7.79917166e-02
 -6.21661032e-03 -1.09719159e-02  3.24380919e-02  6.96489289e-02
 -7.21466169e-02 -4.89263944e-02  3.44012305e-02 -2.99325977e-02
  9.99067724e-03  6.98246285e-02 -3.28132771e-02 -1.07877608e-02
 -7.33776093e-02  5.30698262e-02  9.52845514e-02 -4.77197813e-03
  4.24636528e-02  2.72197723e-02  8.19982141e-02 -1.92155141e-33
 -6.07020929e-02  1.04972094e-01 -5.01198322e-02  5.90063035e-02
  8.28665309e-03  3.11215073e-02 -1.90881900e-02  1.00555904e-02
  8.99495631e-02 -2.22803443e-03 -1.29704356e-01  3.77426408e-02
 -1.79403853e-02  8.33569560e-03 -3.95466685e-02  6.91803470e-02
  8.53159130e-02 -7.05806818e-03 -4.66397963e-02 -4.35497351e-02
 -8.07093531e-02 -6.78602383e-02  6.38231486e-02 -5.07968962e-02
  2.10858248e-02 -3.81924994e-02 -4.13056612e-02  7.96596706e-02
 -2.58714352e-02  5.19260671e-03 -1.13002108e-02  3.21394168e-02
  8.18718746e-02 -5.36253117e-02 -6.13512285e-02  2.81630494e-02
  1.11123896e-04 -4.90158722e-02  9.86136794e-02  2.46460587e-02
  2.95358524e-02  1.34200249e-02  1.68791916e-02  2.84014679e-02
 -8.01548511e-02  8.48011374e-02 -3.22724953e-02 -4.23559807e-02
  1.38134575e-02 -7.54095614e-03  3.87284979e-02 -5.96929900e-03
  1.59208812e-02 -1.28377264e-03  5.72681846e-03 -1.49107873e-02
 -3.40301134e-02  2.64542289e-02 -7.64639899e-02  3.73749249e-02
 -3.51367481e-02  2.77652219e-02 -2.56983601e-02 -3.12485918e-03
 -3.94458883e-03  4.82901186e-03  2.05888636e-02  3.37984636e-02
  4.69850347e-04 -8.08338225e-02 -6.26406297e-02 -1.35962628e-02
 -8.34310520e-03  1.86390430e-02 -1.54512078e-02 -4.13133837e-02
 -1.00271180e-01 -1.55580156e-02  6.96699554e-03  4.32352815e-03
  5.09869754e-02 -1.54451057e-02  9.14504938e-03 -1.10857815e-01
 -9.71567333e-02  1.61295366e-02  1.18583269e-01 -3.58024128e-02
  7.25644603e-02  5.13617508e-02 -7.21491203e-02 -8.14754814e-02
  5.70794148e-03 -3.03135104e-02  2.20703278e-02 -3.00904546e-08
  5.47501259e-02 -1.05462492e-01  5.44823892e-02  3.30429152e-02
  6.38310462e-02  4.60534990e-02  1.48716765e-02  1.28605723e-01
  2.20210869e-02  8.22816566e-02 -1.39694408e-01  6.96627498e-02
  3.72829959e-02 -3.18117999e-02  4.52273302e-02  3.16816270e-02
 -4.24705856e-02 -6.91548064e-02 -5.68427294e-02 -3.91422585e-02
  2.69568618e-02 -5.23793958e-02  3.27070840e-02  2.84998808e-02
  1.16756961e-01 -1.69710349e-03 -2.20708530e-02 -3.54118831e-02
 -6.65906221e-02 -7.76752308e-02 -2.93214265e-02 -6.12867065e-02
 -6.81456253e-02  7.14707822e-02 -6.56395555e-02  8.56667385e-02
  4.56999205e-02 -7.55804554e-02 -1.65670495e-02 -1.95139945e-02
  1.19778737e-01 -1.62096191e-02  4.95309904e-02  1.12730367e-02
  2.85857487e-02  7.76548386e-02 -1.06955813e-02  2.46748514e-02
  3.48351039e-02 -3.90684232e-02  7.03747123e-02 -3.78756188e-02
  6.65847808e-02  7.21532106e-03 -7.40059018e-02 -1.31882271e-02
 -6.13191463e-02  4.74106632e-02  6.93299770e-02 -4.00247872e-02
 -7.08068907e-02  8.12742785e-02  6.36870936e-02  5.15486188e-02]"
What are the symptoms of cholera?,"Symptoms include profuse watery diarrhea, vomiting, and leg cramps. Rapid loss of body fluids leads to dehydration and shock. Without treatment, death can occur within hours.","Initial signs of cholera are sudden onset watery diarrhea and vomiting, which can quickly lead to life-threatening dehydration.","What are the symptoms of cholera? Symptoms include profuse watery diarrhea, vomiting, and leg cramps. Rapid loss of body fluids leads to dehydration and shock. Without treatment, death can occur within hours.","[ 6.74202293e-02 -6.87557608e-02  8.45228583e-02  1.33478697e-02
  5.51440865e-02 -3.46769169e-02 -2.26545846e-03  3.43791731e-02
  1.25599019e-02 -5.44477329e-02 -4.50763516e-02 -5.34507707e-02
  8.21058154e-02  7.18697906e-02 -1.36039807e-02 -8.04699808e-02
 -7.13889748e-02 -3.63704972e-02 -4.21733595e-03  3.74135673e-02
  1.06928937e-01 -5.87658808e-02 -6.15787916e-02  7.98950903e-03
 -3.66646498e-02  3.39307450e-02  6.16801865e-02 -6.00626208e-02
 -4.23395224e-02 -3.28977779e-02 -9.56388712e-02 -4.57370058e-02
 -2.25712173e-03 -1.60668697e-02  7.32456669e-02 -3.51754948e-03
  7.14646801e-02 -3.40985507e-02 -2.96024997e-02 -2.05108207e-02
  1.12796184e-02 -5.12738451e-02  3.74864377e-02 -3.57723869e-02
  7.79816732e-02 -8.25363118e-03 -4.87148315e-02  3.23971100e-02
 -4.85052876e-02  1.19580142e-02  2.95729507e-02 -4.37022485e-02
  5.67683131e-02 -5.57480939e-02  4.80688214e-02  3.74692888e-03
  2.18376927e-02 -1.05794393e-01 -5.46294712e-02 -8.82130191e-02
 -1.89554635e-02  7.14842901e-02  2.56494936e-02 -4.05089706e-02
 -6.37051910e-02 -3.24497074e-02  5.93132079e-02  6.13623895e-02
  6.99280649e-02  7.91526213e-02 -6.78948611e-02 -5.63103594e-02
 -5.16813295e-03  2.32402398e-03  1.55753063e-04 -5.19662090e-02
  6.18486553e-02 -9.16858297e-03 -5.04589304e-02  3.24358158e-02
  6.59347102e-02 -5.49231609e-03  9.96089429e-02 -5.16118994e-03
  1.05413422e-02  2.59869322e-02  4.23906855e-02  2.61829104e-02
 -3.04945260e-02  1.46115402e-04 -8.37840140e-03 -5.06609939e-02
  4.71924581e-02 -2.07769386e-02  1.85498502e-02  3.67365666e-02
 -1.71973519e-02 -5.93557023e-02  9.87371709e-03 -4.84143831e-02
 -3.55166523e-03 -5.12324981e-02  6.15144074e-02  1.59116238e-02
  8.89379755e-02  7.66553357e-02  2.35532504e-02  4.61475402e-02
  3.07576451e-02 -4.46808636e-02 -3.07840370e-02  3.92124802e-02
  2.45065559e-02 -4.98083420e-03 -1.44538023e-02  4.00254503e-02
 -7.48910382e-02 -2.31769327e-02 -3.79083492e-02  4.74010184e-02
  1.26146451e-02 -8.55323225e-02 -2.20366828e-02  1.05466992e-02
  3.17990184e-02  8.42024386e-02 -2.77696513e-02  1.49377653e-33
  1.30370315e-02 -5.20232599e-04  6.03686785e-03 -4.12787013e-02
  9.32739526e-02  1.66743435e-02  4.72356565e-02  3.19939889e-02
  4.09915820e-02 -1.66668650e-02  3.40453349e-02 -7.85103515e-02
 -2.02414324e-03  7.23582432e-02 -9.91303697e-02  4.36119400e-02
  2.68472638e-03 -4.17615809e-02 -5.76922148e-02  2.85886712e-02
  8.09177309e-02 -1.00392196e-02 -1.72448698e-02  2.62967702e-02
  2.07202006e-02 -6.44745752e-02 -1.42906532e-01  3.47707123e-02
  8.20937939e-03  7.62151182e-03 -1.19834011e-02 -4.33261767e-02
  4.27162694e-03 -1.36059327e-02 -3.62480842e-02  5.27581992e-03
 -3.75075974e-02  7.78815374e-02 -3.10866795e-02  1.25505337e-02
  2.16193683e-02  3.79424803e-02 -1.33900747e-01  9.99069884e-02
  4.04691249e-02  6.63258741e-03  3.44796143e-02  3.82823162e-02
  8.95326957e-03 -2.88851354e-02 -7.41053227e-05 -2.02493351e-02
 -3.47307511e-02 -5.19759208e-02  3.52381356e-02  4.12557535e-02
  1.25864714e-01 -1.95619594e-02 -3.41980606e-02 -7.50448331e-02
  6.56026006e-02  4.89388034e-03 -1.89204924e-02 -2.17726808e-02
 -6.94096982e-02  2.58187223e-02  1.07670985e-01 -7.71628395e-02
  8.00927356e-02 -6.99574351e-02 -1.11832321e-01 -4.52839956e-02
 -2.63863020e-02  4.69820239e-02 -4.09054458e-02 -5.64989410e-02
 -3.56463604e-02 -1.04730748e-01 -1.46508710e-02  8.97098891e-03
  1.86405275e-02 -1.03449278e-01  9.21602249e-02 -1.21814590e-02
  2.95406580e-02  2.76186801e-02 -5.78226568e-03 -3.82705517e-02
 -3.90089527e-02  2.29443274e-02  7.40841627e-02  4.37219329e-02
  2.61345860e-02  5.31234518e-02  3.00504491e-02 -3.75628999e-33
 -6.86516287e-03  9.05082226e-02 -3.42541412e-02  1.01839555e-02
 -5.10545895e-02  8.70981347e-03 -3.12005039e-02  7.60453939e-02
  2.66364086e-02 -1.04024857e-01 -1.13600651e-02 -1.06287468e-02
 -1.31279796e-01  5.77371754e-02 -3.94065343e-02  1.18868239e-01
  5.53831607e-02  2.05277782e-02  6.25636503e-02  1.08699240e-02
 -2.86823474e-02 -6.65806681e-02 -2.52750842e-03 -2.65394524e-02
  2.86033563e-02 -4.27658157e-03  4.39736061e-02 -2.52121557e-02
 -7.48263150e-02 -3.88319418e-02  1.14934802e-01  5.07781580e-02
  9.44632515e-02  2.75012497e-02 -2.80222204e-02 -2.60462090e-02
 -3.50776315e-02 -9.10593383e-03  5.52531779e-02  2.66594719e-02
  3.76148783e-02  7.49560818e-03  2.48927604e-02 -1.38758561e-02
 -4.60630432e-02  1.24131022e-02  8.56037997e-03 -8.22283626e-02
  1.42980823e-02  1.83077380e-02  4.11016531e-02 -7.31731579e-02
  3.82809862e-02  4.65508588e-02  4.85363863e-02 -8.93569142e-02
 -1.81048997e-02  8.81046336e-03 -1.34110302e-02  3.80203500e-02
 -6.24427572e-02 -1.42284743e-02  8.80201347e-03  5.01176268e-02
  3.50306258e-02 -6.56183884e-02  1.79337699e-03  2.89795697e-02
  9.96005014e-02 -1.92178525e-02 -4.69573997e-02 -4.97421511e-02
 -1.14109151e-01  6.11365922e-02  3.03260740e-02  2.64726067e-03
 -1.57482788e-01  5.90653382e-02 -2.10619275e-03 -8.29874426e-02
 -3.43615822e-02  4.11824100e-02  4.40056920e-02 -6.11665137e-02
 -1.09465100e-01  2.50759423e-02  2.54871659e-02  1.45223411e-02
  7.00292066e-02  2.59041507e-02  5.25903106e-02 -4.92761694e-02
  1.32812383e-02  3.17907482e-02  4.09301780e-02 -3.45355531e-08
 -4.73968648e-05 -8.83528739e-02  8.91003001e-04  3.72937392e-03
 -1.14944195e-02  2.82223299e-02  1.05648153e-02  6.54324070e-02
 -1.27978893e-02  4.25636582e-02 -5.91816828e-02  7.21510723e-02
 -2.35410593e-02 -2.41503380e-02  1.52874179e-02  3.88952866e-02
  7.43469642e-03 -7.39271492e-02 -2.11761165e-02  2.13216972e-02
 -1.38889533e-02  2.10172720e-02 -7.30001926e-02  4.18075584e-02
  1.04198478e-01 -8.07732437e-03 -1.40376939e-02 -3.50079057e-03
 -8.07074234e-02 -3.90018523e-02 -7.60206729e-02 -2.11416669e-02
 -6.37231022e-02  4.70424891e-02 -4.29135449e-02  2.38200109e-02
  2.38696523e-02 -8.26609358e-02 -3.35811675e-02 -9.27029829e-03
  8.63045454e-02  1.41175510e-02  6.56664697e-03 -8.85558128e-02
  5.69444150e-02 -1.26638701e-02  4.12176289e-02 -4.04183269e-02
  4.15741839e-02 -3.89823318e-02  7.86713213e-02 -2.84949858e-02
 -1.07311960e-02  2.77799238e-02 -4.90110330e-02 -1.11789871e-02
 -6.56084716e-02  1.25135377e-01  7.50761405e-02 -5.22799194e-02
  2.65419632e-02  9.12108365e-03 -5.32460622e-02 -5.02643473e-02]"
How can cholera be treated?,"Cholera requires immediate rehydration, using oral rehydration salts or intravenous fluids. Antibiotics can also be used to shorten the duration and severity of the disease.","Rapid and adequate rehydration is the cornerstone of cholera treatment, sometimes accompanied by antibiotic therapy.","How can cholera be treated? Cholera requires immediate rehydration, using oral rehydration salts or intravenous fluids. Antibiotics can also be used to shorten the duration and severity of the disease.","[ 3.48419212e-02  1.85453501e-02  1.04830660e-01 -3.50562930e-02
 -3.13143022e-02  2.71663582e-03 -2.24235002e-02  1.32199703e-02
 -2.20482778e-02 -6.81339502e-02 -5.57491370e-02  3.87619510e-02
  2.26344187e-02  9.87884998e-02 -2.41793320e-02 -8.59998390e-02
 -2.02013515e-02  7.02591762e-02  1.64076798e-02  5.06645255e-02
  7.35333338e-02 -2.55110096e-02 -3.53814177e-02  1.44414725e-02
 -6.88782036e-02  2.06943471e-02  5.10541387e-02 -5.99440709e-02
  1.48750553e-02  1.94999930e-02  1.27193388e-02  1.50858064e-03
 -2.13074051e-02 -4.64124456e-02 -7.37444758e-02  2.63035968e-02
 -4.82580848e-02 -3.33840474e-02 -4.25879285e-02  3.65994312e-02
 -2.61409171e-02 -5.89163974e-02  1.24429222e-02 -5.08620590e-02
  5.92683889e-02 -2.87523810e-02  2.24496980e-04  3.80875133e-02
 -5.96519709e-02 -2.51892451e-02  2.84827892e-02  3.23362947e-02
 -3.61642465e-02 -3.25334724e-03  7.55796209e-02  2.48932820e-02
 -2.48512416e-03 -6.38581142e-02 -2.39086766e-02 -7.99998417e-02
  8.49908742e-04  1.45871136e-02  4.47535254e-02 -3.78812216e-02
 -1.18728705e-01 -7.29403272e-02  5.09489775e-02  5.64652830e-02
  4.65366878e-02  2.41385568e-02 -1.88832711e-02 -3.89381386e-02
  1.00914560e-01  3.82162519e-02  4.91825677e-03 -2.18604822e-02
  9.66978222e-02 -2.56025344e-02 -2.89380644e-03  9.73439775e-03
  3.78172472e-02 -6.06139041e-02  1.21327519e-01  5.77610619e-02
  3.41046527e-02  3.01914159e-02  6.10409304e-03 -4.37186584e-02
 -1.84939206e-02 -5.64889191e-03  2.15003304e-02 -2.21781302e-02
  4.89605404e-02 -3.90108749e-02  1.85177606e-02 -5.54470420e-02
  1.31522520e-02 -4.68268692e-02  1.76085159e-02 -5.02267592e-02
  8.97444785e-03 -7.04506487e-02  1.97334811e-02 -2.19848398e-02
  6.05927929e-02  1.23200072e-02  3.20898928e-02  4.25418504e-02
  1.75065119e-02 -4.21366319e-02 -7.16487989e-02  2.43531782e-02
  8.87294672e-03  3.64886411e-02 -2.22849916e-03  4.29705568e-02
 -2.67288033e-02 -3.68531272e-02 -2.19413992e-02  5.11191562e-02
  3.23296115e-02 -7.45095685e-02 -1.77397951e-02 -4.34517935e-02
  8.11483338e-02  8.69929120e-02  4.81930561e-02  1.77950043e-34
 -6.38160035e-02  1.31713012e-02  6.59233471e-03 -4.01918739e-02
  5.24240956e-02  3.68950889e-02  2.71812808e-02 -2.35608649e-02
  3.21819708e-02 -8.18137228e-02  6.75673038e-02 -5.17886616e-02
  4.00272431e-03  1.17980324e-01 -8.46062750e-02  3.32450196e-02
 -1.10573322e-02 -5.18827662e-02 -4.97316085e-02  1.89907812e-02
  1.25881895e-01 -5.78991184e-03  2.03033257e-02  4.22794791e-03
  2.56882049e-02 -8.69369954e-02 -7.76339695e-02  1.91985741e-02
  9.35897380e-02 -2.34505278e-03  1.72625501e-02  1.69263314e-02
 -3.57179940e-02  1.16925919e-03 -5.55270873e-02  3.28685483e-03
 -3.58118489e-02  6.61734492e-02 -5.42297401e-02  2.80974712e-02
 -1.75370835e-02  8.09105858e-02 -1.02402523e-01  5.48989587e-02
  7.38954842e-02 -1.07964082e-02 -4.75310721e-02  8.76662284e-02
 -1.26036154e-02 -6.24548309e-02  5.42675853e-02 -2.37946622e-02
 -7.19566345e-02 -8.73398930e-02  3.70489135e-02  1.01263728e-02
  7.01157451e-02  3.55691537e-02 -4.17849161e-02 -2.58918423e-02
  4.68028858e-02 -1.92153193e-02  8.96307640e-03  3.86486501e-02
 -1.00258337e-02  2.17854958e-02  1.33151159e-01 -5.55112734e-02
  4.15809490e-02 -1.60937980e-01 -1.08625181e-01  9.85780824e-03
 -5.51269390e-03  1.13967903e-01 -1.09945618e-01 -9.82972682e-02
  3.56962644e-02 -3.61544192e-02  1.20305018e-02  4.45964709e-02
 -2.65465360e-02 -1.12203352e-01  2.99920086e-02  1.75817888e-02
  3.63143794e-02 -4.88740765e-03 -3.50023210e-02 -1.70625988e-02
  1.10454252e-02 -3.57727781e-02  3.37052867e-02 -1.89343244e-02
 -9.52481478e-03 -4.23972635e-03  8.21712315e-02 -2.46526475e-33
  7.89176375e-02  6.10606708e-02 -6.48127915e-03  4.52811271e-02
  3.79820634e-03  3.76608968e-02 -1.69359632e-02 -5.05033918e-02
  4.36485112e-02 -9.49646160e-02 -1.20593071e-01 -1.83804557e-02
 -2.18873452e-02  9.93091241e-03 -5.11541814e-02  6.48895577e-02
 -1.44603327e-02 -1.03735598e-02 -6.69672266e-02  4.23532724e-02
 -1.61621887e-02 -2.35087238e-02  4.45760973e-02 -3.46021540e-02
  3.30877341e-02  1.12079782e-03 -6.03111414e-03 -4.67007561e-03
 -1.18152471e-02 -5.20261237e-04 -1.15247245e-03 -3.22819427e-02
  3.36585529e-02 -9.18345004e-02 -2.98153292e-02 -1.33912191e-02
  2.15827976e-03 -5.42286523e-02  1.40965274e-02  4.52210456e-02
  8.05808976e-02  5.13384538e-03  2.17109416e-02  1.99506357e-02
 -4.35938053e-02  7.02296272e-02 -4.84219901e-02 -7.89184570e-02
 -1.92572903e-02 -4.07226458e-02  1.00059416e-02 -6.91109300e-02
  2.10309159e-02  4.30170968e-02  2.27833670e-02 -1.28288746e-01
  3.37039605e-02 -2.55677290e-03  1.12061501e-02  3.52515914e-02
 -4.28388976e-02 -1.93048026e-02  9.28533543e-03  4.54662777e-02
 -1.64850671e-02 -2.65236627e-02  2.43877303e-02  6.29279539e-02
  1.89177003e-02 -1.14718176e-01 -6.20468259e-02  9.64146201e-03
  4.43054400e-02  4.97505553e-02  8.80529657e-02  1.85672771e-02
 -1.03792861e-01 -5.05308202e-03  2.34922357e-02 -8.61841813e-02
  2.83080637e-02  3.51028852e-02 -1.38001451e-02 -3.54331061e-02
 -4.86219488e-02  3.34293433e-02  9.32084918e-02 -1.38020869e-02
  4.51032072e-02 -2.11614408e-02  1.71915311e-02 -1.29955366e-01
  5.17938212e-02  6.58926219e-02  6.60102442e-02 -3.13199529e-08
  2.46339682e-02 -1.01515055e-01  2.97037717e-02  3.73582579e-02
 -1.73676654e-03  4.20775861e-02 -3.31241153e-02  1.03135720e-01
  3.97055876e-03  7.73328245e-02 -1.17562369e-01  9.44582522e-02
  7.77341202e-02 -3.74145061e-02  1.64660681e-02 -1.55361053e-02
 -1.72108170e-02 -3.02084144e-02 -6.33650646e-02  2.04243120e-02
 -1.29005769e-02 -2.20148377e-02 -7.13028433e-03  5.39444387e-02
  1.53890938e-01  9.84696113e-03  2.50154734e-02 -4.75943536e-02
 -7.26204440e-02 -5.50694801e-02 -8.87576863e-02 -3.14528868e-02
 -5.71166836e-02  5.73380804e-03 -3.46441045e-02  4.75150388e-04
  7.14801252e-02 -5.47789633e-02  2.79989690e-02 -2.13523414e-02
  7.87730440e-02  1.65835395e-02  6.78973086e-03 -5.15242703e-02
  5.89091368e-02 -8.28446914e-03 -7.77379796e-02 -2.24941187e-02
 -7.26009440e-03 -7.86271598e-03  7.86086023e-02 -4.42884229e-02
  1.07682385e-02 -1.17293615e-02 -8.45595598e-02  4.02215123e-03
 -3.43431346e-02  4.09142077e-02  3.42748649e-02 -1.67878382e-02
 -6.48843199e-02  3.64299156e-02  7.66003504e-02 -5.13101742e-02]"
How can we prevent cholera?,"Prevention of cholera involves improved sanitation and water quality, as well as education on proper hygiene practices. Oral cholera vaccines are also available.","Safe drinking water, proper waste management, and oral vaccination form the triad of cholera prevention.","How can we prevent cholera? Prevention of cholera involves improved sanitation and water quality, as well as education on proper hygiene practices. Oral cholera vaccines are also available.","[ 2.55950745e-02  4.79320996e-02  1.06130041e-01 -3.97417359e-02
 -1.50750764e-02  7.94828758e-02 -5.22927605e-02 -2.44187284e-02
 -2.28191912e-02  2.87805106e-02  8.22529290e-03  1.34747401e-02
  1.94996689e-02  5.42097650e-02 -1.58081912e-02 -6.06058501e-02
 -3.71201932e-02  6.45923764e-02 -1.92631911e-02 -1.21470336e-02
  5.23367710e-02 -7.05733290e-03  8.85698646e-02 -4.30385349e-03
 -1.66387722e-01 -1.05715664e-02  5.21101691e-02 -7.03128502e-02
 -1.47941010e-02 -2.00291071e-02  3.83490175e-02 -7.88596347e-02
 -6.89359847e-04 -5.86018376e-02 -7.01930076e-02 -1.23248445e-02
  4.23362367e-02 -5.42397471e-03 -8.94197822e-03  3.49548906e-02
 -8.58110338e-02 -9.78839472e-02 -2.62261778e-02 -7.44361579e-02
  2.71000452e-02 -3.67370248e-03 -1.85786991e-03  1.09088309e-02
 -5.91684878e-02 -6.91324770e-02  9.44399554e-03  3.07416525e-02
  4.80730273e-03 -7.42486939e-02  8.45362991e-02 -1.65605284e-02
 -3.28498334e-02 -7.18205199e-02 -5.88826723e-02 -9.34597105e-02
  8.67563952e-03  3.76059022e-03 -5.78451753e-02 -5.54831582e-04
 -1.21414289e-01 -5.52511476e-02  6.47103472e-04  1.15217760e-01
  5.18918037e-02  6.30335733e-02 -1.20490529e-02  2.75826696e-02
  4.46827114e-02  9.57450047e-02  2.30540726e-02 -5.13799302e-03
  4.62506711e-02  1.98491365e-02  7.06837997e-02  1.99213512e-02
  8.79662111e-02 -3.76851074e-02  1.81751132e-01  9.18756723e-02
  2.29155719e-02  3.29627320e-02  1.65143311e-02 -6.19739108e-02
 -5.20354919e-02 -7.28731081e-02 -1.16935857e-02 -7.92793483e-02
  6.05804212e-02  1.49648078e-02 -6.94107404e-03  7.18139857e-03
  9.07015335e-03 -2.86335815e-02  6.11326396e-02 -3.07940412e-02
  3.82563174e-02 -1.09962948e-01 -2.86540785e-03 -2.14827079e-02
  4.25594859e-02 -2.66838688e-02  2.96634831e-03 -1.25022903e-02
  7.63191432e-02 -2.44162474e-02 -3.57134268e-02  7.02915862e-02
 -5.96230626e-02  6.03559949e-02  8.09789449e-03  3.35146002e-02
  5.22222556e-03 -3.43754366e-02 -1.27441501e-02  3.38007323e-02
  3.39075327e-02 -7.47352093e-02 -5.88699989e-03 -2.24186778e-02
  8.06774646e-02  2.97326222e-02  3.06640044e-02 -6.00420382e-34
 -5.73269837e-02  3.52851860e-02  6.07095324e-02 -3.28577012e-02
  2.17603669e-02  4.34962250e-02  8.14657286e-03 -5.40659130e-02
  3.03422399e-02 -5.43906204e-02  5.97035140e-02 -7.63866529e-02
  3.31148785e-03  7.09054098e-02 -1.96485873e-03  2.18105648e-04
 -4.87326048e-02 -8.70194435e-02 -5.79578169e-02 -2.50365376e-03
  7.18519017e-02 -8.39352980e-02  5.68346679e-02 -8.61998089e-03
  2.02932600e-02 -5.92732914e-02 -4.29709069e-02  7.40414159e-03
  1.13697171e-01  3.05574574e-02 -2.62399539e-02  1.99414417e-02
 -5.51768132e-02 -6.05067192e-03 -1.57437529e-02  1.00763971e-02
 -6.24980740e-02 -2.60276459e-02 -7.78814778e-02 -1.33714592e-02
 -3.18806469e-02  3.90573181e-02 -9.33171287e-02  3.01584695e-02
  9.12806168e-02  1.32805062e-02  1.72036060e-04  2.15437915e-02
 -4.70401999e-03 -5.81211112e-02  2.61893850e-02  5.96183492e-03
 -8.74509960e-02 -9.32725370e-02  4.31393012e-02 -6.25328124e-02
  6.87304810e-02 -1.74089260e-02 -4.48316932e-02 -6.64009107e-03
  1.46009671e-02 -8.87780115e-02  7.74223683e-03  1.00675598e-02
 -1.24398693e-02  1.98542792e-02  1.47238225e-01 -8.91489685e-02
  3.43354307e-02 -9.14504975e-02 -8.63493085e-02 -2.81017814e-02
 -7.55955949e-02  6.86194152e-02 -1.02869362e-01 -7.17563108e-02
  1.10382205e-02 -9.82499961e-03  4.95063253e-02  7.42767230e-02
 -5.27185239e-02 -6.32553175e-02  2.47125775e-02 -4.45430540e-02
  7.31089339e-02 -1.74411200e-02  6.48302399e-03  1.23261111e-02
  1.08853048e-02 -5.75354043e-03  4.85495143e-02  3.10023539e-02
  3.28573957e-02  8.61571208e-02  3.03476788e-02 -2.24984917e-33
  2.60065403e-02  7.77376890e-02 -3.26895304e-02  3.05044744e-02
  2.11792942e-02  2.23787446e-02  2.47580539e-02 -1.02516122e-01
  4.12926152e-02 -4.53699715e-02 -4.88065705e-02  3.21314298e-02
  3.07561476e-02 -7.30426237e-03 -2.79381163e-02  3.60946953e-02
  7.62557727e-04 -1.26393395e-03 -5.71013466e-02 -2.82466877e-03
 -2.57040579e-02 -4.38540662e-03  4.31307442e-02 -6.41902722e-03
 -1.10527100e-02  9.31997690e-03 -8.66898000e-02  7.18722716e-02
  1.23217944e-02  1.69006344e-02 -3.48811857e-02  2.71255467e-02
  4.58549447e-02 -2.33205426e-02 -5.36175855e-02 -5.97203057e-03
  6.49355724e-02 -3.61765549e-02  2.01663598e-02  5.48273399e-02
  7.98022076e-02  6.87840919e-04  1.90402661e-02  1.44094629e-02
 -1.32249454e-02  8.78993794e-02  1.51689593e-02 -2.37355437e-02
 -5.34026287e-02 -3.64198238e-02  4.65260968e-02 -6.84966147e-02
 -3.70803103e-02  2.14388198e-03  1.30835120e-02 -7.61846080e-02
  3.23902294e-02 -5.36033921e-02  1.16969720e-02  8.58610719e-02
 -5.27662747e-02  2.93322783e-02 -1.18168723e-02  7.80682117e-02
  1.31641747e-02 -2.26250403e-02  2.95783672e-02  1.18695669e-01
  1.91671290e-02 -7.75816888e-02 -4.76130098e-02 -2.00494681e-03
 -2.28505209e-03  7.09119835e-04 -2.54888367e-03 -1.77320223e-02
 -1.07967697e-01  7.29447836e-03  1.00711090e-02 -7.08245626e-03
  2.10360251e-02  1.74314454e-02 -1.40902447e-02 -5.37185147e-02
 -9.09653213e-03  1.85030308e-02  6.36612922e-02 -7.89315179e-02
  2.94884946e-02  5.01770712e-02 -5.99960759e-02 -5.76251596e-02
  1.58351175e-02  7.36754248e-03  2.42391471e-02 -2.42696299e-08
  6.44455105e-02 -1.49706036e-01  3.12539525e-02  3.61742638e-02
 -1.85643379e-02 -7.71869253e-03 -7.47427866e-02  9.94522199e-02
  5.70739619e-03  6.39395937e-02 -7.14954436e-02  1.19152479e-01
  6.91207200e-02 -1.09777702e-02  5.92007935e-02 -1.96546391e-02
  2.02151611e-02  2.22995616e-02 -8.39296579e-02 -3.95828113e-02
  5.89429140e-02 -1.26562631e-02 -3.11421249e-02  2.04075444e-02
  7.96552896e-02 -3.37458551e-02  2.49205250e-02 -1.57949943e-02
 -4.28939536e-02 -4.93370034e-02 -5.49783595e-02 -7.30153173e-02
 -4.19325605e-02  3.49600054e-02 -4.65249270e-02  4.14581336e-02
  4.59005795e-02 -8.79721716e-02  4.24734727e-02 -3.91092971e-02
  7.56645277e-02 -6.72210054e-03  3.33552994e-02  1.30982818e-02
  1.60505529e-02  3.82571518e-02 -6.72727227e-02  1.22825066e-02
 -9.68826935e-04  5.10777831e-02  1.21788634e-02 -4.96744178e-02
  7.10510239e-02  1.80703402e-02 -6.34786934e-02 -3.66091281e-02
 -1.17688952e-02  2.07555424e-02  7.89477676e-02 -1.24284662e-02
 -5.50247310e-03  2.36585084e-02  7.90174454e-02  2.68996004e-02]"
Who is at risk of cholera?,"People living in or visiting areas with inadequate water treatment, poor sanitation, and inadequate hygiene are at increased risk for cholera. This typically includes regions with recent natural disasters or conflict.",High-risk groups for cholera include residents of and travelers to regions where water sanitation infrastructure is compromised.,"Who is at risk of cholera? People living in or visiting areas with inadequate water treatment, poor sanitation, and inadequate hygiene are at increased risk for cholera. This typically includes regions with recent natural disasters or conflict.","[ 9.57027972e-02 -1.75199658e-02  4.89736870e-02  1.89270563e-02
  4.41908650e-02  3.03825140e-02  1.08950222e-02  1.43642453e-02
 -1.52611239e-02  2.06481516e-02  2.07261052e-02 -7.58336782e-02
  4.69349846e-02  3.42271551e-02 -4.35306914e-02 -9.38674212e-02
 -8.59533101e-02 -6.44296333e-02 -1.54274758e-02  4.48753014e-02
  3.70443687e-02 -1.96960941e-02  7.71251274e-03 -1.66127384e-02
 -6.87603727e-02 -4.70320471e-02  7.76194260e-02 -2.94538643e-02
 -4.99404930e-02  5.86445332e-02 -6.25146041e-03 -3.94552648e-02
  6.69646729e-03 -3.33842225e-02 -2.29459140e-03  8.94584972e-03
  1.65649150e-02  7.06276949e-03  5.29192686e-02  8.10468011e-03
 -8.56363401e-03 -7.05317333e-02  3.14193703e-02 -6.63669780e-02
 -2.82418113e-02 -6.68047592e-02 -1.57034956e-02 -4.77183089e-02
 -7.75562301e-02 -7.67175928e-02  3.68058681e-02  7.43226660e-03
  2.09781062e-02 -6.82381913e-02  7.03161396e-03 -5.05458005e-02
 -1.90669745e-02 -1.39473766e-01 -7.25625306e-02 -4.29734550e-02
  6.03317171e-02 -3.08304783e-02  2.44759663e-04 -5.08714840e-03
 -5.14261797e-02 -2.90434435e-02  4.24103849e-02  1.00513741e-01
  2.11901171e-03  2.95708869e-02 -1.80946644e-02 -3.86948511e-02
 -1.57966353e-02  9.30681080e-02  5.15563264e-02 -7.82831833e-02
  2.92527061e-02  3.31202261e-02 -1.86527167e-02  2.35990225e-03
  1.23531424e-01 -2.38361564e-02  1.43019482e-01 -9.90630686e-03
  2.29205806e-02  5.50975762e-02  1.46158400e-03 -3.26401740e-02
  1.36571787e-02 -1.30580524e-02  2.95220432e-03 -5.83876185e-02
  9.36627910e-02  6.38479888e-02  3.72426137e-02  4.35304716e-02
  2.86654122e-02 -4.11406048e-02  8.36011767e-03 -3.97176482e-02
 -6.00401908e-02 -6.86595812e-02  1.39964223e-02  4.14016321e-02
  4.75847535e-02 -2.72038020e-03 -7.12806657e-02 -5.65232895e-02
 -1.08149378e-02 -3.64481136e-02  2.22871415e-02  6.52637854e-02
  4.06131037e-02  1.25527931e-02 -3.67529877e-02  2.72324346e-02
 -7.77741596e-02 -7.20331594e-02 -5.76994084e-02  9.24248248e-02
 -3.27649377e-02 -6.48617893e-02 -2.36029010e-02  4.64133034e-03
  3.47573906e-02  2.96301395e-02 -8.00088793e-03  4.88126738e-34
  9.29731317e-03 -1.61045697e-02  1.48799689e-02 -3.24114263e-02
  6.02999069e-02 -8.96443799e-03  1.50447851e-02 -6.66761771e-02
  5.15496098e-02 -5.26463464e-02  4.04981226e-02 -9.85500664e-02
 -3.77164595e-02  2.04062741e-02 -2.96394266e-02  9.45611894e-02
 -9.05970950e-03 -2.90781762e-02 -1.22545414e-01  1.92619916e-02
 -3.94823030e-03 -7.69229978e-02  7.92265928e-05  5.67600131e-03
 -4.11851890e-02 -5.88852316e-02 -2.11655032e-02 -2.49760295e-03
  6.00608438e-02  3.09261791e-02 -1.98572688e-03  9.19894408e-03
 -1.20512126e-02 -7.12956190e-02 -1.91363413e-02  5.73080741e-02
 -5.79082109e-02  3.03218588e-02 -7.98941702e-02  2.04192791e-02
 -5.41159138e-02  1.72134638e-02 -1.23524712e-02  7.53406063e-02
  1.14086844e-01 -2.53173918e-03  3.20182443e-02 -8.06425419e-03
 -9.41266865e-02 -2.47413218e-02 -7.76405483e-02 -1.60865448e-02
 -9.43660736e-02  7.49275787e-03  6.00597635e-02 -5.36935925e-02
  9.55206305e-02  1.76486149e-02 -3.89580876e-02 -9.28459689e-03
  9.66656115e-03 -1.85858831e-02 -8.91952403e-03 -3.54101211e-02
  2.54885368e-02 -1.23495515e-02  1.45211756e-01 -5.23510240e-02
  2.39664428e-02 -1.06763430e-02 -8.87506008e-02 -3.52090485e-02
 -5.35145253e-02  1.15283057e-01 -1.79704484e-02  4.92674671e-03
 -1.16387121e-02 -9.58038680e-03  1.88713092e-02  6.33430928e-02
 -6.06209487e-02 -4.02462482e-02  4.69464399e-02  3.72860841e-02
 -1.05018523e-02  6.22499511e-02 -1.25353765e-02 -5.43450518e-03
 -4.16268297e-02  3.34075429e-02  5.65758087e-02  1.80412065e-02
  8.62630382e-02  8.06111172e-02  6.30623521e-03 -3.58903551e-33
 -4.16375250e-02  6.43944591e-02 -2.32830569e-02 -4.12741378e-02
  4.96488251e-02 -3.06235291e-02  4.27622199e-02 -8.04083869e-02
  6.44355714e-02 -4.59182635e-02 -1.39678821e-01  3.77137884e-02
  3.93516123e-02  2.71985065e-02  2.60605495e-02  5.21858819e-02
 -9.48893186e-03  2.27064416e-02 -4.48096395e-02 -1.93646327e-02
 -2.12584734e-02 -7.11781755e-02  1.36508830e-02  2.64221597e-02
 -4.53988090e-02  2.16117669e-02 -1.06551079e-03 -3.63083160e-03
 -8.43651742e-02 -5.10651469e-02 -6.42338693e-02  8.89746249e-02
  7.44526014e-02 -1.64783411e-02 -2.00548824e-02  1.95335746e-02
  1.69647336e-02 -7.08814114e-02  7.61255249e-03  4.64875773e-02
  6.82459995e-02  8.72537568e-02  2.54674833e-02 -3.07618938e-02
 -5.99658675e-02  9.84688923e-02  3.82761471e-02 -5.77715524e-02
  1.01849651e-02 -4.08982206e-03  9.53625597e-04 -6.34309603e-03
  2.08744593e-02  5.49103171e-02  3.48714143e-02 -5.36806211e-02
 -1.07578523e-02 -4.11833450e-02  1.99179538e-02  1.19075686e-01
 -2.61245724e-02  8.47602040e-02 -2.64565507e-03  5.89386709e-02
 -4.81116809e-02 -6.38150750e-03 -7.99712762e-02  4.72291782e-02
  4.80201393e-02 -4.29841466e-02 -2.23264154e-02 -8.29405338e-02
 -6.14024363e-02 -2.43939366e-02  1.04441622e-03 -7.16759115e-02
 -1.33309215e-01  9.95844454e-02 -1.87059084e-03 -2.75150090e-02
  6.24098070e-02  3.36802118e-02 -2.18660664e-02 -2.84853000e-02
 -1.39357857e-02  1.24061601e-02  9.97887552e-02 -5.71303554e-02
  2.17711329e-02  4.97459173e-02 -7.54978582e-02  4.00560871e-02
 -5.99978082e-02 -4.97727282e-02  1.02858897e-02 -3.33754286e-08
  8.97636041e-02 -6.56647906e-02  4.32949364e-02 -2.49582026e-02
  7.24833906e-02  6.16999017e-03 -3.25442515e-02  6.09787479e-02
  2.46170294e-02  1.17585219e-01 -5.83333895e-02  6.60597906e-02
  7.89157227e-02 -5.29456139e-02  3.23828831e-02  4.44196835e-02
 -3.39504555e-02 -5.54547310e-02 -7.82000944e-02  1.52487000e-02
  7.52764717e-02  1.72337759e-02 -8.86160880e-03  3.93026322e-02
  8.27981308e-02 -6.30249921e-03 -2.90599503e-02 -4.42109723e-03
 -6.15459867e-02 -1.71938278e-02 -7.07240105e-02 -5.76453023e-02
 -3.07417978e-02  1.08505264e-01 -1.13761062e-02  4.12409864e-02
  6.20843880e-02 -1.08937755e-01 -8.65234178e-04 -3.24312784e-02
  9.89341140e-02 -3.75026576e-02  5.89946955e-02  2.15015765e-02
  2.69809179e-02 -2.55972017e-02 -1.56671386e-02  1.50154652e-02
  4.25930955e-02 -2.43801028e-02 -5.97398467e-02 -8.11661556e-02
  3.47767994e-02  3.97023559e-02 -6.15951568e-02 -1.93847828e-02
 -3.35328057e-02  6.26733080e-02  2.77530700e-02 -2.28939150e-02
 -1.40252979e-02  3.72783616e-02  2.68247202e-02 -1.41680138e-02]"
Can cholera cause complications?,"If left untreated, cholera can lead to severe dehydration and electrolyte imbalances. This can result in kidney failure, severe electrolyte imbalances, and even death.","Cholera complications can escalate to critical dehydration, electrolyte disorder, and organ failure if not promptly addressed.","Can cholera cause complications? If left untreated, cholera can lead to severe dehydration and electrolyte imbalances. This can result in kidney failure, severe electrolyte imbalances, and even death.","[ 3.90869624e-04 -2.59515829e-03  9.39502716e-02  2.05726959e-02
  2.32749674e-02 -4.39262353e-02 -3.00279749e-03  7.07816258e-02
 -2.43113060e-02 -5.30937091e-02 -2.64118686e-02  2.25885808e-02
  5.57995401e-02  8.07357952e-02 -8.45598523e-03 -8.87062326e-02
 -5.57798445e-02 -3.65351769e-03 -6.44266382e-02  5.95481768e-02
  7.66920820e-02 -1.95481423e-02 -9.93050337e-02 -1.34222312e-02
 -8.00076500e-02 -3.28623205e-02  2.31227167e-02 -5.52440733e-02
 -2.23060772e-02 -6.41785264e-02 -6.71574995e-02 -2.57922448e-02
 -5.26341312e-02 -6.61860779e-02  3.36572081e-02  2.59128176e-02
  1.30925830e-02 -3.82516608e-02 -4.02079895e-02 -1.77593883e-02
  3.67624406e-03 -7.52138123e-02 -5.83675364e-03 -2.90027466e-02
  3.88267376e-02 -4.37487811e-02 -2.41378881e-02  1.23845460e-02
 -4.22445275e-02 -7.89834303e-04 -1.48191573e-02  5.31018479e-03
  4.25057821e-02 -4.15529869e-03  6.36690259e-02  2.49683508e-03
  6.39988389e-03 -8.56238082e-02 -8.39846805e-02 -6.64459541e-02
 -1.62659772e-02  6.18789457e-02  3.09188068e-02 -7.83598572e-02
 -3.05323210e-02 -9.87264290e-02  7.27707222e-02 -3.57648009e-03
  4.69792075e-02  5.24296984e-02 -5.80042787e-03 -9.78450850e-02
  2.94532869e-02 -1.43262716e-02  4.60955873e-02  1.49723990e-02
  1.34566827e-02 -8.19398265e-04 -4.64080833e-02  3.34177800e-02
  8.75190049e-02 -6.72352985e-02  1.00815959e-01 -7.08827469e-03
  8.29833187e-03 -3.03391051e-02  1.56138437e-02 -3.84962857e-02
 -3.14272903e-02  3.39522548e-02 -1.80089008e-02 -4.59949970e-02
  1.29898295e-01  2.16047447e-02  2.85213869e-02 -6.09330274e-03
 -2.53729951e-02 -5.99646233e-02 -2.44192500e-02 -5.96011840e-02
 -4.07542028e-02  2.07640659e-02  4.51958552e-02  6.85028732e-03
  1.19282231e-01 -6.39682356e-03  4.16411757e-02 -3.23578082e-02
  7.71873072e-02 -1.53012397e-02  3.81188281e-03  6.44953623e-02
  5.46695814e-02  3.81545946e-02 -5.97721292e-03  5.78830093e-02
 -5.34669757e-02 -2.15343591e-02 -9.45353508e-02  4.33240719e-02
  5.70109626e-03 -1.11447230e-01 -3.50643322e-02  4.35240977e-02
  2.85238661e-02  8.15647468e-02 -1.15736071e-02  4.03364550e-34
 -8.65538168e-05 -9.40147117e-02  1.37135405e-02  2.49663554e-02
  1.23931065e-01 -2.43758895e-02  4.10384592e-03 -6.79648248e-03
  1.51149994e-02 -6.87092766e-02  1.29480353e-02 -5.17612323e-02
  1.73723791e-02  6.81433827e-02 -7.13182911e-02  8.44350085e-02
 -4.53003915e-03 -6.12109490e-02 -2.51346435e-02 -1.18496409e-02
  7.73346052e-02 -8.16916302e-02 -3.67181525e-02  1.88692345e-03
 -1.62238386e-02 -2.74818204e-02 -7.36661330e-02  3.25844884e-02
  3.10381968e-02 -1.25308125e-03 -5.55658378e-02 -4.11526002e-02
 -7.09541375e-03  8.00505467e-03  3.74833159e-02  8.01494271e-02
 -7.31283426e-02  6.86428696e-02 -8.24372657e-03  9.85751450e-02
 -5.55556314e-03  4.00848947e-02 -3.18113416e-02  5.55931404e-02
  9.08072740e-02 -2.09730081e-02  4.27795611e-02  4.62042913e-02
 -6.42192587e-02 -4.24667113e-02 -9.72072110e-02 -2.21825521e-02
 -2.04816125e-02  1.72263291e-02  1.73964780e-02 -3.52648459e-03
  9.85897332e-02 -1.87118873e-02 -3.16878036e-02 -6.53547272e-02
  3.87852602e-02  5.14271781e-02 -3.78239863e-02  2.18697954e-02
 -1.24119557e-02  1.30087296e-02  1.41586542e-01 -7.10587800e-02
  2.33168490e-02 -7.00762793e-02 -1.00318477e-01 -8.99013281e-02
 -3.88382487e-02  6.57534078e-02 -5.66757657e-02 -3.48592512e-02
 -5.63949533e-02 -4.97722365e-02  6.05268478e-02  1.74612626e-02
  5.04781194e-02 -7.56013617e-02  8.41801763e-02 -2.38326676e-02
  5.03612123e-02  3.76100540e-02 -1.39639259e-03 -7.97873363e-02
 -1.97223239e-02  1.68591971e-03  6.67567030e-02  4.97367419e-02
 -5.29861376e-02  3.15035731e-02  2.52084341e-02 -3.35118709e-33
 -7.00639635e-02  5.20089120e-02 -9.90934297e-02 -4.05110531e-02
  3.38948593e-02  1.23750223e-02  9.40658618e-03  3.50102782e-02
  3.70462723e-02 -7.21873641e-02 -1.45540349e-02 -1.09663531e-02
 -4.39933948e-02  1.04635879e-02  1.24379126e-02  7.93659091e-02
 -5.23262881e-02  2.03021560e-02  9.41435155e-03  4.50585224e-02
  8.82324670e-03 -9.06635150e-02  3.83610418e-03  2.59817373e-02
  2.56387168e-03  4.19530384e-02 -4.05546315e-02 -1.66844726e-02
 -6.75181076e-02 -6.34502843e-02  6.49702102e-02  3.11963074e-02
  4.96801771e-02  9.86667536e-03 -3.84720340e-02 -4.75212336e-02
 -3.34146507e-02 -2.65131760e-02  5.17948717e-02  3.49244513e-02
  8.28849748e-02  6.96238950e-02  1.19686328e-01  3.29718948e-03
 -2.94627007e-02 -2.48420388e-02  2.20778994e-02 -6.50379062e-02
  2.08745543e-02 -9.42423474e-03  1.63919087e-02 -2.37023998e-02
  1.81536581e-02  5.07189967e-02  3.10024023e-02 -9.19782221e-02
  2.45107114e-02  7.21161813e-02 -2.54186038e-02  9.85839292e-02
 -2.73168031e-02  5.15297800e-02  1.19832559e-02 -1.13019459e-02
  4.39711027e-02 -8.00595805e-02  3.19620734e-03  1.05747050e-02
  8.05917159e-02 -6.31993636e-02  2.77616829e-02 -2.56160162e-02
 -7.43295550e-02 -1.96477100e-02  1.27687184e-02  7.80511275e-03
 -1.26634151e-01  7.00045675e-02  1.56504437e-02 -1.04500584e-01
 -2.91455965e-02  5.87571636e-02  1.96152143e-02 -7.97588155e-02
 -6.12065867e-02 -1.39160967e-02  1.00157902e-01 -4.03022859e-03
  2.91827451e-02  3.01255099e-02  1.73877720e-02 -7.65132979e-02
  3.20004895e-02  2.86420528e-02  4.94115539e-02 -3.12318313e-08
  1.32709732e-02 -5.71279004e-02 -2.15087291e-02  1.50088072e-02
 -5.09441132e-03 -2.71699540e-02  1.32831081e-03  8.70089009e-02
  1.66880782e-03  9.97612029e-02 -8.25953856e-02  6.47635758e-02
  6.01302348e-02 -3.98276076e-02 -2.36140192e-02  6.24511689e-02
  4.64288294e-02 -3.90689075e-02 -2.77070440e-02  4.70599234e-02
  2.71618720e-02 -2.50339415e-02 -2.53491830e-02  8.15167949e-02
  1.22533813e-01  2.65723048e-03  2.63722725e-02 -1.60787860e-03
 -8.22544247e-02 -4.40442264e-02 -8.45968649e-02 -5.56838810e-02
 -1.45700034e-02  6.70358911e-02 -4.43360433e-02 -2.02879589e-02
  4.30312157e-02 -1.03795670e-01 -5.50812706e-02 -6.88803643e-02
  8.18084851e-02  5.31872152e-04  1.09220967e-02 -1.86749129e-03
  5.82963228e-02 -1.08370930e-02  2.85094436e-02 -3.45913321e-02
  3.65548357e-02 -5.28999195e-02  3.00770029e-02 -3.44336331e-02
  1.59146991e-02 -2.45191567e-02 -5.53187802e-02  2.25958619e-02
 -5.86012714e-02  8.95951316e-02  6.17038757e-02 -3.22155585e-03
  4.75960225e-02  1.46215530e-02  1.73069295e-02 -5.95769137e-02]"
How is cholera diagnosed?,Cholera is diagnosed by stool samples or rectal swabs. Laboratory tests identify Vibrio cholerae in the specimen.,A definitive diagnosis of cholera comes from detecting the causative bacterium in fecal samples.,How is cholera diagnosed? Cholera is diagnosed by stool samples or rectal swabs. Laboratory tests identify Vibrio cholerae in the specimen.,"[ 5.50197475e-02 -3.24878953e-02  4.26431634e-02 -1.88477803e-02
 -1.69248749e-02 -2.71523278e-02 -1.03881788e-02  5.37961833e-02
  1.01549542e-02 -4.51947823e-02 -2.54792459e-02 -6.37581050e-02
  1.95267256e-02  8.88878480e-02 -9.49840099e-02 -8.14364180e-02
 -5.60249295e-03 -2.71038339e-02  4.12716791e-02 -1.32761253e-02
  9.21313912e-02  5.12147276e-03  8.86702631e-03 -1.38304885e-02
 -5.84036075e-02  2.08750973e-03  9.74072609e-03 -3.90165262e-02
 -5.53057082e-02  1.25977967e-03  2.22554822e-02  6.77671004e-03
  1.67028215e-02  5.72663210e-02  5.11060953e-02 -6.00499548e-02
  1.33391586e-03 -5.18976301e-02  4.68886690e-03  3.18092778e-02
 -1.78049970e-02 -9.85535234e-02  2.90997010e-02 -5.64075820e-02
  4.31617983e-02 -1.57209914e-02  9.13386606e-03  5.05144633e-02
 -7.20884427e-02 -2.72951312e-02  4.34150398e-02 -3.49235125e-02
 -4.13352624e-02 -2.92456523e-02  2.79231649e-03 -4.18965146e-03
  1.83733981e-02 -1.11989528e-01 -2.18423717e-02 -2.92531531e-02
 -2.72236252e-03 -8.99952138e-04  3.84498425e-02  1.20485043e-02
 -3.68852308e-03  3.31878639e-03  7.81992227e-02  4.37004752e-02
  2.79883184e-02 -4.58831675e-02 -3.42743210e-02  3.69005501e-02
  6.57609999e-02  1.22894563e-01 -5.35101630e-02 -3.74607965e-02
  5.68548106e-02  5.80093302e-02  8.02725554e-03 -1.21912323e-02
  1.35150715e-03  1.89961419e-02  9.84119475e-02  2.52198172e-03
  4.63054180e-02  1.71611868e-02  1.43468976e-02 -8.99138674e-03
 -6.10820539e-02 -3.94828469e-02  2.58410592e-02 -5.69169186e-02
 -2.28701830e-02 -2.33539008e-02 -1.70054547e-02 -1.50679620e-02
  1.66196600e-02 -3.15485187e-02  8.95341709e-02 -5.80612496e-02
 -6.63897172e-02 -2.17286255e-02  6.06261492e-02  2.84466799e-02
 -3.65903764e-03  1.03835091e-02 -2.99687553e-02  1.65537465e-02
  8.54465887e-02 -7.65394494e-02 -5.67255355e-02  8.32184777e-02
  7.68983513e-02  2.63869036e-02  2.16263756e-02  3.59030068e-02
 -8.54908898e-02  3.54510322e-02 -4.73479517e-02  1.02804132e-01
  2.51292922e-02 -4.54554260e-02  3.87229584e-02 -4.12878953e-02
  8.56459886e-02  1.33566692e-01  1.66451205e-02 -4.62740285e-34
 -2.98936367e-02  8.50286428e-03  4.90163155e-02  1.64405368e-02
  4.99599092e-02  3.08862813e-02 -1.09499916e-02  1.84237084e-03
  1.50834201e-02  2.43298635e-02  5.03967963e-02 -2.42819246e-02
  3.70935984e-02  9.74032283e-02 -5.82195297e-02  9.87427384e-02
 -1.16952974e-02 -1.06212301e-02 -1.30661398e-01  7.13586016e-03
  5.25741167e-02  5.42956870e-03  8.82097036e-02 -7.66338184e-02
 -1.17327804e-02 -5.86404502e-02 -1.06608778e-01  3.58157344e-02
  6.51883557e-02  1.89938545e-02 -3.42003815e-02 -6.50704885e-03
 -3.26005183e-02 -6.06217980e-03  8.88895709e-04 -1.28483260e-02
 -2.36712862e-02  3.38919982e-02 -4.94198985e-02  2.78821085e-02
  3.74571234e-02 -4.82031815e-02 -1.28729478e-01  2.24407315e-02
  8.41487795e-02 -2.78481469e-02 -7.66172409e-02  4.22081351e-02
  6.24858439e-02  2.39966437e-03 -3.00887087e-03 -2.11968292e-02
 -6.26523718e-02 -1.03269748e-01  7.90805593e-02  3.92622454e-03
  5.97003959e-02  5.36712725e-03 -1.23103792e-02 -3.11777797e-02
  9.33970734e-02  7.98262842e-03 -2.41658594e-02 -2.92900093e-02
 -6.56525120e-02  4.55118753e-02  7.14549869e-02 -9.45821125e-03
  4.99284528e-02  2.43951264e-03 -6.28207400e-02  4.13775034e-02
 -2.86721848e-02  7.85764009e-02  6.60760552e-02 -6.19425587e-02
 -1.86107643e-02 -4.77979295e-02  5.53647354e-02 -1.18251787e-02
 -4.64288071e-02 -6.81808442e-02  5.33582792e-02 -2.59062797e-02
 -1.87668838e-02 -3.49951372e-03  1.07020698e-02  4.43093739e-02
 -7.43812323e-02  1.70081742e-02  6.82927594e-02  6.33594841e-02
 -2.50063017e-02  4.03043255e-02  1.05468735e-01 -2.38013802e-33
 -1.10662787e-03  1.19640797e-01 -6.00655414e-02  2.53281952e-03
 -4.66572195e-02 -5.53515740e-03 -3.02878325e-03 -6.31913394e-02
  1.28500229e-02 -5.28834350e-02 -3.17399390e-02  1.37220994e-02
 -8.34620968e-02  1.72059294e-02 -5.42061739e-02  1.45894244e-01
 -5.78817986e-02 -8.06424096e-02  5.27985301e-03  3.93158346e-02
 -8.87741372e-02 -2.41652187e-02  3.79250720e-02 -6.61285743e-02
 -1.98037140e-02  4.27415734e-03  7.89424479e-02  3.02176736e-03
 -2.85720732e-02 -5.52669466e-02  2.54110731e-02 -3.44017730e-03
  2.87397727e-02 -2.97186691e-02 -2.41209753e-02 -4.78691012e-02
  2.50368584e-02 -8.03080574e-02  7.96063542e-02  3.46147679e-02
  1.99338365e-02  9.98660550e-02 -5.13213873e-02  2.47367788e-02
 -5.63527085e-02  3.47868614e-02 -2.15446688e-02 -3.75340283e-02
  4.45425250e-02 -4.09132503e-02  2.35706605e-02 -1.55674405e-02
  7.65601592e-03 -5.55174053e-03 -6.65425183e-03 -3.00211273e-02
 -1.40726730e-01 -1.29359057e-02 -8.66544917e-02  7.80514106e-02
 -5.27187660e-02  2.01694444e-02 -1.39802508e-02  9.67045128e-02
  1.00746080e-02 -3.50419804e-02  3.64529118e-02  5.55931367e-02
  2.37246379e-02 -5.34650609e-02 -5.11588491e-02 -2.16514133e-02
 -4.60785069e-02 -1.95716321e-02  7.85110891e-02 -1.69302002e-02
 -1.43312886e-01 -5.67171769e-03  1.44575242e-04 -6.79550171e-02
  4.01387028e-02 -4.45580594e-02  1.37070278e-02 -2.40816753e-02
 -6.48634061e-02 -3.57419178e-02  3.43298540e-02 -8.50700028e-03
  7.26841390e-02 -2.68006697e-03  7.16811866e-02 -8.73010233e-02
 -3.76458839e-02 -4.71268930e-02  1.03098899e-01 -2.60365933e-08
  4.83309031e-02 -1.40643105e-01  3.77357975e-02 -2.55368631e-02
  3.76869701e-02  7.12470934e-02 -4.46792021e-02  1.07755445e-01
  2.19399389e-02  2.72192527e-02 -6.32368997e-02  5.99369546e-03
 -7.55920112e-02 -1.39800292e-02  6.61018714e-02 -6.25311257e-03
 -2.08108388e-02  9.80123598e-03 -6.65278360e-02  2.09462754e-02
  1.75767671e-02 -3.84749733e-02  1.86728071e-02  7.66783804e-02
  9.02589560e-02 -1.02825714e-02 -5.93754463e-02 -3.06106545e-02
 -9.43568796e-02 -4.77072559e-02 -1.81675125e-02 -3.45320478e-02
 -4.57130335e-02  2.17766352e-02 -1.44268684e-02  6.70352057e-02
  4.34157178e-02 -3.95075716e-02  1.50191924e-02 -6.93233393e-04
  6.50721788e-02 -3.22729647e-02  1.09245097e-02 -3.11261434e-02
  4.61947592e-03  4.21334058e-02 -3.32146734e-02 -5.18537648e-02
  1.28764175e-02 -6.26685545e-02  3.32073458e-02 -5.63939214e-02
  3.80663387e-02  3.08161955e-02 -9.36824903e-02 -2.37555094e-02
 -7.42063345e-03  7.58757144e-02  1.43028470e-03 -5.05920313e-02
  2.45603342e-02  1.05998158e-01  4.12358455e-02 -8.79156515e-02]"
Is cholera common worldwide?,"Cholera is not common in developed countries due to advanced water and sewage treatment systems. However, it remains a significant threat in many parts of Asia, Africa, and Latin America.",Cholera is mostly absent in areas with modern water infrastructure but prevalent in regions lacking these facilities.,"Is cholera common worldwide? Cholera is not common in developed countries due to advanced water and sewage treatment systems. However, it remains a significant threat in many parts of Asia, Africa, and Latin America.","[ 9.82618481e-02 -8.02582875e-02  2.15515364e-02 -5.08309416e-02
  3.75445699e-03  1.08234091e-02 -6.17129579e-02 -3.59564647e-03
 -1.13625042e-02  4.75076347e-04  2.29230840e-02 -1.26476903e-02
  1.64008513e-02  9.59443673e-02  6.03732606e-03 -9.17035267e-02
 -1.09751813e-01 -1.05320491e-01 -3.18352692e-02 -2.36449223e-02
 -2.39049569e-02 -1.11723058e-02  6.92222640e-02 -1.65657140e-02
 -1.07863814e-01 -5.55997714e-02  8.33037868e-02 -3.77831161e-02
 -5.67721501e-02  1.69660281e-02 -6.57130033e-02 -1.28330421e-02
  2.83092391e-02 -7.96976760e-02 -1.08074192e-02 -4.25780267e-02
 -4.75461669e-02 -1.91781595e-02  2.14196742e-02  2.25534774e-02
 -1.98759958e-02 -4.10165861e-02  4.89637814e-02 -1.17374167e-01
 -4.10995558e-02 -1.22026335e-02 -6.98121637e-02 -1.05483402e-02
 -8.52429792e-02 -6.68864399e-02  6.35445192e-02  3.86441732e-03
  1.71134863e-02 -7.38859922e-03  8.11667219e-02 -2.50292141e-02
 -1.11587802e-02 -8.48586559e-02  7.09362654e-03 -4.85641621e-02
 -2.88436413e-02  3.31029035e-02 -5.20735187e-03 -4.87905182e-03
 -1.68141853e-02  1.91555694e-02  4.47223485e-02  5.40608577e-02
  5.22446185e-02  1.77654866e-02 -7.38008395e-02  4.39111143e-03
  7.48420134e-02  1.17915675e-01  1.37214661e-02 -4.46173735e-03
  3.68163846e-02  5.26783280e-02 -3.79148349e-02  4.22550291e-02
  6.28039837e-02 -2.87549407e-03  1.56544447e-01 -3.32204998e-02
  7.00319484e-02 -2.04577507e-03 -3.01987380e-02  4.44773473e-02
  1.05229416e-03 -3.41552086e-02  1.45449238e-02  2.48545152e-03
  1.14300437e-01 -1.47573054e-02  1.52491219e-02 -5.73235285e-03
  6.23810031e-02 -9.09304898e-03  1.87484082e-02 -1.16414316e-01
 -4.27474715e-02 -4.86960672e-02  9.23537314e-02 -2.83969939e-02
  3.87874171e-02  2.21424717e-02  2.52807289e-02 -1.79897025e-02
  2.97774635e-02 -5.18138446e-02 -1.09141886e-01  5.70905805e-02
 -1.67695452e-02  1.24709820e-02 -3.07667498e-02 -3.66533548e-02
 -8.99745524e-03 -8.02871063e-02 -3.99573669e-02  1.09377891e-01
 -3.84008847e-02 -1.03124246e-01 -1.27414605e-02  1.32451039e-02
  7.42658973e-02  4.01816554e-02 -3.03909890e-02 -3.08296022e-33
 -8.93445220e-03 -3.26579735e-02  6.62447214e-02  1.37605751e-02
 -5.98183647e-03  5.34154568e-03  1.21106235e-02 -6.80375518e-03
  1.34698590e-02 -7.20212981e-02  1.09256925e-02 -3.99304256e-02
 -2.08895989e-02  9.89986882e-02 -7.38101900e-02  1.08478986e-01
  5.39663434e-02 -2.96047553e-02 -7.89443031e-02  1.32045131e-02
  7.53523633e-02  3.85451950e-02  1.60101503e-02 -2.93953270e-02
 -4.22069132e-02 -3.37533094e-02 -2.43396200e-02 -3.76236662e-02
  1.08492866e-01  1.18900659e-02  1.87585491e-03 -3.29198763e-02
  2.20191963e-02 -8.18879157e-03  1.14969052e-02  8.51286203e-02
 -4.31191511e-02  5.22578098e-02 -5.28855026e-02  8.83164033e-02
  3.75372171e-03 -1.69665285e-03 -1.00125566e-01 -1.45395333e-02
  1.13692068e-01  1.56235052e-02 -2.07278188e-02  4.43797074e-02
 -3.37363146e-02 -7.42133558e-02 -7.81369060e-02 -8.47471226e-03
 -4.35967222e-02 -2.75370777e-02  7.57969692e-02 -2.47824993e-02
  6.46480620e-02 -1.51733477e-02  2.04580780e-02  5.12213968e-02
 -3.61021198e-02  3.28051746e-02 -3.18239816e-02 -2.69017695e-03
  2.50609890e-02  5.96568547e-02  1.00307502e-01 -2.55967584e-02
 -3.78763154e-02 -5.98401809e-03 -9.25244857e-03 -1.05684465e-02
 -1.15209274e-01  6.03884086e-02  2.75095198e-02 -5.77623658e-02
  9.53591242e-02 -3.82433794e-02  1.62192583e-02  6.44952804e-02
 -7.31215701e-02 -3.24433371e-02  5.51621541e-02  5.46627352e-03
 -6.67937449e-04  3.31147239e-02 -1.91542751e-03 -3.40547748e-02
 -5.66841960e-02  1.35550275e-01  5.21540008e-02  2.31249025e-03
  2.21762918e-02  4.52615209e-02  2.71660406e-02 -1.00853081e-33
 -2.73722857e-02  7.39467293e-02 -2.06486881e-02 -4.62954864e-03
  1.07819708e-02  1.87154841e-02 -2.23546065e-02 -5.78831397e-02
  2.16408651e-02  1.91422813e-02 -1.42912893e-02  1.06301829e-02
  2.49781832e-02  5.33225015e-03  3.66501100e-02  8.17799717e-02
  4.02295142e-02  1.74422804e-02  9.17531666e-04 -8.13350081e-03
  1.46250622e-02 -1.28721476e-01  4.87268120e-02 -5.78277782e-02
 -4.59541753e-02  1.04204742e-02 -8.97034183e-02  1.19885886e-02
 -6.11089431e-02 -5.09862937e-02 -7.86858723e-02  9.36696157e-02
  8.12365785e-02 -2.14398988e-02 -8.78480375e-02 -2.97725201e-02
 -5.12573682e-02 -5.22361919e-02  5.72608672e-02  3.98580506e-02
 -1.25950836e-02  5.44844232e-02  8.77411664e-03  4.37783822e-03
 -5.67859933e-02  5.45344613e-02 -1.12733953e-02 -8.02267119e-02
  4.59050834e-02 -8.25726334e-03 -3.28091830e-02  1.02002581e-03
 -4.00713608e-02 -2.79076621e-02  3.30297612e-02  3.86624373e-02
 -1.30580785e-02  4.16405462e-02 -1.00208946e-01  4.12627459e-02
 -4.32015583e-03  3.34009826e-02 -2.36643925e-02  7.31567992e-03
  6.42855316e-02 -3.74221653e-02  7.18829110e-02  5.12701124e-02
  7.09754275e-03 -6.86691329e-02 -8.28260258e-02 -2.31481269e-02
 -8.34584609e-02  1.33744273e-02  2.63808444e-02 -9.62284766e-03
 -6.89247176e-02 -1.59667321e-02  2.28600819e-02  4.58351634e-02
  1.02788500e-01  4.77857329e-02  3.45182344e-02 -7.59451240e-02
 -4.20199446e-02 -1.98205113e-02  6.58763275e-02 -3.42008062e-02
  3.06025408e-02  7.93991685e-02 -3.46904285e-02 -4.07921076e-02
 -4.16232236e-02 -6.25226721e-02  2.87616197e-02 -3.07392973e-08
  3.74526232e-02 -3.18990387e-02  2.19422169e-02  4.53405604e-02
  3.14323865e-02  1.93843134e-02 -4.13942803e-03  8.09957087e-02
  7.30666937e-03  1.00712366e-01 -7.26526827e-02  2.72692200e-02
  7.01437667e-02 -2.98446845e-02  2.96890587e-02 -1.68183316e-02
 -1.44170728e-02 -6.83157369e-02 -7.60907978e-02  2.96559129e-02
  4.06256542e-02  1.88752217e-03  1.88656722e-03  2.00001262e-02
  6.15583546e-02 -3.83417383e-02 -1.87725089e-02 -3.16075049e-02
 -1.04274750e-01 -1.02551237e-01 -3.91169600e-02 -1.30257905e-01
 -8.14766809e-03  1.15451720e-02 -4.63649705e-02  1.39237950e-02
  5.71186468e-02 -3.43227163e-02 -3.97217534e-02 -7.06164166e-02
  9.13860574e-02 -6.37196898e-02  4.31194790e-02  3.17517966e-02
  4.13043834e-02  7.80757982e-03 -3.29597257e-02 -1.16774039e-02
  2.47345511e-02  6.74347347e-03 -1.57393720e-02 -5.71127683e-02
  7.13161379e-02 -1.75558552e-02  2.33649835e-02  2.19075829e-02
  1.85710415e-02  1.96873359e-02  7.74910226e-02 -8.73201266e-02
  7.12372502e-03 -1.85725503e-02  4.37149331e-02  2.43015923e-02]"
How often do cholera outbreaks occur?,"Cholera outbreaks can occur seasonally in endemic countries, often related to the rainy season and flooding, which contaminate water sources.","Cholera outbreaks are often seasonal, linked to environmental conditions that affect water purity, like flooding.","How often do cholera outbreaks occur? Cholera outbreaks can occur seasonally in endemic countries, often related to the rainy season and flooding, which contaminate water sources.","[ 5.32104708e-02 -1.06350824e-01  9.68065485e-02 -1.81950778e-02
  2.03920174e-02  2.35751830e-02 -1.69551149e-02 -5.22526205e-02
  2.10536234e-02 -3.74787897e-02 -6.62432006e-03 -3.05105373e-03
  7.00527653e-02  6.79341927e-02  4.56517451e-02 -6.33613989e-02
 -1.04783520e-01 -3.79799940e-02  3.08766379e-03  3.15566063e-02
  5.86078838e-02 -8.22377056e-02  5.37622208e-03 -1.07852565e-02
 -8.72273594e-02 -6.75623342e-02  8.79258886e-02 -3.04913968e-02
 -4.74664271e-02  2.36131214e-02 -4.66755368e-02  1.70899760e-02
 -2.64615379e-02 -1.30246598e-02 -1.43629871e-02 -4.42180634e-02
 -4.72078994e-02  1.32806767e-02 -2.35434677e-02  4.53889370e-02
 -2.13545021e-02 -5.46560027e-02  2.94421632e-02 -1.04428418e-01
 -8.71317834e-03 -4.61464934e-02 -5.38120419e-02  5.06165437e-02
 -8.16023350e-02 -3.59407552e-02  1.02859186e-02  2.49961726e-02
  1.32064605e-02  1.32968510e-02  4.74369116e-02 -2.44442932e-02
  1.50899515e-02 -4.14193161e-02 -9.66069568e-03 -1.46760792e-02
  2.32356079e-02  4.89656404e-02 -3.41026485e-02 -3.90017405e-02
 -7.03297779e-02 -1.46856485e-02  1.32963071e-02  1.13789044e-01
  6.91228956e-02  1.31355608e-02 -4.21710424e-02  4.10964526e-02
  2.63404883e-02  5.96555285e-02  6.71134749e-03 -2.28699278e-02
  1.89820454e-02  4.24890146e-02  2.78827976e-02 -2.81885024e-02
  3.53618711e-02 -1.35163050e-02  1.56785846e-01 -3.27316895e-02
  1.60034038e-02 -9.99574829e-03  3.77658941e-02 -1.32011473e-02
  1.12014282e-02 -1.24482969e-02  1.26524633e-02 -3.89543548e-02
  8.94109309e-02 -3.37249856e-03  2.07998957e-02  5.29825920e-03
  7.32763112e-02 -2.63989414e-03  1.06470838e-01 -7.73995444e-02
 -2.33819503e-02 -1.11240931e-01  3.21794786e-02  2.83328053e-02
  3.31144035e-02  1.50809055e-02 -6.41624406e-02 -2.29933523e-02
 -2.12232186e-03 -7.82646984e-03 -4.99927960e-02  1.02438010e-01
  4.38488461e-02 -3.56869446e-03  1.68166142e-02  2.08233032e-04
 -7.21375272e-02 -5.31327464e-02 -4.11662385e-02  1.21675700e-01
 -3.10857557e-02 -4.55852486e-02 -5.26602939e-02  1.10352645e-02
  5.11602759e-02  9.14676413e-02  3.65833081e-02 -2.93070156e-33
 -2.05723103e-02 -4.63081598e-02  8.74814019e-03  3.99685511e-03
  6.44851923e-02 -4.42277081e-02 -2.91023334e-03 -2.42763124e-02
  3.27032357e-02 -8.34448338e-02 -1.36830984e-02 -4.35498245e-02
  9.24668915e-04  1.19175971e-01 -5.87664284e-02  4.24863808e-02
  8.70301276e-02 -3.37625295e-02 -8.98070633e-02 -1.00633036e-02
  3.65337096e-02 -4.48166728e-02  2.60729454e-02 -8.65415437e-04
  3.19769420e-03 -6.24089390e-02  2.76062451e-03  7.18801655e-03
  5.14731891e-02  2.21969448e-02  4.74889874e-02 -4.27653529e-02
 -6.68808632e-03 -2.67991945e-02  3.67757455e-02  5.62102087e-02
  6.37790933e-02  5.68238609e-02 -2.19404399e-02  9.69498325e-03
 -5.71570098e-02 -7.99928419e-03 -1.06744461e-01  5.40170819e-02
  1.07262112e-01  2.84990482e-02  2.33506057e-02  2.80403662e-02
  4.96882349e-02 -7.70419836e-02 -1.93505883e-02 -5.26822452e-03
 -2.43877620e-02 -3.59366871e-02  9.52378139e-02 -2.25444566e-02
  8.24602023e-02 -3.26449946e-02  2.17272155e-02  1.55667691e-02
  4.61408049e-02 -8.12962651e-02  3.57550830e-02 -4.53923270e-02
  2.13757027e-02  2.46806201e-02  1.50404945e-01  4.29328568e-02
 -3.15164961e-02  2.74982546e-02 -5.02430163e-02 -3.39721306e-03
 -9.80173498e-02  9.88278165e-03 -7.59936590e-03 -5.45162000e-02
  6.77500814e-02 -3.01196836e-02  2.61743683e-02  1.13662012e-01
 -8.86375532e-02 -7.79466927e-02  4.65645567e-02  6.37878105e-03
 -3.45858149e-02  2.37242524e-02  2.87704412e-02 -4.94369939e-02
  7.93607160e-03  8.30123201e-02  1.01360604e-01 -1.74491312e-02
  4.51556854e-02  5.64689226e-02  5.93410209e-02 -6.35814701e-34
 -7.45089771e-03  8.12695771e-02 -6.64126873e-02 -3.23168896e-02
  2.21458338e-02  2.93739103e-02 -8.88236836e-02 -2.92108413e-02
  3.46760042e-02 -2.89568733e-02 -8.87992680e-02  2.15142947e-02
 -4.15828153e-02  1.26484083e-02 -5.37765361e-02  2.23551895e-02
  8.97632167e-03  2.95033809e-02 -6.73283711e-02  5.28033599e-02
 -7.04818740e-02 -1.29573897e-01  5.25776520e-02 -8.43222886e-02
 -1.02046300e-02 -1.42636504e-02 -2.48085950e-02  9.68754888e-02
 -6.43041432e-02 -2.07026247e-02 -6.11365065e-02  5.16516268e-02
  9.13193673e-02 -2.10347995e-02 -4.11691256e-02  2.78490055e-02
  2.15633456e-02 -8.30873549e-02  5.84978350e-02  3.57240401e-02
  1.92948096e-02  2.70259175e-02  8.29396695e-02 -2.08579581e-02
 -2.51753274e-02  2.23763622e-02 -8.10041279e-03 -1.86977573e-02
  4.77695167e-02 -4.57855761e-02  2.98482226e-03 -1.89649463e-02
 -4.64102663e-02 -3.85323307e-03 -3.83542441e-02 -4.27913014e-03
 -2.33209450e-02  8.69359449e-03 -9.13864523e-02  5.98084368e-02
 -8.09611902e-02 -3.14343884e-03 -5.10165840e-02  7.18687987e-03
 -3.92875820e-02 -8.58411789e-02  1.45379556e-02 -2.52373852e-02
  1.17444359e-02 -5.86890019e-02 -7.63504729e-02 -2.39853598e-02
 -6.96940422e-02  2.90015340e-02  1.08229760e-02 -1.60817779e-03
 -1.12763286e-01  3.87820229e-02 -1.45942355e-02 -3.45052704e-02
  5.87108657e-02  1.48752611e-02  1.32675143e-02 -2.69979462e-02
 -1.40040740e-01  1.14571396e-02  1.25161633e-01 -6.06670082e-02
  6.38029426e-02  5.05198240e-02  1.88357346e-02 -8.83335024e-02
 -2.94735946e-04 -2.00331099e-02  4.15849090e-02 -2.58623327e-08
  4.57554795e-02 -4.75494377e-02  5.13624437e-02 -1.03953956e-02
  4.76098433e-02  2.41152267e-03  2.55933893e-03  6.67000115e-02
  5.89338429e-02  3.60627435e-02 -5.61134294e-02 -5.57025848e-03
  3.65089215e-02 -1.06472895e-01  6.88616261e-02  2.51100101e-02
  1.35286665e-02 -5.95046282e-02 -4.82342429e-02  9.57679562e-03
  5.66928415e-03 -2.26652157e-02  5.73699139e-02  6.37508109e-02
  8.68710130e-02  3.48396919e-04 -5.01318239e-02 -1.92119982e-02
 -4.72480953e-02 -1.38638159e-02 -5.33939116e-02 -6.96576238e-02
  2.34611649e-02 -5.69305010e-03 -1.31146582e-02  7.15588406e-02
  1.58092903e-03 -1.03329375e-01 -2.90242340e-02 -6.77168891e-02
  8.40779990e-02 -7.72111490e-02  5.63518591e-02 -9.65272076e-03
  1.02759441e-02  1.68967023e-02 -2.39384659e-02 -1.22663593e-02
  6.13834262e-02 -1.35111297e-03 -2.07712385e-03 -5.17617911e-02
  6.48342893e-02  3.09871836e-03 -2.48269662e-02  3.09526902e-02
 -2.91241854e-02  2.97895707e-02  6.46163225e-02 -5.71889505e-02
  1.31508859e-03  1.02687247e-01  3.20403576e-02 -3.50753814e-02]"
How long can cholera bacteria survive outside the body?,"Vibrio cholerae can survive for varied periods in the environment, depending on factors such as temperature and nutrient availability. In water, they can survive from days to months.","Cholera bacteria can live outside the human body for days to months, depending on environmental conditions.","How long can cholera bacteria survive outside the body? Vibrio cholerae can survive for varied periods in the environment, depending on factors such as temperature and nutrient availability. In water, they can survive from days to months.","[-2.68096346e-02 -4.89957295e-02  4.48549166e-02 -3.92614640e-02
  7.20638782e-02 -1.79216173e-02 -7.03824162e-02  6.26057833e-02
 -4.13447544e-02 -5.86873218e-02 -2.11278461e-02 -4.27397490e-02
  6.15976118e-02  5.77042922e-02  5.93041554e-02 -3.20234336e-02
 -5.75939543e-04 -7.11277649e-02 -5.21531478e-02  5.16875796e-02
  7.62080997e-02  4.05007191e-02 -8.13074782e-02 -5.56319803e-02
 -6.88664764e-02  2.47974508e-02  3.01618148e-02 -1.33106681e-02
  6.78036176e-03  2.38427129e-02 -5.87038696e-02 -5.08339182e-02
 -2.73322780e-03 -1.65033154e-02  3.72048542e-02  1.48349740e-02
 -2.94022020e-02 -9.16109458e-02  3.20844427e-02 -6.51935255e-03
 -7.33708441e-02  1.97279043e-02  4.17209277e-03 -3.90986018e-02
  2.18336768e-02  7.32720504e-03  3.39163728e-02  3.69014591e-03
  7.37456558e-03 -7.63816461e-02 -3.09243463e-02  1.27187429e-03
 -2.30524056e-02  2.05552299e-02 -8.85321945e-03  2.03566309e-02
 -4.45148349e-02 -1.13079652e-01 -7.93611780e-02 -5.62629662e-02
  6.56807497e-02  3.46588604e-02  6.84223399e-02 -4.13673148e-02
 -9.41466615e-02 -4.76112887e-02  4.36217673e-02  1.01902813e-01
  4.31395806e-02  3.62230539e-02 -9.35653597e-02  2.65214778e-02
 -2.43806038e-02  7.97325373e-02 -5.83879766e-04  3.93464640e-02
  4.14392725e-02 -1.48659610e-05  1.82835348e-02 -8.49153847e-02
  3.60093638e-02 -1.79774140e-03  1.00359172e-01  1.02469586e-02
 -3.94923277e-02 -5.08053824e-02  7.13217109e-02  3.80092449e-02
  3.00223734e-02  2.74547469e-03 -2.95759924e-03 -3.94957606e-03
  5.77896163e-02 -9.32168514e-02 -1.96395013e-02 -6.23133183e-02
 -5.57743153e-03 -1.90057978e-02  7.97269121e-02 -6.81643113e-02
 -9.93144214e-02 -7.98613280e-02 -1.62922535e-02 -1.98036227e-02
  5.57091571e-02 -1.05195008e-02 -1.29146837e-02  2.63798162e-02
  2.35201828e-02  4.34227511e-02 -3.62771563e-02  8.55742916e-02
  8.24062303e-02  3.54678393e-03 -2.93608266e-03 -8.84474162e-03
 -9.09131244e-02 -1.70639437e-02 -1.46399299e-02  9.20131281e-02
  3.44413146e-02 -8.66568685e-02  4.08789106e-02 -3.67324427e-02
  2.20467336e-02  1.12077333e-01  1.10784389e-01 -2.54466811e-33
 -5.51456362e-02 -9.99528021e-02  6.07044660e-02 -2.52648573e-02
  4.09400687e-02  4.79073403e-03  1.09153651e-02 -8.91324356e-02
  1.78613309e-02 -1.24541437e-02 -7.29850261e-03 -1.35080457e-01
  2.97554047e-03  7.47477189e-02  5.64217754e-03  1.07598908e-01
  4.17499207e-02 -1.01578705e-01 -9.49808806e-02 -1.29272053e-02
  8.62545297e-02 -5.39749004e-02  5.06994165e-02  2.42067827e-03
  9.39377991e-04 -4.65529040e-02 -4.40499522e-02  3.14213783e-02
 -4.30884622e-02  1.48562631e-02  3.36383581e-02 -3.40705155e-03
 -6.54410496e-02 -2.89205983e-02  6.90022111e-02  2.60777492e-02
  5.10421442e-03  2.37822756e-02 -3.75339203e-02  2.71027926e-02
  1.87420119e-02  5.92587367e-02 -2.87287049e-02 -1.36704789e-03
  5.47301248e-02 -2.90691387e-02  4.54204679e-02  5.90463094e-02
  1.44640636e-02 -4.82861996e-02 -3.63642052e-02 -2.91098859e-02
 -7.44066983e-02 -8.13634992e-02  8.11624825e-02  1.71113070e-02
  6.95602000e-02  5.28539065e-03 -2.55156904e-02 -7.26328865e-02
  4.87350523e-02  8.94059893e-03  2.94051599e-02 -1.02784950e-02
 -1.27489930e-02  7.09726736e-02  8.06412920e-02 -1.72918849e-02
  5.27604902e-03 -3.29126045e-02 -3.19772176e-02 -6.88318489e-03
 -7.11585954e-02 -2.09002625e-02 -2.49697920e-02 -1.25551388e-01
  2.30609234e-02 -8.51701647e-02  2.41918340e-02  5.07917330e-02
  3.10763903e-02 -1.25259385e-02 -1.12080611e-02 -2.97246333e-02
  5.68691716e-02  1.24108670e-02  5.03820293e-02 -2.55334731e-02
 -1.84451547e-02  3.61975171e-02  8.12301934e-02 -6.61070133e-03
  2.35343724e-02 -5.25438832e-03  4.38771583e-02 -1.04292247e-33
  3.50590460e-02  1.02733016e-01 -1.39302406e-02 -2.37193070e-02
 -1.07315732e-02  1.94039922e-02 -9.58454758e-02  1.22135751e-01
 -5.31792734e-03 -4.88110483e-02 -7.67590776e-02  5.26967458e-02
  1.68844331e-02  3.96391861e-02 -3.42338085e-02  7.87521079e-02
 -1.60006043e-02 -7.85881281e-02 -1.78586300e-02 -3.03392690e-02
 -1.36910537e-02 -1.19693533e-01  7.96603691e-03 -3.92252114e-03
  1.61130086e-03  2.07564197e-02  8.80778953e-03  8.75663534e-02
 -4.61026765e-02 -4.11749780e-02  6.61793211e-03  2.25698892e-02
  5.30278645e-02 -5.68372756e-02 -1.49053950e-02 -2.92823873e-02
 -7.26338923e-02 -1.12123810e-01  8.93012956e-02  2.13816464e-02
  2.68904325e-02  2.57272813e-02  6.51772395e-02 -5.68802059e-02
 -7.11869746e-02  4.45453972e-02 -1.38706295e-02 -1.14573911e-01
  2.04194039e-02 -5.23806969e-03  3.10612042e-02 -2.56317779e-02
  2.74448097e-03 -3.36139090e-02  1.17944498e-02 -6.45803809e-02
 -1.83008015e-02  5.60214333e-02 -3.33196372e-02  6.36674883e-03
 -1.85936391e-02 -4.11600024e-02  5.88409156e-02  8.37216675e-02
 -1.02223956e-03  3.49197909e-02  5.65528534e-02  9.71365944e-02
  3.46918888e-02 -1.03236794e-01  7.07980394e-02  3.50051709e-02
 -6.82896227e-02  1.45580862e-02  3.86537202e-02  2.45038290e-02
 -1.59679964e-01  3.64835486e-02 -5.54546155e-03 -1.06242923e-02
 -1.52278959e-03  2.18694191e-02 -6.18277378e-02 -4.47264798e-02
  1.52804395e-02 -1.43275103e-02  3.00468709e-02 -1.66402273e-02
  7.39202574e-02 -3.04224025e-02  4.14201915e-02 -8.30967873e-02
  1.44138988e-02 -1.22958040e-02  7.64558017e-02 -2.58817909e-08
  7.11283758e-02 -4.94631566e-02  9.25134961e-03  4.35197987e-02
  4.40081395e-02  4.13915440e-02  2.36630347e-02 -1.31033119e-02
  6.54286295e-02  1.31235406e-01  1.00581730e-02  2.42961315e-03
  1.90819353e-02 -4.63241376e-02  1.79480128e-02  5.76514117e-02
 -3.87167037e-02 -7.57281780e-02 -3.25493142e-02  2.01226249e-02
 -7.02503929e-03 -1.27872834e-02 -2.62521449e-02  4.00305986e-02
  5.17585799e-02  1.08411000e-03  3.75091098e-03 -8.09327289e-02
 -7.33986497e-02 -7.37291481e-03 -2.56970562e-02 -1.98672600e-02
 -5.58917150e-02  3.15791331e-02 -1.10885017e-01 -2.74773990e-03
  3.91671807e-02 -2.26806849e-02 -4.52306904e-02  2.54694913e-02
  6.92717209e-02 -2.86559630e-02 -4.03725728e-02 -5.40527254e-02
  5.51316105e-02  6.53894320e-02  8.27726163e-03 -5.25645493e-03
 -1.27880704e-02 -3.29811014e-02  1.05868511e-01 -4.64116856e-02
  1.74456276e-02  3.28791589e-02 -4.55927625e-02 -1.44243138e-02
  2.15569104e-04  8.32828060e-02  5.86655876e-03 -3.33757838e-03
 -7.84313530e-02  5.55449799e-02  3.23508121e-02  2.76339389e-02]"
What is the incubation period for cholera?,"The incubation period for cholera, from ingestion of the bacteria to onset of symptoms, can range from a few hours to five days, typically two to three days.","Symptoms of cholera can appear within hours to five days after exposure to the bacteria, often within two to three days.","What is the incubation period for cholera? The incubation period for cholera, from ingestion of the bacteria to onset of symptoms, can range from a few hours to five days, typically two to three days.","[ 1.85770225e-02 -3.40075120e-02  4.34814952e-02 -3.87559682e-02
  3.74709517e-02 -4.77794558e-02 -8.17892626e-02  6.85929786e-03
  4.98106889e-02 -8.67943168e-02  1.71205658e-03  1.07724452e-03
  7.26201162e-02  6.95194826e-02  2.47061197e-02 -1.27290497e-02
 -7.59008378e-02 -1.08290106e-01  1.71604846e-02  3.77401821e-02
  1.18876256e-01 -7.40006417e-02 -2.30693840e-03 -6.61827326e-02
 -2.27544047e-02  3.01280729e-02  4.57047634e-02 -6.22106194e-02
  2.07961798e-02  5.58902510e-02 -4.68633920e-02 -7.76389316e-02
  6.35324195e-02 -1.97286140e-02  4.48226705e-02 -3.98882516e-02
  3.69453914e-02 -3.73991616e-02 -8.07726290e-03 -1.09799695e-03
 -2.52424534e-02 -1.34828715e-02  2.26475503e-02 -4.90223281e-02
  3.76519784e-02 -2.25729384e-02 -4.22878787e-02  2.00888347e-02
 -4.09677178e-02 -7.17036501e-02  2.00197194e-02  4.80768830e-03
 -1.03661381e-02 -6.32106792e-03  5.60203977e-02  9.57325473e-02
 -3.72998416e-02 -6.12705387e-02 -1.27968118e-02 -5.41754365e-02
 -1.58596523e-02  4.05510999e-02  3.47762555e-02 -3.46791036e-02
 -7.82836825e-02 -1.30783757e-02  5.35540245e-02  3.74611504e-02
  5.95157780e-02  5.37564680e-02 -9.21952799e-02 -1.14563378e-02
  2.39425916e-02  5.05774841e-02 -4.51822765e-02  1.90035105e-02
  7.83230364e-02  3.92500944e-02 -4.26119640e-02 -8.21368620e-02
  6.20939694e-02  1.33663556e-02  1.00883745e-01  2.68692616e-02
 -2.36450732e-02 -3.28797437e-02  6.11855909e-02  7.68491551e-02
  1.19285183e-02  9.90396552e-03 -5.34347584e-03 -5.46491258e-02
  4.76923306e-03 -1.62319131e-02  4.86265607e-02 -4.12636735e-02
  4.96752793e-03  5.88811189e-02  5.95840774e-02 -6.52388930e-02
 -4.03419808e-02 -5.22862375e-02 -2.02157013e-02 -1.90766435e-02
  3.33125591e-02  2.16608662e-02 -3.94060388e-02  2.12758370e-02
 -5.72802834e-02  2.04938818e-02 -3.92949507e-02  6.05165437e-02
  7.47026131e-02  8.03359598e-03  1.30541213e-02  7.06368238e-02
 -7.67168477e-02  4.16747816e-02  8.77839327e-02  5.84700033e-02
  8.64786059e-02 -1.41510949e-01 -2.71581002e-02 -3.96445543e-02
  2.95731612e-02  1.07372917e-01  2.67875362e-02 -2.56494153e-33
 -7.00896159e-02 -3.48528195e-03  2.51597222e-02  1.43431285e-02
  6.97036907e-02  1.31010218e-02  6.22235413e-04 -2.62875073e-02
  2.66189482e-02 -1.34405438e-02  5.62477484e-03 -7.25287572e-02
 -1.10946996e-02  6.98987842e-02 -5.08146733e-02  5.33662699e-02
  5.31156212e-02 -4.83652912e-02 -7.40937963e-02 -5.83228618e-02
  6.15260005e-02 -6.08873330e-02 -3.22812074e-03 -6.99254423e-02
  4.07983586e-02 -5.26719391e-02 -6.87654167e-02  8.12337361e-03
  4.46114577e-02  2.10791100e-02  7.99958333e-02 -2.49875593e-04
 -6.50359690e-02  1.15941372e-02  1.34818105e-03 -1.20602017e-02
  2.31705923e-02  6.33887202e-02  3.76886036e-03  2.53463462e-02
  3.79837304e-02  4.64075319e-02 -5.33874445e-02  2.37278342e-02
  3.01682018e-02  2.27565281e-02 -5.65772429e-02  6.31597042e-02
  1.36807021e-02 -5.86593971e-02 -1.42314872e-02 -3.28246728e-02
 -2.96601187e-02 -1.09875120e-01  5.15662208e-02  6.26268014e-02
  1.03564449e-01 -3.20662893e-02 -3.66919115e-02 -7.02418163e-02
  7.14039281e-02  8.21830425e-03  3.89118791e-02 -2.29473803e-02
 -3.09328083e-02  5.52211776e-02  1.08407564e-01 -2.89796926e-02
  6.57769889e-02 -5.46553731e-02 -4.52732369e-02 -2.30306610e-02
 -1.17009699e-01  3.29563831e-04 -5.96996918e-02 -1.03641964e-01
  4.60122563e-02 -6.56355694e-02 -1.80773921e-02  6.31725714e-02
  1.78756025e-02 -9.27544907e-02 -8.17956217e-03 -3.29228044e-02
 -1.51192266e-02 -2.68669706e-02 -8.50120466e-03  4.17820290e-02
 -6.22794516e-02  1.30765587e-02  1.47572029e-02  2.15744246e-02
  3.85188237e-02  4.01276797e-02  4.08781990e-02 -7.96670450e-34
  8.65194798e-02  4.38058972e-02 -6.27033859e-02  2.39606462e-02
  7.47093260e-02 -1.66097116e-02 -1.66739356e-02  1.20434754e-01
  1.91742629e-02 -4.22744490e-02 -5.69005758e-02 -2.32195202e-03
 -6.48283064e-02  4.87683166e-04  6.91210991e-03  6.82203770e-02
  7.87347183e-02 -2.39094086e-02 -9.22145229e-03 -1.01095363e-02
  3.11461724e-02 -1.15133375e-01 -4.28713672e-02 -7.42738023e-02
  1.05644492e-02 -1.03464071e-03  4.48746756e-02 -9.49689769e-04
 -4.99672443e-02 -1.96864996e-02 -5.80354668e-02  2.71226689e-02
  4.60665151e-02 -3.22471256e-03 -3.80795747e-02 -2.75319498e-02
 -2.48855613e-02 -2.02089604e-02  8.15405101e-02 -1.13237845e-02
  1.79757476e-02  6.68054149e-02 -1.23994360e-02 -4.14065979e-02
 -4.40875888e-02  5.09196185e-02  6.61107600e-02 -1.05913624e-01
  4.93441373e-02 -1.76815018e-02 -1.48663167e-02 -5.49440607e-02
  3.13943736e-02 -3.33390199e-02  5.08317910e-02 -6.77158460e-02
  4.79619615e-02 -4.37099561e-02 -9.05156042e-03  4.33422104e-02
 -2.96997186e-02 -1.95328146e-02 -3.69839519e-02  1.68305878e-02
 -3.63667607e-02 -1.29444413e-02  1.44802518e-02  2.51069665e-02
  4.44219522e-02 -1.24915391e-01 -3.18438411e-02 -6.91890763e-03
 -5.15581109e-02  2.03851648e-02 -2.92744786e-02 -4.18320075e-02
 -1.17993586e-01  2.43487954e-03  2.34078653e-02 -8.86522606e-02
 -7.94025883e-02  1.44394320e-02 -2.34128498e-02 -6.83501810e-02
 -7.23316073e-02 -2.16254368e-02  7.64978901e-02  3.13549638e-02
  9.74723622e-02  1.81535557e-02  6.81670457e-02 -4.37641144e-02
  5.72574809e-02  3.27336043e-02  2.98484322e-02 -3.00842373e-08
  1.01550303e-01 -7.80770928e-02  2.34129410e-02  1.07679874e-01
  6.41612634e-02  5.23874769e-03 -1.04353456e-02  2.69455817e-02
 -2.96058711e-02  2.16400921e-02 -3.48428637e-02  4.21404541e-02
  3.92664410e-02 -3.32425274e-02  2.90044770e-03  1.06611820e-02
 -2.05389746e-02 -8.71386677e-02 -9.10018221e-04  3.42327803e-02
  6.32452890e-02  1.42590953e-02 -4.14044745e-02 -7.70155294e-03
  8.42150673e-02  2.28220914e-02  4.03060615e-02 -2.40198504e-02
 -8.39815661e-02 -7.32423589e-02 -1.08896233e-01  1.30242398e-02
 -9.94851515e-02  1.84245892e-02 -9.12571847e-02  2.44600326e-02
  4.08366742e-03 -6.56027272e-02 -4.43550758e-02 -4.48077396e-02
  1.12395927e-01 -4.30986024e-02  4.59348299e-02 -7.71296024e-02
  1.12196900e-01  4.04259115e-02 -5.06685860e-02  1.54480403e-02
  2.10976023e-02 -5.20702302e-02  7.41902292e-02 -5.48642986e-02
 -7.06233142e-04  2.06747074e-02  2.95768362e-02 -1.02307620e-02
 -6.27571419e-02  1.42621072e-02  4.55003306e-02 -3.27325612e-02
 -5.19818403e-02  5.36636263e-02 -1.46628125e-02 -6.84335381e-02]"
Are there different strains of Vibrio cholerae?,"Yes, there are over 200 serogroups of Vibrio cholerae, but only two, O1 and O139, are responsible for the majority of cholera outbreaks.","Yes, multiple strains of cholera exist, but only a couple are known to cause outbreaks.","Are there different strains of Vibrio cholerae? Yes, there are over 200 serogroups of Vibrio cholerae, but only two, O1 and O139, are responsible for the majority of cholera outbreaks.","[-1.19501464e-02 -9.50672552e-02  3.47623751e-02 -3.58495228e-02
  2.93393284e-02 -3.11086681e-02 -5.90256490e-02  3.88578996e-02
  1.58486627e-02 -8.25634301e-02  3.20450254e-02 -4.75212783e-02
 -2.19629314e-02  3.57465409e-02  2.62840837e-02 -9.62970555e-02
 -1.43947536e-02 -2.82273013e-02 -6.52993238e-03  3.01143751e-02
  6.70603365e-02  2.05100775e-02  2.60439906e-02 -4.58365828e-02
 -8.08019340e-02 -3.73427197e-02  1.19314156e-02  5.67708947e-02
  1.34943500e-02 -4.15769927e-02 -4.21860591e-02 -2.54607555e-02
  1.04311313e-02  6.38199318e-03  7.71420971e-02 -6.37270436e-02
  8.52560904e-03 -4.06762399e-02 -2.33130679e-02  9.04931203e-02
 -1.68100949e-02  3.65450829e-02  3.37847583e-02 -7.85044879e-02
  1.68205891e-03 -1.36485258e-02 -5.08534815e-03  3.00289243e-02
 -1.87926702e-02 -5.44725992e-02  4.58281301e-03 -5.72332814e-02
 -1.09156743e-02  2.44725607e-02  8.89568105e-02 -8.41110200e-02
 -2.63423137e-02 -9.83237550e-02 -4.75400276e-02  7.58375367e-03
 -2.15174165e-02  5.14851287e-02  5.38376942e-02 -4.60058171e-03
 -4.32823561e-02  2.62375195e-02  7.11484700e-02  2.52620056e-02
  7.84097705e-03  1.03404280e-02 -1.56759117e-02  3.39105576e-02
  5.51839434e-02  1.15054488e-01 -1.95536762e-02  8.43295529e-02
  2.98004095e-02  8.97015706e-02 -3.32775107e-03 -8.65231976e-02
  1.51898898e-02 -5.39011844e-02  8.42078552e-02  1.25191538e-02
 -4.78347316e-02 -6.91574141e-02  5.67137338e-02  3.04695554e-02
  2.78911348e-02  5.74896187e-02 -1.95827708e-02  2.62339748e-02
  9.51153859e-02 -8.09345618e-02 -1.37550039e-02 -1.09241400e-02
  5.41956127e-02  3.77296805e-02  6.22822568e-02 -5.81305772e-02
 -5.22595719e-02 -2.94011887e-02  8.62185434e-02 -7.77313998e-03
 -2.20276794e-04 -9.05605219e-03 -1.38912362e-03  7.33976718e-03
  2.92513650e-02 -3.71164307e-02 -7.18316063e-02  4.71476875e-02
  2.30844673e-02 -5.15536442e-02 -3.60346325e-02 -6.35828823e-02
 -5.78348227e-02  4.17878944e-03 -7.12984800e-02  1.49316132e-01
  2.65789367e-02 -8.61897394e-02  8.18020999e-02  1.15610864e-02
  2.39138696e-02  5.24509028e-02 -2.03371141e-02 -1.98178751e-34
  1.53664278e-03 -3.00954152e-02  1.75233968e-02 -2.27447543e-02
  6.41528219e-02  2.99468972e-02 -1.42064104e-02  3.93858477e-02
 -5.52431308e-02 -8.30457062e-02 -4.47897576e-02 -9.67883766e-02
  1.28700323e-02  7.31497034e-02  1.21458629e-02  3.02529708e-02
 -8.85016751e-03 -7.63471350e-02 -1.20468035e-01 -1.23497983e-03
  9.58611816e-02  2.26391368e-02  4.93325815e-02 -7.59988930e-03
 -6.23092093e-02 -1.02394717e-02 -4.71298397e-02  2.01564860e-02
 -1.35268336e-02  1.22830942e-02 -2.66785035e-03 -5.63939400e-02
 -3.05836387e-02 -1.21787342e-03  2.53107883e-02  3.36633436e-02
 -1.16063012e-02 -2.19594967e-02 -7.24071125e-03  2.22858004e-02
  3.53017002e-02  5.70015274e-02 -1.07675061e-01 -1.63979623e-02
  7.22248331e-02 -3.75553556e-02 -5.87561987e-02  5.38688749e-02
  1.89130064e-02 -2.62383912e-02 -5.57438880e-02  1.09440060e-02
 -7.17970282e-02 -5.64661697e-02  6.39564842e-02 -8.03473666e-02
  5.39040230e-02  7.78470486e-02  3.68919522e-02 -5.01096994e-02
  4.59494069e-02  1.45750735e-02  8.37582909e-03 -2.95407586e-02
 -1.72962993e-02  1.83049589e-02  7.70312026e-02 -8.72175209e-03
 -1.61777381e-02  4.41767350e-02 -3.15508470e-02 -2.34862529e-02
 -9.43202749e-02  3.40583548e-02 -1.61373743e-03 -4.81461212e-02
  3.15652527e-02 -2.91403867e-02  3.34742516e-02  2.88595781e-02
 -8.76467973e-02 -1.93707161e-02  4.33361605e-02 -2.64180787e-02
 -8.05129409e-02  3.51235121e-02  2.19995044e-02  4.25092764e-02
 -1.62841529e-02  5.90382256e-02  5.83421923e-02 -2.93958001e-02
  5.32721765e-02 -4.36663162e-03  3.35374773e-02 -2.24116888e-33
 -8.44786912e-02  1.30211055e-01 -9.32073500e-03 -8.33226368e-02
 -2.26572584e-02  8.56696442e-02  2.25343332e-02 -1.98019352e-02
 -5.10700606e-02 -3.92173119e-02  6.05072686e-03 -2.39269156e-02
 -2.82084127e-03 -4.94994223e-02 -4.58885655e-02  5.59520908e-02
 -4.90510948e-02  1.23830019e-02  3.69274877e-02 -7.24896416e-03
 -7.00983852e-02 -9.76797938e-02  6.68766797e-02 -6.05175039e-03
  2.51320321e-02  4.19345461e-02  5.67970565e-04  1.11949839e-01
 -4.02451456e-02  1.02861337e-02  2.30990928e-02  3.32621038e-02
  4.98827472e-02 -1.40123805e-02 -6.57604858e-02 -3.57695832e-03
  1.46194398e-02 -3.74126099e-02  9.82544646e-02  6.27720356e-02
  4.00746316e-02  2.25923304e-02  7.19230175e-02  2.41120644e-02
 -9.36855748e-02  7.20706061e-02 -7.28294021e-03 -8.27465355e-02
 -3.59698804e-03 -4.38705832e-02 -7.88329053e-04  2.46306937e-02
 -2.30697840e-02  1.17469802e-02  1.37793906e-02  7.11630750e-03
 -1.44879762e-02  2.70093996e-02 -5.39107695e-02  1.45654399e-02
 -1.50682945e-02  3.15559655e-02  2.91154180e-02  6.75804690e-02
  4.25618365e-02 -3.97709608e-02  4.29954790e-02  3.37917805e-02
 -2.57972628e-02 -5.39585613e-02 -4.42450214e-03 -2.08608210e-02
 -4.16921116e-02 -5.39576076e-02  8.07866603e-02 -1.48107037e-02
 -9.47773308e-02  1.31011102e-03 -3.95351872e-02 -6.76082522e-02
  5.29488325e-02 -3.77286673e-02  8.21783021e-03 -5.65099111e-03
 -9.84523371e-02  4.70777787e-02  8.78780484e-02  2.61943322e-02
  7.81581998e-02  6.92736879e-02  2.91813421e-03 -5.61666936e-02
  2.52966098e-02 -3.02568190e-02  3.68687510e-02 -2.84002031e-08
  8.54777545e-02 -9.16174427e-02  8.90929550e-02  4.43440713e-02
  2.81903166e-02 -1.44958086e-02 -7.54695609e-02  1.27790451e-01
  5.23798214e-03  1.17246024e-01  3.23170349e-02  2.81921495e-02
  1.17281843e-02 -8.56970847e-02  8.03261176e-02 -7.76030496e-03
 -5.71636707e-02  2.18126494e-02 -3.54817510e-02  4.07430977e-02
  3.66538130e-02 -1.66572370e-02  2.12615747e-02  5.06407255e-03
  4.61656228e-02 -3.36801149e-02 -8.78304839e-02 -5.91529720e-02
 -6.36859387e-02 -1.25752583e-01 -2.76136026e-02 -5.34188338e-02
 -3.27391326e-02 -4.46944535e-02 -5.48991896e-02  8.28667078e-03
 -1.50431609e-02 -3.16941440e-02 -2.70523112e-02 -2.09638104e-02
  1.02433562e-01 -1.27317145e-01  1.49864033e-02  3.66587900e-02
  7.36927763e-02  9.03325528e-02 -2.67691929e-02 -9.75120142e-02
  1.75768360e-02 -6.65715635e-02 -4.09405353e-03 -5.19668125e-02
  4.14536335e-02  1.73748545e-02 -1.26176447e-01 -5.78824244e-02
 -1.24350786e-02  3.21159288e-02  4.32044491e-02 -4.96689416e-02
 -1.02704866e-02 -1.57027063e-03  1.05863370e-01  6.68918854e-03]"
What role do carriers play in the spread of cholera?,"Some individuals can carry Vibrio cholerae without exhibiting symptoms and can shed the bacteria in their stool, contributing to the spread of the disease.",Asymptomatic carriers can still spread cholera by contaminating water or food through fecal matter.,"What role do carriers play in the spread of cholera? Some individuals can carry Vibrio cholerae without exhibiting symptoms and can shed the bacteria in their stool, contributing to the spread of the disease.","[ 4.36107256e-02 -4.39616553e-02  7.11872503e-02  2.34100875e-02
 -1.03194860e-03  4.29281294e-02  1.90960877e-02  8.62384513e-02
  1.51110552e-02  1.10867219e-02  9.68578830e-03 -2.30126008e-02
  2.35513039e-02  1.22401580e-01  5.45526594e-02 -4.29653823e-02
 -4.22776677e-03  1.27260452e-02 -7.45505393e-02  5.05688563e-02
  4.17479165e-02 -3.53034101e-02 -4.21331637e-02 -1.61207318e-02
 -1.41351625e-01 -7.56852143e-03 -3.10196672e-02 -2.35854760e-02
 -1.81728192e-02 -1.72536261e-02 -3.43837515e-02 -2.69829649e-02
 -1.29841818e-02  5.01085408e-02 -7.85865411e-02 -2.14934517e-02
 -4.91508609e-03 -5.19060940e-02  4.26347554e-02  2.88896672e-02
 -2.23315626e-04 -4.88112941e-02  3.33613977e-02 -1.25711393e-02
  1.59023982e-02 -7.62246624e-02  3.25759128e-02  4.62898687e-02
 -3.53176892e-02 -6.49478734e-02  1.84419136e-02 -6.02918258e-03
 -1.76782366e-02  7.63029084e-02  1.26822600e-02  1.55960135e-02
 -2.90451664e-02 -1.04023986e-01 -2.57766284e-02 -2.72573736e-02
  8.02449230e-03  1.09393388e-01  4.24971245e-02  2.45967368e-03
 -4.19653356e-02 -1.25140473e-01  8.10559839e-02  1.39590651e-01
  3.27275041e-03  2.96134669e-02 -1.48254738e-03  2.04946809e-02
 -1.74912363e-02  1.37096316e-01  4.35199477e-02  1.62279867e-02
  8.15214962e-03  4.11608722e-03  2.13793609e-02 -4.44457792e-02
  7.73423612e-02 -2.77874880e-02  1.02857284e-01  4.41230312e-02
 -1.66225191e-02  5.16174594e-03  4.83219922e-02 -2.64536068e-02
 -4.87652756e-02 -1.13263295e-03  3.57484668e-02 -6.83221370e-02
  3.48336585e-02 -2.77430713e-02 -2.32933443e-02 -5.39578833e-02
  9.23656917e-04 -1.64786801e-02  6.37940913e-02 -3.80915254e-02
 -4.45228219e-02 -1.66202970e-02 -2.00078217e-03  1.45895770e-02
 -2.63648462e-02 -1.73061844e-02 -4.20289002e-02 -1.99269224e-02
  2.76589952e-02 -3.02508660e-02 -5.24939448e-02  5.15470654e-02
  1.61127504e-02  2.02971175e-02 -4.36771885e-02  2.35656388e-02
 -8.76797363e-02 -9.86358430e-03 -6.90692663e-02  5.62110869e-03
  6.43919734e-03 -6.47754073e-02 -1.24665797e-02  7.26940250e-03
  5.14837774e-03  3.16676870e-02  4.75430265e-02 -2.80399741e-33
 -1.07472710e-01 -7.12966919e-02  1.75568350e-02  8.12200084e-02
  8.09363425e-02 -4.28572344e-03 -2.04570796e-02 -5.94863482e-02
 -4.50067595e-03 -8.70525558e-03 -6.69010878e-02 -1.26207635e-01
  7.41918804e-03  1.50524944e-01 -2.51390729e-02  3.35181020e-02
 -1.51132355e-02 -4.93892320e-02 -4.27444689e-02 -5.18388289e-04
  7.13952705e-02  1.87095907e-02  1.46690272e-02 -8.03526640e-02
  1.73456427e-02 -3.87863885e-03 -1.24298468e-01  3.73953138e-03
  4.10933867e-02  4.43233103e-02 -2.51463968e-02 -1.04819862e-02
 -6.42677918e-02 -7.27850245e-03  4.63373326e-02  5.09639271e-02
 -5.61696775e-02  2.70536775e-03 -5.65772168e-02  4.11832379e-03
 -5.30533260e-03 -1.24088489e-03 -1.47119612e-01  8.69719982e-02
 -1.44885648e-02 -2.98033785e-02 -1.29871825e-02  3.50571945e-02
 -1.06773630e-03 -3.54028121e-02 -1.89113393e-02 -6.05642982e-03
 -6.82509691e-02 -1.43362999e-01  7.05582350e-02  1.58134080e-03
  1.18211143e-01 -7.22622871e-02 -4.62382622e-02 -2.81408262e-02
  5.83379343e-02 -2.11256295e-02 -6.99411854e-02  1.72299538e-02
 -2.50645708e-02  1.55410916e-02  9.55477208e-02 -1.02524616e-01
  4.86529013e-03  1.23456735e-02 -4.70332503e-02  2.96840984e-02
 -3.26626748e-02 -7.06147775e-03  4.94849728e-03 -3.99697907e-02
 -1.43958125e-02 -2.24904288e-02  4.96636853e-02  2.66568083e-02
 -3.86750996e-02 -1.32991955e-01  7.04097450e-02 -2.29772311e-02
 -9.53624118e-03 -3.41135040e-02  4.12746556e-02 -3.21845375e-02
 -2.22676806e-02  2.11743806e-02  7.08085969e-02 -1.74259562e-02
  1.18450786e-03  4.20433544e-02  7.41947442e-02 -9.60071236e-34
 -3.50358076e-02  1.03958175e-01 -6.77183717e-02 -7.72293657e-02
 -3.35872658e-02  6.92797452e-02  4.79430193e-03 -5.83509505e-02
  2.02187654e-02 -1.87742710e-02 -7.81948194e-02  2.24534404e-02
 -3.72439586e-02  1.66598130e-02 -3.64678539e-02  6.67820424e-02
 -1.95077562e-03 -3.77433561e-02 -2.27632932e-02 -3.99503745e-02
 -9.94121954e-02 -7.79011250e-02  5.63531294e-02  1.75885987e-02
  5.06118201e-02  3.44409113e-04 -2.02068649e-02  8.78253654e-02
 -2.39829049e-02 -2.88683269e-02  3.37079875e-02 -2.67059952e-02
  4.91467416e-02 -6.08124360e-02 -7.21456110e-02  3.62542532e-02
  1.03145493e-02  2.17950363e-02  8.45302492e-02 -4.55726422e-02
  8.26312415e-03  3.78235243e-02  2.10415255e-02  3.60452533e-02
 -6.16800785e-02  1.03146963e-01  1.92677416e-02 -2.97369454e-02
  5.39508276e-02  1.49965305e-02  5.25600463e-02  7.20198615e-04
  2.50673220e-02  2.84384377e-03  4.11704779e-02  1.18268514e-02
 -3.62240858e-02 -4.34217788e-02  2.54959557e-02 -2.02819481e-02
 -5.46555929e-02  6.90723285e-02 -1.64968632e-02  1.48755629e-02
  9.81471967e-04 -4.09201197e-02 -1.78632513e-02  6.48986623e-02
  3.13455164e-02 -7.78093189e-02 -9.61831119e-03 -4.61580381e-02
  2.19613016e-02 -1.79589484e-02 -8.10493075e-04 -2.64485851e-02
 -1.29952088e-01  1.52012603e-02 -1.41786830e-02  3.06763742e-02
 -8.12000304e-04 -3.09496168e-02 -1.32469069e-02 -9.35573131e-02
 -5.81417158e-02  1.90169103e-02  1.14116214e-01 -7.85237644e-03
  4.72993851e-02 -1.10361362e-02  6.49301801e-03 -1.28216492e-02
 -3.93698225e-03 -4.01251763e-02  7.52805872e-03 -3.01870884e-08
  5.38647883e-02 -7.24064335e-02  2.33862195e-02 -2.11302787e-02
  1.14554344e-02  1.50476778e-02 -4.14230628e-03  7.42733628e-02
  4.91744354e-02  1.49463505e-01 -4.84607816e-02  6.63006008e-02
  3.95897143e-02  2.62933713e-03  7.33272508e-02  5.80879301e-02
 -6.65055141e-02 -1.69145949e-02 -6.30480126e-02 -3.59275714e-02
  2.09771805e-02  9.56288539e-03 -9.16950405e-03  3.09969634e-02
  7.90863410e-02  1.76913086e-02 -4.14322242e-02 -7.63467476e-02
 -4.11340520e-02  1.45625286e-02  9.85459611e-03 -3.15484665e-02
 -6.77375123e-02  6.12455904e-02 -5.73082305e-02  1.02589779e-01
  5.51871546e-02 -4.81783897e-02 -5.60420973e-04  2.06018873e-02
  9.42917839e-02 -2.52500623e-02  3.39106917e-02  5.25298752e-02
  7.88483471e-02  4.61191498e-02 -3.83166596e-02  7.46738864e-03
  2.69141328e-02 -3.83277945e-02  4.10906635e-02 -5.55429161e-02
  1.75406151e-02  1.87360868e-02 -8.11283812e-02 -1.64460298e-02
 -3.25529613e-02  7.70655945e-02  7.00927600e-02 -2.40215417e-02
 -1.27574652e-01  3.48986648e-02  1.27349660e-01  1.65092908e-02]"
How does weather affect cholera outbreaks?,"Warm temperatures and increased plankton growth, often associated with algal blooms, can provide more favorable conditions for the survival and growth of Vibrio cholerae.","Warm weather and algal blooms can enhance conditions for cholera bacteria to thrive, potentially leading to outbreaks.","How does weather affect cholera outbreaks? Warm temperatures and increased plankton growth, often associated with algal blooms, can provide more favorable conditions for the survival and growth of Vibrio cholerae.","[-2.28651594e-02  3.83600779e-03  1.30725890e-01  2.41284575e-02
  7.51028284e-02  1.81873608e-02 -1.24379946e-02 -2.94974241e-02
 -1.06642535e-02  2.83161923e-02 -2.72134822e-02 -6.21374175e-02
  7.70431831e-02  5.04522473e-02  5.41683212e-02  5.33277867e-03
 -2.57139783e-02 -1.93154067e-02 -9.24127996e-02  2.29019988e-02
  4.65947688e-02  2.76676528e-02 -8.39428082e-02 -2.44768839e-02
 -7.88856149e-02 -5.32337762e-02 -2.26349290e-02  4.87031601e-02
 -6.04100339e-02  3.47479656e-02 -9.13322419e-02  1.62798241e-02
  3.23448405e-02 -4.79936786e-03  2.25983933e-02 -5.50752990e-02
  4.43594567e-02 -5.37234694e-02 -3.41321044e-02  6.02660850e-02
 -2.79336851e-02 -3.08018252e-02  6.26332872e-03 -5.52153848e-02
 -1.15893520e-02 -8.12734589e-02 -1.63316876e-02  1.02098636e-01
 -4.16351222e-02 -1.10420421e-01 -4.83921580e-02 -2.01993864e-02
 -4.12981287e-02 -4.26369300e-03  2.24125525e-03  2.69760378e-02
 -1.38862031e-02 -5.33010103e-02 -1.49183180e-02 -7.00098649e-02
  2.29428168e-02  7.06331059e-02 -1.20030157e-02  1.04852971e-02
 -1.52772125e-02 -5.46819903e-02  1.17630232e-02  9.19806138e-02
  4.75141183e-02 -1.29230795e-02 -3.05767581e-02  6.56846315e-02
  5.27712656e-03  3.21253166e-02  6.09886320e-03 -3.35873514e-02
  9.11585800e-03  1.57230012e-02  6.29352629e-02 -3.81401554e-02
  4.90762219e-02 -8.20339993e-02  1.12634376e-01  2.84491610e-02
 -2.07246598e-02 -3.89546193e-02  1.15266629e-01 -2.10162215e-02
  1.03472499e-03  1.14789428e-02  5.33316508e-02 -8.03007409e-02
  1.44014228e-03 -2.11337768e-02 -6.50700256e-02  4.63979430e-02
  2.20822394e-02 -5.06830290e-02  3.37867551e-02 -3.55348401e-02
 -5.51563129e-02 -9.68016982e-02 -1.87086631e-02 -9.29504354e-03
  1.03505053e-01  2.15431508e-02 -1.71784742e-03 -9.04483534e-03
 -1.43115537e-03 -5.37569821e-03 -5.50677702e-02  7.21354559e-02
  4.11462635e-02  2.70255655e-03  7.92636909e-03  4.79533523e-02
 -6.32670149e-02  2.67436989e-02 -9.31726769e-02  2.71910261e-02
  1.61589161e-02 -8.49233642e-02 -5.16944453e-02  6.03178293e-02
  7.20916362e-03  7.96451643e-02  2.08279938e-02  8.18664133e-34
  1.12260766e-02 -9.68611836e-02 -4.10878621e-02  1.77868064e-02
  1.67151779e-01 -7.24636987e-02 -3.38648818e-02 -1.23857416e-01
 -2.05003694e-02 -4.96310741e-02 -5.25849462e-02 -1.51854958e-02
  4.18036170e-02  9.32006091e-02 -2.12193187e-03  5.41668274e-02
 -6.17454983e-02  8.41612741e-03 -1.12107284e-01  6.27743602e-02
 -2.37849235e-04 -7.23684207e-02  3.75710335e-03  2.81187333e-03
 -2.00697761e-02 -3.87098305e-02  2.51238383e-02  4.57110740e-02
 -2.53463537e-02  1.77900754e-02  2.29134075e-02 -6.37058541e-02
 -1.10939080e-02 -3.13486010e-02  1.12104088e-01  4.16324250e-02
 -2.35051997e-02 -4.03960831e-02  1.33640589e-02  4.03589718e-02
 -1.20214522e-02  3.34523395e-02 -1.03992924e-01  1.06253233e-02
  1.16311394e-01  4.07412648e-02 -2.27245782e-03  5.35176396e-02
  2.57708281e-02 -4.40723971e-02 -2.29035248e-03 -1.09207220e-02
 -4.23294827e-02 -6.10771850e-02  4.13809679e-02  1.28978267e-02
  1.21047661e-01 -1.55603038e-02 -7.67496461e-03 -8.21276158e-02
 -9.02637281e-03 -7.55504891e-02  6.18553013e-02 -7.77205378e-02
  7.30423629e-02  5.24776354e-02  1.35636598e-01 -1.98867265e-03
 -8.14461242e-03 -4.92883138e-02 -5.79399765e-02 -6.76215533e-03
 -8.55412800e-03  1.30016068e-02 -1.14586409e-02 -2.56847497e-02
  2.87044141e-02 -5.25964685e-02  3.51129472e-02  7.51545131e-02
 -2.36308333e-02 -4.78495397e-02  4.99916859e-02 -6.07488081e-02
 -4.30781916e-02 -5.12532555e-02  2.95874663e-02  3.94866318e-02
  8.15872569e-03  4.98584211e-02  8.62739161e-02  2.07401123e-02
  2.81830076e-02  5.80625050e-02  2.28665471e-02 -3.02988224e-33
 -2.27141473e-02  3.24309207e-02 -5.82798272e-02 -4.36052270e-02
 -5.92965037e-02  3.06396279e-02 -5.76411672e-02 -2.12627859e-03
  6.16491623e-02 -7.99926221e-02 -1.89372376e-02  4.70178798e-02
 -4.20033112e-02 -1.89083461e-02 -1.97547674e-02  1.84708927e-02
  4.68649678e-02  1.90649666e-02 -3.86095606e-02 -2.16650981e-02
 -1.13663271e-01 -8.47145393e-02  1.26725128e-02  3.22386138e-02
  6.25677919e-03 -1.33301364e-02 -3.83500382e-02  9.07917544e-02
 -5.97247779e-02 -6.85204379e-03 -3.74531164e-03  5.64351268e-02
  2.47959215e-02  2.84747127e-02 -1.16547570e-02  8.59247223e-02
  5.27691692e-02 -1.08554348e-01  1.08191743e-01  3.40621173e-03
  3.18461843e-02 -1.80969294e-02  1.29767895e-01 -5.04621454e-02
  2.76833633e-03  7.21352473e-02 -6.37273863e-03  2.35255691e-03
  8.76939204e-03 -3.02418061e-02  3.65092978e-02 -1.33220283e-02
 -5.16133709e-03  2.35738438e-02  3.32615478e-03 -2.28450894e-02
 -4.89265323e-02 -4.81390618e-02 -1.05123617e-01  5.52715994e-02
 -6.02811314e-02 -2.48037037e-02  2.91590542e-02  3.10149565e-02
 -6.23905659e-02 -9.74536035e-03 -5.18292515e-03  1.77151076e-02
  3.28044742e-02 -4.62945960e-02  4.48165601e-03  6.43228972e-03
  3.24665708e-03  9.37587395e-03 -2.62245685e-02 -5.75865768e-02
 -1.03800528e-01  3.45402993e-02 -4.56512980e-02  4.35964353e-02
 -3.08340248e-02  3.37402150e-02 -4.08882424e-02 -7.23184273e-02
 -9.68684107e-02 -1.50271486e-02  6.40468597e-02 -3.13389637e-02
  8.05824474e-02  3.93797681e-02 -4.05820124e-02 -5.02162203e-02
 -2.64124684e-02 -5.37681878e-02  4.19368707e-02 -3.02407877e-08
  4.75676395e-02 -6.39207959e-02  5.68155907e-02  2.23482475e-02
  7.59406015e-02 -2.34703626e-02  4.65064822e-03  7.52645358e-02
  6.78763390e-02  8.92645717e-02 -2.35725893e-03  7.72709996e-02
  2.10240893e-02 -2.10340563e-02  7.45897591e-02 -4.81446227e-03
  5.63561842e-02 -7.59566724e-02 -3.29689682e-02 -4.66302671e-02
  4.16619666e-02 -9.78974998e-03  1.64215881e-02  5.43206669e-02
  1.49335727e-01 -9.49533307e-04  3.81021537e-02  1.25757735e-02
 -5.17285541e-02 -2.15727724e-02 -6.71236217e-02 -6.55667484e-02
 -3.29044387e-02  4.54494134e-02 -4.32424843e-02  4.71805260e-02
 -2.86594182e-02 -9.67008341e-03  9.25420783e-03 -2.23796293e-02
  1.04416221e-01  8.97982903e-03 -1.57652926e-02 -2.63540167e-02
  2.57992838e-02  2.36576702e-02 -1.69100822e-03  1.99075490e-02
 -1.10428156e-02 -2.71021612e-02  6.66527972e-02 -5.27719185e-02
  6.19384497e-02  2.18325239e-02 -1.04714341e-01 -3.95130785e-03
 -2.06368379e-02  7.44491294e-02  5.12826890e-02  4.17681364e-03
 -9.45668519e-02  8.60498939e-03 -8.32527317e-03 -9.45552997e-03]"
Can animals be infected with cholera?,"Although cholera is primarily a disease of humans, the bacteria can also be found in aquatic animals, particularly shellfish, which can serve as a reservoir for the disease.",Cholera mainly affects humans but can also be found in aquatic animals like shellfish.,"Can animals be infected with cholera? Although cholera is primarily a disease of humans, the bacteria can also be found in aquatic animals, particularly shellfish, which can serve as a reservoir for the disease.","[ 2.47539394e-02 -9.87762865e-03  3.62878926e-02 -3.16499509e-02
 -4.15708162e-02  3.62737291e-02 -4.45583500e-02 -2.14773603e-02
  2.75300480e-02 -2.27830489e-03 -3.10941432e-02 -1.90678588e-03
  2.86240373e-02  1.08203895e-01  1.52021628e-02 -8.36392865e-02
 -8.36431161e-02  9.36255511e-03  6.25856519e-02  9.85683650e-02
 -1.51324952e-02  1.46872923e-02 -5.40798157e-02 -5.02788238e-02
 -1.07160807e-01 -5.23353405e-02  6.63871393e-02 -7.18393400e-02
 -5.71028329e-02  5.15361354e-02 -6.05178885e-02 -5.83427586e-02
  2.63803620e-02 -3.49410065e-02  3.52746807e-02 -2.61301901e-02
  4.14035507e-02 -2.20698621e-02  5.75681403e-02  4.82871011e-02
 -3.33308727e-02 -7.21414834e-02  6.20114841e-02 -3.26636098e-02
  1.54921319e-02 -2.09926311e-02 -6.26433194e-02 -1.50342025e-02
 -3.15132625e-02 -4.60320003e-02 -1.40827755e-02  3.78591195e-02
  7.82975648e-03 -2.25548353e-02 -9.08581715e-04 -1.93876568e-02
 -2.47862414e-02 -7.44945258e-02 -3.57232131e-02 -6.17574118e-02
  8.53674710e-02  3.71413194e-02  9.00750011e-02  3.95326205e-02
 -9.15191844e-02 -6.30659387e-02  1.52210984e-02  6.69047311e-02
  7.99694937e-03 -3.52406763e-02 -3.59893870e-03 -5.06306812e-02
  6.10130392e-02  1.25073958e-02  1.32550765e-02  3.03951800e-02
  2.95046642e-02  1.70555934e-02  2.79743653e-02  1.05873598e-02
  6.79208385e-03 -4.67537306e-02  1.35350108e-01 -4.74859737e-02
  3.63920666e-02  1.81491412e-02  3.81465629e-02  1.52029004e-02
 -6.03199825e-02  1.40238702e-02 -1.43780978e-02 -6.42927960e-02
  5.25719039e-02 -4.47337069e-02  1.32371169e-02 -3.44517715e-02
  2.74954401e-02 -1.18394317e-02  8.74101222e-02 -7.12018609e-02
 -6.80920407e-02 -7.48776793e-02  2.95782723e-02 -6.97824284e-02
  6.42666221e-02  2.18679868e-02 -1.13712167e-02  5.21806590e-02
  5.58648221e-02 -3.15892138e-02 -1.00642093e-01  8.98812115e-02
  5.49745634e-02  2.40946896e-02  1.00601576e-01  2.96003968e-02
 -3.43224034e-02 -1.07091457e-01 -6.82243034e-02  6.42070845e-02
  2.29267012e-02 -1.21794686e-01  3.60702106e-04 -6.47436082e-03
  7.35688657e-02  3.18891481e-02 -3.94091988e-03 -3.19816858e-33
  1.24878613e-02 -6.73130676e-02  1.50171006e-02 -1.02264032e-01
  8.30298886e-02  5.59520274e-02  5.57213798e-02 -3.36017571e-02
  4.04030047e-02 -6.51753694e-02 -1.73514187e-02 -4.52442206e-02
  2.57520564e-02  7.82506540e-02 -9.50195175e-03  6.23443909e-02
  8.48194864e-03 -7.95160532e-02 -5.57335354e-02 -3.94335650e-02
  1.07409425e-01 -3.76441292e-02  5.79514466e-02 -7.79196471e-02
  2.12279372e-02 -9.24151391e-02 -9.15668309e-02 -7.39921406e-02
  8.58158097e-02  3.59337479e-02 -3.75757106e-02 -1.03715926e-01
 -2.54476350e-02  4.09549773e-02 -1.33483969e-02  3.24115157e-02
 -5.82823344e-03  2.60501597e-02 -8.68463367e-02  1.33675234e-02
  4.28334959e-02  7.08735781e-03 -1.19197629e-02  2.61913370e-02
  4.46320660e-02  1.81645192e-02 -5.54149831e-03  4.42571603e-02
 -1.71900000e-02 -6.60911426e-02 -1.52703999e-02 -1.67488996e-02
 -4.84818146e-02 -9.50178728e-02  5.33558205e-02  6.15900289e-03
  1.28267944e-01  2.45284736e-02 -3.41140069e-02 -1.96728874e-02
  3.22176777e-02  5.45076020e-02 -1.86648425e-02 -2.93841697e-02
  1.56270880e-02 -1.67851858e-02  1.34378418e-01 -3.57720405e-02
  4.28866223e-02 -9.05185100e-03 -6.69687018e-02 -1.62596758e-02
 -9.66674313e-02  2.74782870e-02 -3.15530784e-02 -7.63782933e-02
  2.08807178e-02 -3.71460393e-02  1.37274135e-02  1.99302975e-02
 -4.33656648e-02 -4.11250032e-02  4.95587662e-02  4.59229350e-02
 -3.62953753e-03  6.62000477e-02  2.10368950e-02 -5.36380708e-02
  6.14327984e-03  2.18906067e-02  8.60051215e-02  1.37067642e-02
 -3.22276428e-02  2.99699586e-02  4.62494008e-02 -2.69275129e-34
 -3.03762639e-03  2.43018381e-02 -2.22928133e-02 -1.93628035e-02
 -5.19677112e-03  2.45657805e-02  4.79010977e-02 -2.64781229e-02
  3.77859920e-02 -8.50775018e-02 -6.86236322e-02  1.32979508e-02
 -4.86621080e-04 -1.11238263e-03 -4.95980633e-03  6.82284534e-02
 -1.59694366e-02 -6.79147989e-02  2.64860373e-02 -8.54891688e-02
 -9.44302082e-02 -7.78019354e-02  5.08817583e-02 -2.24626553e-03
  3.63557227e-02  3.40955928e-02 -4.26354297e-02  2.79291850e-02
 -4.74865697e-02 -3.72897983e-02  8.10429361e-03  1.06190361e-01
  5.61080836e-02 -6.86344951e-02 -1.72238797e-02 -5.33558056e-02
  2.46855039e-02 -7.77595341e-02  5.04156724e-02 -3.05463816e-03
  7.32156485e-02  3.16770980e-03 -1.59831587e-02  4.56644036e-02
 -1.88931003e-02  1.28129959e-01  3.46455500e-02 -5.48077859e-02
  6.09309122e-04  2.22776849e-02 -3.43738985e-03 -4.95207421e-02
  1.72395911e-02 -6.22697808e-02  3.26531678e-02 -2.10033599e-02
 -6.58614002e-03 -1.89481452e-02  4.52513769e-02  2.49750447e-02
 -1.48309944e-02  2.94732712e-02  2.85905739e-03  2.09533367e-02
 -1.65600181e-02 -2.32466869e-02  2.46416572e-02 -5.79592818e-03
  3.52326185e-02 -9.33036655e-02 -2.89685447e-02  7.74385268e-03
 -6.29842430e-02  4.11712974e-02  2.95262169e-02  2.55918922e-03
 -9.67666060e-02  2.05811970e-02  9.04793441e-02 -1.64072327e-02
  3.61764804e-02  5.23383133e-02  2.45426204e-02 -2.06866208e-02
 -2.58915257e-02 -4.37600352e-02  7.20351711e-02  1.71289351e-02
  2.21904237e-02 -1.30275851e-02 -2.81380881e-02 -4.85284813e-02
  1.29290130e-02 -1.28994919e-02  4.62332331e-02 -2.89291258e-08
  4.22207601e-02 -6.70499727e-02  2.62168031e-02  1.22552775e-02
  2.20608171e-02  2.56820042e-02  1.00315884e-02  9.53442529e-02
  1.03409946e-01  6.93740472e-02 -9.01709050e-02 -1.44548723e-02
 -4.75960923e-03 -5.31352982e-02  3.08901165e-02  3.15500200e-02
  2.30526216e-02 -9.07405913e-02 -4.66946550e-02  4.04404402e-02
  2.01325398e-02  9.06513014e-04  4.65150829e-03  5.61296530e-02
  7.07379580e-02 -4.52157930e-02 -7.80187920e-02 -5.48335202e-02
 -3.39994207e-02 -6.90258592e-02 -1.20517120e-01 -4.06338871e-02
 -1.85264274e-02  4.40277904e-02  5.86196482e-02 -3.03227850e-03
  3.36891189e-02 -1.47772044e-01 -2.02655252e-02 -6.11966811e-02
  1.13219872e-01  5.24010882e-03  6.78696260e-02 -1.15834596e-02
  5.77384830e-02  1.06456252e-02  6.19026250e-04  1.43959913e-02
  4.22124714e-02 -1.01818211e-01  4.04557073e-03 -2.30349451e-02
  4.62351106e-02 -3.25823016e-02 -8.95546302e-02  1.92633923e-02
 -1.66509151e-02  2.44912654e-02 -1.14183221e-02 -1.88460071e-02
 -5.69286235e-02  6.98969141e-02  1.22339167e-01  1.21668810e-02]"
What environmental conditions promote cholera outbreaks?,"Poor sanitation, lack of clean drinking water, and overcrowding are prime conditions that promote the spread of cholera.","Inadequate sanitation, unsafe water, and dense populations are prime contributors to cholera spread.","What environmental conditions promote cholera outbreaks? Poor sanitation, lack of clean drinking water, and overcrowding are prime conditions that promote the spread of cholera.","[ 7.68504366e-02 -1.19071724e-02  1.28175706e-01 -1.61822396e-03
  5.67336716e-02  3.99776399e-02 -5.05804643e-02 -2.06567142e-02
 -5.07026799e-02  3.29412371e-02  3.60921621e-02 -9.84792188e-02
  5.40359616e-02  3.79269570e-02  5.91125824e-02 -7.61534125e-02
 -7.31909350e-02 -3.52447480e-02 -7.61300102e-02  2.17053331e-02
  6.37333691e-02  4.67689941e-03  3.68992314e-02 -1.22529240e-02
 -1.76403046e-01 -3.23876999e-02  8.25503618e-02 -4.46893722e-02
 -2.41626427e-02  2.00456101e-02 -2.19272226e-02  1.31690223e-02
  1.81947872e-02 -4.13373560e-02 -1.74109824e-02 -2.77627874e-02
  4.89689410e-02 -5.80856157e-03 -2.26991829e-02  4.05020900e-02
 -5.19295447e-02 -8.24923217e-02  1.21336877e-02 -5.57664521e-02
 -1.30007612e-02 -6.10644855e-02 -4.42340784e-03  1.74029488e-02
 -9.83541906e-02 -1.40178591e-01  2.30828673e-02  2.00635083e-02
 -1.43875349e-02 -3.36564519e-02  3.80923860e-02 -6.73246309e-02
 -1.49217586e-03 -7.85464123e-02 -3.65981236e-02 -4.03015837e-02
  7.21869320e-02 -1.53236678e-02 -6.74007833e-02 -3.50378687e-03
 -8.81522242e-03 -3.45766582e-02  1.50029147e-02  1.32280201e-01
  1.83565859e-02  5.56591153e-02 -2.60449499e-02  7.54143484e-03
 -5.79471886e-03  4.06222977e-02  2.26082820e-02 -1.65837742e-02
  4.26992923e-02  1.51793100e-02  1.34993363e-02 -6.92010717e-03
  1.18935078e-01 -5.98834865e-02  1.19684227e-01  2.81723402e-02
  3.30950618e-02  2.21905503e-02  2.67617963e-02 -5.25040813e-02
 -5.77568337e-02  1.15051949e-02  4.62157710e-04 -9.49311480e-02
  2.46217102e-02 -2.01560073e-02 -2.13895086e-02  4.06685285e-02
  1.84850022e-02 -5.34955896e-02  8.91273990e-02 -6.15594201e-02
 -3.96376327e-02 -7.43702650e-02  7.36615295e-03 -2.94714351e-03
  5.38394786e-02 -2.41560433e-02 -1.65196080e-02 -9.05307755e-03
  3.13641364e-03  2.23788731e-02 -1.67165566e-02  1.35156689e-02
  2.47415993e-02 -2.62368377e-02  1.19008701e-02  4.90430258e-02
 -3.13544683e-02 -5.17360680e-02 -3.88387181e-02  4.28912267e-02
 -7.30699440e-03 -7.97979534e-02 -7.35843480e-02  3.31886709e-02
  1.71944052e-02  3.67437787e-02 -3.72169577e-02 -1.54737411e-33
 -1.05258552e-02 -5.87842949e-02  2.22962778e-02 -2.91084293e-02
  1.06009796e-01  6.42640470e-03 -1.71091575e-02 -7.13087991e-02
  4.91304100e-02 -1.99694708e-02  1.71736199e-02 -6.13603443e-02
 -2.04201359e-02  1.00597702e-01 -2.56927703e-02  9.75008495e-03
 -2.20359322e-02  2.89468709e-02 -8.62608105e-02  5.05698733e-02
  3.76939178e-02 -4.95437644e-02 -1.04946736e-03  6.04962511e-03
  2.97750868e-02 -6.38027787e-02 -6.77136425e-03  8.20010062e-03
  4.49376330e-02  2.36410741e-02  2.11606715e-02 -4.88933623e-02
 -3.83833721e-02 -7.72286281e-02  3.02299410e-02  6.29811212e-02
 -5.05793542e-02  1.03971018e-02 -3.62063982e-02  2.16211732e-02
 -8.01789686e-02  1.30397854e-02 -9.70319659e-02  4.26189415e-02
  1.28573790e-01 -7.16251321e-03  4.00884226e-02  4.05372530e-02
  3.99836013e-03 -1.46549921e-02 -2.67157853e-02  2.17404254e-02
 -8.40917081e-02 -9.65158790e-02  4.43026535e-02 -3.36539857e-02
  8.64247158e-02 -3.66822444e-02 -5.76747246e-02  1.91236229e-03
  2.42405338e-03 -4.10486981e-02 -6.34471886e-03 -3.59858647e-02
  5.32797314e-02 -1.19391941e-02  1.39624402e-01 -2.97057182e-02
  4.98650735e-03  6.83086691e-03 -4.73159961e-02  2.30835332e-03
 -9.68858451e-02  5.95106557e-02  1.11045865e-02 -3.77627015e-02
 -2.66383570e-02 -1.42806424e-02  1.34363063e-02  6.46276996e-02
 -6.61549643e-02 -6.07857108e-02  9.73873585e-03 -2.35912018e-02
  7.10935565e-03  1.73348468e-02 -5.02913399e-03  6.66258018e-03
  1.21802818e-02  1.96158458e-02  6.46612197e-02  2.07697228e-02
  6.40616380e-03  1.21234708e-01  3.75368558e-02 -3.79621148e-34
 -5.07859187e-03  5.93936630e-02 -5.37912026e-02 -2.97576562e-02
  7.82519206e-03  2.23976765e-02 -4.22357619e-02 -4.82281409e-02
  7.46210739e-02 -1.22647565e-02 -8.46952423e-02  7.41580054e-02
  1.66013632e-02  3.99645865e-02 -4.12145257e-02  1.25708794e-02
 -1.40955197e-02  6.76554218e-02 -7.49754719e-03  1.33552086e-02
 -4.06623818e-02 -2.78564729e-02  1.72866024e-02 -1.42070709e-03
 -2.34569740e-02  4.19105068e-02 -9.24249217e-02  4.54668924e-02
 -1.93729624e-02  2.38848161e-02 -4.44398150e-02  9.53118056e-02
  3.69880870e-02  1.75904613e-02 -4.98827584e-02  4.43367399e-02
  3.07349651e-03 -5.42095937e-02  6.27805218e-02  2.90994663e-02
  7.17532113e-02  4.38830070e-02  9.55563113e-02 -5.78471180e-03
 -2.93156579e-02  9.64294896e-02 -2.06840830e-03 -2.27383804e-03
  3.78145166e-02 -4.57292376e-03  5.57971224e-02 -5.08432835e-02
 -2.63229441e-02  5.71878701e-02  3.29585746e-02 -4.64273989e-02
 -6.51578307e-02 -4.68111975e-04 -1.93244833e-02  5.98566234e-02
 -4.36053760e-02  8.03616270e-02  6.49381848e-03  2.97988318e-02
 -1.40708210e-02 -6.97041005e-02  3.28421369e-02  6.12614788e-02
  2.05409732e-02 -7.64721036e-02 -6.37168959e-02  5.44724148e-03
 -3.15254778e-02  5.19845111e-04 -1.50130270e-03 -1.25266369e-02
 -1.55565202e-01  4.55973782e-02 -6.95767638e-04  3.10366414e-02
  4.35855202e-02  5.63452952e-02 -4.09672689e-03 -4.95457128e-02
 -5.98668717e-02  6.34738281e-02  9.81757119e-02 -5.59300222e-02
  5.23580723e-02  6.15620539e-02 -4.51783873e-02 -1.91791486e-02
 -2.41006259e-02  3.60061368e-03  2.39168759e-02 -2.74121739e-08
  5.65348417e-02 -9.35666338e-02  3.95137034e-02 -6.35587238e-03
  2.19600145e-02  6.59155520e-03 -7.61204073e-03  1.23918392e-01
  5.98552004e-02  9.28683802e-02 -1.18832126e-01  8.69937465e-02
  6.34765476e-02  1.11079197e-02  5.43979593e-02 -2.94853728e-02
  1.09489495e-02 -9.98082161e-02 -5.35814725e-02 -1.72294024e-02
  1.11842379e-02 -2.87228525e-02  1.12108197e-02  6.01757020e-02
  8.59892294e-02 -2.96354480e-02 -1.17321115e-03 -4.07960527e-02
 -3.47889438e-02 -4.52038497e-02 -2.03907173e-02 -5.00331931e-02
 -1.15899574e-02  2.03618724e-02 -6.27946258e-02  9.02239606e-02
  2.68697776e-02 -8.59852359e-02 -2.92587653e-02 -4.70726378e-02
  9.64075923e-02 -1.38193509e-02  2.85388734e-02 -1.81941409e-02
  3.25236395e-02 -5.12452237e-02 -2.73312684e-02  3.40613946e-02
  1.90931298e-02 -6.92869127e-02  9.46093537e-03 -9.55414698e-02
  9.09938738e-02 -3.26302764e-03 -6.85070679e-02 -2.72794422e-02
 -3.81521136e-02  1.01967074e-01  8.40956047e-02  9.05384962e-03
  1.85882207e-02  1.08130619e-01  1.80071965e-02  3.76688465e-02]"
How do health authorities track and manage cholera outbreaks?,"Surveillance systems are in place to monitor cases of cholera, and responses include water treatment, sanitation measures, and health education campaigns.",Health authorities track cholera through surveillance and manage outbreaks with clean water initiatives and public education.,"How do health authorities track and manage cholera outbreaks? Surveillance systems are in place to monitor cases of cholera, and responses include water treatment, sanitation measures, and health education campaigns.","[ 4.67901640e-02 -2.31532026e-02  3.58983837e-02 -1.84254290e-03
  6.78508505e-02 -1.22959418e-02 -2.38588713e-02 -1.90236289e-02
  1.13968216e-02  4.28521708e-02  8.18228349e-03 -8.13098997e-03
  1.19151082e-02  7.22261742e-02 -7.41259977e-02 -9.55357924e-02
 -4.27835546e-02 -2.58405600e-02 -5.22924028e-02 -3.39073054e-02
  4.85305004e-02 -2.96512917e-02  3.64204161e-02 -6.48241211e-03
 -1.33622438e-01  3.29304263e-02 -6.26220834e-03 -7.25424439e-02
 -9.24805552e-02  6.17636647e-03  1.05367769e-02 -9.63347629e-02
  3.45877185e-02  1.71523076e-02 -2.00367142e-02 -6.90773726e-02
  6.36886060e-02 -2.36704946e-02 -2.37823594e-02  3.80286053e-02
 -1.44299604e-02 -6.60985485e-02  6.69944892e-03 -3.52088027e-02
  4.12832722e-02 -8.71671271e-03 -4.44703698e-02  3.38649824e-02
 -8.75790492e-02 -8.24814066e-02 -4.70270403e-03 -5.68424985e-02
  6.15358017e-02  2.28058752e-02  1.31568862e-02  7.32034538e-03
  1.67637467e-02 -1.00886866e-01 -3.02681401e-02 -8.89258534e-02
  1.79899465e-02  1.32612418e-02 -4.60902825e-02  2.15010415e-03
 -7.20969439e-02 -8.07077996e-03  7.44786859e-03  1.20354317e-01
  7.84548372e-02 -3.43182050e-02 -3.68599743e-02  4.02750708e-02
  3.14721577e-02  7.78218806e-02 -4.12157970e-03 -5.23243323e-02
  2.33267583e-02  4.35521975e-02  4.40820642e-02 -4.53912653e-02
  7.72271231e-02 -5.66244647e-02  1.60080329e-01  6.53781816e-02
  7.68684149e-02  2.02713851e-02  6.28416613e-03  7.80190062e-03
 -1.94077974e-03 -1.56336781e-02 -9.65107232e-03 -3.73053811e-02
  8.83267149e-02 -9.25781671e-03 -3.13416645e-02  1.77428382e-03
  4.91028391e-02 -1.51922181e-02  1.05800182e-01 -1.01644425e-02
 -2.57117786e-02 -6.40038624e-02  2.74780653e-02  3.74376960e-02
  3.57226655e-02 -1.56997945e-02 -5.81196621e-02  6.40100893e-03
  7.27506056e-02 -1.12160086e-03 -3.45195420e-02  7.68544897e-02
 -5.54860802e-03  2.52481736e-02  4.88664024e-02  1.27905104e-02
 -6.25576377e-02  3.61466892e-02 -4.92011830e-02  8.04672465e-02
  2.20912639e-02 -9.35438722e-02 -6.18770253e-03 -3.06389127e-02
  1.09714605e-01  1.64865822e-01 -6.12633303e-03 -1.42398697e-33
 -3.19220982e-02  7.38265645e-03  3.06054950e-02 -4.45047505e-02
  4.61090244e-02  1.29041737e-02 -5.40033914e-02 -2.45114230e-02
  6.57695308e-02  1.17599070e-02  3.92708257e-02  3.19402316e-03
 -1.08174672e-02  6.71892837e-02  2.45593232e-03 -7.93287624e-03
 -1.31381089e-02  3.24103646e-02 -1.27483264e-01  1.40756089e-02
 -3.45706427e-03 -7.44632110e-02  4.10664044e-02  8.48599523e-03
  8.86290371e-02 -2.47591864e-02 -2.88929120e-02  5.19093871e-02
  1.11000858e-01  5.56533644e-03  4.82779704e-02  4.20496217e-04
 -1.17730601e-02 -5.56618273e-02  1.01902755e-03  4.50579673e-02
 -2.59914882e-02  7.55997142e-03 -2.04222556e-02 -1.24710090e-02
 -1.44412676e-02 -6.80539245e-03 -9.48231891e-02  5.91924749e-02
  3.40351686e-02  2.39068381e-02 -3.00812759e-02  4.15425375e-02
  3.99110904e-05 -2.72468925e-02  2.36559547e-02 -4.31068949e-02
 -7.02746734e-02 -9.87841263e-02  7.03960583e-02  3.49079743e-02
  6.99933618e-02 -5.37693538e-02 -6.86716894e-03 -4.13105935e-02
  1.01515949e-01 -3.48451249e-02 -1.92919504e-02 -3.71548533e-02
  3.37499008e-02  1.03506986e-02  1.35790944e-01 -1.72237437e-02
  6.24469221e-02 -5.35686826e-03 -1.12647027e-01  4.37614247e-02
 -5.82874045e-02  8.36059004e-02 -1.72275789e-02 -3.89514640e-02
 -2.18609683e-02 -4.05337177e-02 -3.84491608e-02  4.77099456e-02
 -4.66659293e-02 -1.04434945e-01  9.48205814e-02  4.54037189e-02
  1.20854015e-02 -1.61691811e-02 -4.33797948e-02  6.77942187e-02
 -3.61083038e-02 -6.29199017e-03  1.10287387e-02  4.39016894e-02
 -3.87668202e-04  1.11119367e-01  1.90083478e-02 -3.83297530e-34
 -1.74890738e-02  7.65589103e-02 -5.43967821e-02 -1.69439148e-02
  1.52781261e-02 -1.05792265e-02 -4.87061292e-02 -6.27231374e-02
  1.18037105e-01 -1.76806599e-02 -8.50598887e-02 -2.00775042e-02
 -3.54675651e-02  2.76239999e-02 -1.25363125e-02  4.67892997e-02
 -4.46344540e-03 -8.09022859e-02 -7.43521973e-02  1.80974510e-02
 -1.10991441e-01 -6.71405792e-02  1.64125785e-02 -3.98484468e-02
 -5.70427105e-02  5.11699691e-02  3.07977051e-02  2.85484251e-02
 -8.65802541e-03 -7.51703531e-02 -4.36568558e-02 -4.35894467e-02
  7.80061409e-02  9.06065572e-03 -7.18402565e-02 -1.11211734e-02
  2.80451868e-02 -3.44839133e-02  1.75239425e-02  5.96693978e-02
  2.37467252e-02  4.67669219e-02 -1.57858189e-02  1.46267982e-02
 -8.28354284e-02  1.00763693e-01 -2.88595576e-02  5.69749884e-02
 -6.85128495e-02 -5.88886477e-02 -1.78583432e-02 -3.47155258e-02
 -4.70019281e-02  1.80100407e-02  9.49572350e-05 -1.12514794e-02
 -1.93908811e-02 -4.57438305e-02 -5.92875071e-02  1.43902143e-02
 -2.86758337e-02 -1.10893631e-02 -4.39284928e-02  8.45525861e-02
 -2.27105134e-04 -9.04318504e-03  5.51550612e-02 -3.26651111e-02
  1.13698915e-02 -6.88087046e-02 -4.71248385e-03  5.56079671e-03
 -2.33616447e-03 -4.63887723e-03  3.47108282e-02 -9.08178762e-02
 -1.69636503e-01 -7.34839728e-03 -2.41589919e-02 -2.39355452e-02
  5.57502210e-02 -2.23028138e-02  1.69929955e-02 -7.44208694e-02
 -1.61302593e-02  3.00033931e-02  8.97368267e-02 -4.56544794e-02
  5.18278331e-02  2.47661620e-02 -1.30631393e-02 -4.75474261e-02
 -2.28096303e-02  4.23829444e-03  2.50186436e-02 -2.53073118e-08
  2.84359511e-02 -9.34058279e-02  3.62200066e-02  1.32248653e-02
  4.64006960e-02  1.68253835e-02 -4.23687287e-02  1.27656698e-01
  4.91845310e-02  4.61873710e-02 -5.32003082e-02  3.27113420e-02
 -6.73628319e-03 -3.59338000e-02  9.54026580e-02 -2.66365353e-02
  4.63015996e-02  8.51751585e-03 -7.30378479e-02  2.55850572e-02
 -6.71196310e-03 -1.06768049e-02  1.57425478e-02  4.55977023e-02
  1.22691631e-01 -5.15763275e-02 -2.45792475e-02  1.54127786e-02
 -1.15142707e-02  2.50688642e-02 -4.08848524e-02 -3.13413963e-02
  1.21587701e-02  5.02045266e-02 -1.56630040e-03  3.22234482e-02
 -3.93629633e-03 -7.65527561e-02  3.70651670e-02 -4.00511697e-02
  7.90042132e-02  6.84962794e-03 -4.76955436e-03  4.17602286e-02
  6.28978983e-02 -4.30524675e-03 -1.70191620e-02 -2.18960792e-02
  8.61043707e-02 -8.46325904e-02  1.61464587e-02 -1.12467289e-01
  9.13720280e-02  7.42030963e-02 -5.62797859e-02 -1.28365792e-02
  1.96551196e-02 -3.87854804e-03  1.35906180e-02 -9.91374906e-03
  6.19342038e-03  1.96090937e-02  1.02369813e-02  2.97181979e-02]"
What is the role of oral rehydration salts in treating cholera?,"Oral rehydration salts (ORS) are a simple, cost-effective treatment that replace lost fluids and electrolytes due to cholera-induced diarrhea.","ORS is a crucial treatment for cholera, effectively replenishing fluids and salts lost from diarrhea.","What is the role of oral rehydration salts in treating cholera? Oral rehydration salts (ORS) are a simple, cost-effective treatment that replace lost fluids and electrolytes due to cholera-induced diarrhea.","[-5.57979308e-02 -1.78377461e-02  5.57343327e-02 -6.03138022e-02
 -5.79378009e-03  1.92562689e-03  6.57605007e-02  5.44465855e-02
  5.35960495e-02 -2.96390392e-02 -3.73518914e-02  3.52647938e-02
  4.70597260e-02  1.02665916e-01 -1.05589088e-02 -2.88947653e-02
 -3.57127972e-02  8.96066874e-02 -1.87917594e-02  2.78289150e-02
  1.31652325e-01  1.42671587e-02 -2.84041297e-02 -1.07232900e-02
 -7.18147457e-02  7.32800290e-02  4.12042178e-02 -6.46391436e-02
  6.63206400e-03 -2.44469140e-02 -2.67556943e-02 -1.35167409e-02
 -1.57737527e-02 -1.37798727e-01 -9.98450536e-03  3.05667371e-02
  4.05908860e-02 -1.35801164e-02 -5.04034311e-02  5.36161512e-02
 -3.46315354e-02 -2.25842986e-02  1.59443635e-02  1.17537472e-02
  4.47906405e-02 -6.91439286e-02  8.18772614e-03  3.03694811e-02
 -2.08027828e-02 -2.92463247e-02  2.86383443e-02  2.83503309e-02
  3.77399661e-02 -6.46699741e-02  3.80663835e-02  4.84362133e-02
 -5.04817702e-02 -6.58851415e-02 -8.58254731e-02 -2.47581303e-02
  1.25346482e-02  1.11356284e-02  2.44601965e-02  4.42358889e-02
 -4.59937230e-02  5.61036635e-03  3.87688614e-02  5.24042696e-02
 -2.79411767e-02 -2.09701099e-02 -8.78767371e-02 -3.13981026e-02
  5.54299392e-02  9.53831971e-02  6.09100871e-02  2.37629958e-03
  1.13308974e-01  5.25342301e-03 -1.45683694e-03 -2.45210677e-02
  5.61305098e-02 -3.84642966e-02  9.72915441e-02  8.15220624e-02
 -1.54651431e-02 -1.17988912e-02 -1.89611465e-02 -9.82220545e-02
  5.48263788e-02 -2.76109707e-02  7.91677460e-03 -1.03568956e-01
  6.79177344e-02 -5.69758974e-02 -4.99491580e-03  2.30303332e-02
 -5.55237755e-02 -2.68909950e-02  5.47412075e-02 -1.94181465e-02
 -4.28452566e-02 -2.07450893e-02 -1.80599615e-02 -7.41083547e-02
  7.45070875e-02  2.23196717e-03  2.52441205e-02  2.59922221e-02
  6.79793432e-02  1.90668516e-02 -1.74558032e-02  3.00290473e-02
  2.45447997e-02  3.26897204e-02 -5.22825867e-02  3.43343951e-02
 -1.54917343e-02 -7.06585571e-02 -2.63601635e-02 -1.15931139e-03
  2.35602893e-02 -1.03871107e-01 -7.53679499e-02  3.12170219e-02
  6.32873252e-02  1.08522452e-01 -1.34478807e-02 -9.51377227e-35
 -7.96632245e-02 -1.75171613e-03  1.23936757e-02 -4.13201284e-03
  4.97219898e-02  3.09373699e-02  4.33805101e-02 -1.66264549e-02
  5.40855601e-02 -8.93500000e-02 -2.82826275e-02 -5.26838154e-02
 -1.24793556e-02  9.30107832e-02 -9.18191671e-02  1.86645575e-02
 -4.87054233e-03 -3.16753238e-02 -3.53186578e-02 -1.49121834e-02
  6.13867752e-02  4.77267429e-02  4.54397826e-03  1.35102747e-02
  8.50105844e-03 -1.71014946e-02 -5.14320433e-02 -2.06766967e-02
  7.92102963e-02 -3.10265142e-02  5.05645499e-02 -1.92810614e-02
 -7.26469830e-02 -2.44649090e-02  3.78809310e-03  7.97524750e-02
 -1.22539215e-02  2.62396261e-02 -5.24606928e-02  6.54890314e-02
 -2.89357193e-02  8.88803750e-02 -8.65693763e-02  7.34181777e-02
  5.90770245e-02 -6.24413565e-02 -8.85522142e-02  1.08920313e-01
 -3.96910729e-03 -7.15734158e-03  2.92750560e-02  4.66306396e-02
 -5.05939089e-02 -5.03335102e-03  2.37151366e-02  4.00297018e-03
  2.98813963e-03 -1.68943536e-02 -9.56008807e-02 -8.75154510e-03
 -1.00111840e-02  1.12729818e-02 -1.34283742e-02 -4.90869321e-02
 -1.25961555e-02  1.37638422e-02  1.08839408e-01 -9.71162841e-02
  8.07997659e-02 -1.03360862e-01 -9.53521281e-02  2.34365296e-02
 -3.45101878e-02  1.00891523e-01 -7.43060261e-02 -7.84978420e-02
 -7.72601052e-04  2.82721743e-02  6.26765341e-02  5.33941761e-02
  1.56874210e-02 -1.27110451e-01  6.08898513e-02  3.62159163e-02
 -2.92997360e-02 -5.53819202e-02 -3.83081380e-03 -6.74246922e-02
  4.55185659e-02 -9.34402365e-03  7.23827332e-02  1.24463309e-02
 -1.66340992e-02 -3.99449188e-03  2.96525415e-02 -2.37010995e-33
  1.11306179e-02  2.63651158e-03 -6.41239982e-04  6.34612888e-02
  4.21937229e-03 -2.19462905e-02  5.81624359e-02 -1.53174708e-02
  4.49293628e-02 -6.05231486e-02 -6.09684587e-02 -1.81746483e-02
  5.10935811e-03 -4.39444073e-02  2.02206504e-02  1.05281040e-01
 -4.74850908e-02  5.72259389e-02 -5.99548630e-02  4.25855024e-03
 -5.04980572e-02  1.16512530e-01  6.89683259e-02  1.91776659e-02
  5.16529232e-02  5.95293520e-03 -4.05183136e-02 -7.12688174e-03
 -3.32915187e-02  3.62024717e-02  3.57330814e-02  1.85510218e-02
 -1.70399696e-02 -5.35799414e-02  9.00205411e-03 -1.99458040e-02
 -3.65976393e-02 -7.16840252e-02 -3.32941450e-02 -2.44830293e-03
  4.45122607e-02  5.99255711e-02  3.43187153e-02  5.38050849e-03
 -7.09977075e-02  8.24405625e-02 -1.21067362e-02 -4.28696871e-02
 -1.41440760e-02 -6.72688931e-02  9.26534273e-03 -6.49320334e-02
  1.64512428e-03  6.65813386e-02  2.38748901e-02 -4.51977365e-02
 -3.46182706e-03 -2.58164350e-02 -2.95846127e-02  1.44169461e-02
 -8.55489373e-02  9.79742035e-03 -3.33131216e-02 -6.44574501e-03
  3.14896218e-02 -1.67694632e-02  8.46074335e-03  1.05957994e-02
  2.02826429e-02 -1.01539969e-01  7.91853666e-03 -8.20032060e-02
  1.03293546e-01  3.10684517e-02  8.19789618e-03 -6.16155681e-04
 -1.42938375e-01 -7.26035982e-02 -1.15072886e-02 -6.14944212e-02
 -1.29861459e-01  2.49886662e-02 -4.97925989e-02 -2.58645304e-02
 -3.69913429e-02  6.51349351e-02  4.05418426e-02  3.99321578e-02
  1.50803104e-02  3.22240852e-02  1.47654805e-02 -1.26233041e-01
  2.29128804e-02  5.61889037e-02  1.21590845e-01 -3.28936132e-08
  6.65406510e-02 -6.42014816e-02 -2.59145233e-03  5.07886484e-02
 -6.64701760e-02  1.51765244e-02 -3.88958640e-02  7.92057961e-02
 -5.17159142e-02  6.87373653e-02 -9.34038591e-03  1.36037007e-01
  6.13286085e-02 -1.25859231e-02  2.05995087e-02 -1.05893696e-02
  6.47597462e-02  1.12204142e-02 -7.53651857e-02 -2.33024452e-02
  8.99704080e-03 -8.08909349e-03 -2.38957386e-02  5.22414520e-02
  1.05396688e-01 -2.62681488e-02  5.25166504e-02  5.37497140e-02
  1.54718952e-02 -9.15500298e-02 -7.08609968e-02 -3.95670487e-03
 -4.62447591e-02  5.03132753e-02  2.96733361e-02  3.17979865e-02
  3.48764323e-02 -7.03283818e-03  2.47550234e-02 -2.48485841e-02
 -3.42496373e-02 -3.18418369e-02 -3.67564335e-03  4.33010748e-03
  3.84507887e-02 -7.42106233e-03 -5.18446676e-02  6.62406534e-02
 -6.05835253e-03 -4.61027883e-02 -6.96659973e-03 -5.22105359e-02
  9.51602403e-03 -1.17343264e-02 -4.16146740e-02 -7.64638046e-03
 -4.58091572e-02  3.41532975e-02  4.88668382e-02 -2.44062468e-02
 -4.87166233e-02  5.94236366e-02  6.22958727e-02 -8.19134563e-02]"
Can international travel affect cholera transmission?,"International travel can facilitate the spread of cholera, particularly when travelers to endemic areas consume contaminated food or water and return home.","Yes, travelers can bring cholera back from regions with active cases if they consume contaminated substances.","Can international travel affect cholera transmission? International travel can facilitate the spread of cholera, particularly when travelers to endemic areas consume contaminated food or water and return home.","[ 8.79988894e-02 -4.00204472e-02  7.91849941e-02 -1.08596599e-02
  7.89051205e-02 -2.77330168e-02  5.82359545e-02  1.99245941e-02
  6.72606705e-03 -2.07067020e-02 -1.95773207e-02  3.85503806e-02
 -3.52219352e-03  1.60940498e-01  1.27318474e-02 -7.33464807e-02
  1.66886998e-03 -3.08454987e-02 -4.43186387e-02  1.15996152e-02
  7.31501505e-02 -3.04573756e-02 -2.64325459e-02  5.59618883e-03
 -9.16025192e-02 -1.65376291e-02  2.07806043e-02 -4.24876660e-02
 -7.48702185e-03  2.71777660e-02 -5.50572090e-02 -1.29782828e-02
 -8.53622854e-02 -1.57937370e-02 -1.58201423e-04 -3.10993358e-03
  1.03546632e-02  3.06412322e-03  6.76111728e-02  1.29791647e-02
 -7.12008402e-03 -7.09025711e-02  1.20016262e-01 -2.97728628e-02
  1.16628055e-02 -9.65673029e-02 -1.29587995e-02  4.93984967e-02
 -8.34847391e-02  2.80356314e-02  4.05636523e-03  4.61642481e-02
 -4.56552394e-03 -2.75263917e-02  6.47200420e-02  7.89995585e-03
  1.10851312e-02 -7.80430436e-02 -6.86961412e-02  9.32884403e-03
 -1.71888694e-02  2.80794799e-02  3.67370434e-02 -8.51871166e-03
 -6.47108331e-02 -6.95071220e-02  2.38228124e-02  7.86216557e-02
  5.69391437e-02 -5.64564439e-03  5.20058349e-03 -2.86064893e-02
 -2.72651669e-02  1.11558773e-01  7.86368996e-02 -3.80223021e-02
  3.46975289e-02  3.46214809e-02 -1.35438051e-02  3.40484120e-02
  7.20729753e-02 -9.75897815e-03  1.41242027e-01 -4.88460176e-02
  1.24957440e-02 -2.82482710e-02  4.12781201e-02 -2.82015502e-02
 -6.92993850e-02  3.37731019e-02  7.50237554e-02 -9.79382023e-02
  1.40595958e-01  3.29024158e-02 -4.05964721e-03 -4.09738272e-02
  5.02389483e-03 -3.26128006e-02  4.68291715e-02 -3.52398343e-02
 -1.75669845e-02 -2.71983556e-02 -5.58721554e-03  5.18216193e-02
 -1.06561475e-03  2.12989631e-03  2.93744393e-02 -4.55722921e-02
  1.42472554e-02  3.36257629e-02 -6.33972585e-02  7.04249218e-02
  3.46746221e-02 -2.22343598e-02 -8.84133428e-02 -1.58895145e-03
 -8.28701332e-02 -2.89693177e-02 -1.74861569e-02  2.85549574e-02
 -1.25898793e-02 -9.52814743e-02 -2.29696259e-02  1.63518656e-02
  8.60700570e-03  1.50697334e-02  3.96017842e-02 -7.12187395e-34
 -1.11836188e-01 -1.27800778e-02  3.21060084e-02  2.16628518e-02
  8.75409022e-02 -8.49356782e-03 -6.93191513e-02 -3.82043943e-02
  7.09638819e-02 -8.15599561e-02 -4.63377573e-02 -3.63835245e-02
  2.52207164e-02  1.09126396e-01 -2.40095127e-02  1.01678863e-01
  4.05016951e-02 -2.71414015e-02 -2.32155900e-02  3.10437903e-02
  1.01779342e-01 -1.39892191e-01  4.36550006e-02  1.48368720e-02
  3.12191825e-02 -4.96904105e-02 -1.03826195e-01 -1.50243677e-02
  6.17228635e-02  2.07989961e-02 -6.28582314e-02 -5.60517889e-04
 -5.02270833e-02 -4.50123809e-02 -2.99787484e-02  1.01456665e-01
 -2.25302670e-02 -1.68547984e-02 -3.96852084e-02  6.33224472e-02
 -4.73495312e-02  4.84691411e-02 -1.12861611e-01  1.17928229e-01
  6.06824942e-02  4.45473306e-02  1.58156222e-03 -4.62625595e-03
 -2.46006120e-02 -2.86292993e-02 -7.80049637e-02 -5.77648766e-02
 -5.40731065e-02 -1.11159213e-01  5.69760352e-02  1.22136781e-02
  1.01182446e-01  2.36464525e-03 -7.51006743e-03 -4.76166122e-02
  1.14423009e-02 -4.77531226e-03 -2.96024862e-03  7.10661616e-03
  1.04542039e-01  5.87621704e-02  1.23418048e-01 -1.02182843e-01
 -7.36569334e-03 -5.13246208e-02 -4.22187187e-02  1.07895769e-02
 -3.81543227e-02  2.33096723e-02 -1.30781969e-02 -7.32495338e-02
 -6.58662841e-02 -2.11305767e-02  4.93478030e-02  2.21289042e-02
 -7.81434849e-02 -6.12982176e-02  8.16312507e-02 -2.76723430e-02
  1.15697728e-02  3.91464345e-02  2.46349303e-03 -2.08917074e-02
 -1.18759181e-03 -1.11107891e-02  8.61785114e-02  3.01114097e-02
  2.93150488e-02  6.79281577e-02  6.25411933e-03 -1.18195663e-33
 -4.44288030e-02  6.71668574e-02 -5.12406416e-02 -4.29758467e-02
  9.71709285e-03  3.03285401e-02  6.00166805e-02  2.06275694e-02
  8.10170099e-02  2.40116306e-02 -6.14812672e-02  7.01521104e-03
  7.48030550e-04  5.06598763e-02  5.50502818e-03  1.64704565e-02
  6.69508725e-02  8.75748461e-04 -5.46285138e-02  2.46896911e-02
 -4.44148071e-02 -4.29714061e-02 -5.17220469e-04 -4.14424650e-02
 -1.29761212e-02  1.83467586e-02  1.15482544e-03  2.38081440e-02
 -4.46580462e-02 -7.86204264e-02  3.96591313e-02  1.22463726e-01
  3.63072194e-02  2.83035208e-02 -6.78763017e-02  7.39542097e-02
 -1.89533737e-02 -1.42972991e-02 -1.44730331e-02 -6.20418647e-03
  1.43223545e-02  5.26921861e-02  2.75857188e-02 -1.52542256e-02
 -1.01340525e-01  8.91644955e-02 -2.94359308e-03 -2.46204846e-02
  5.03165741e-03 -5.17051667e-02  3.54872942e-02  3.50970775e-02
 -3.47011164e-02  2.33759452e-03 -7.30076665e-03  9.95518826e-03
 -8.81608576e-03 -5.48126474e-02 -4.11307961e-02  8.57962202e-03
 -5.40892296e-02  1.18111297e-02 -5.28927743e-02 -4.39312868e-03
  2.13195980e-02 -4.52381298e-02  3.50854471e-02  2.71415059e-02
  8.64016488e-02 -8.96146148e-02 -2.77613830e-02 -1.76070854e-02
 -2.42902040e-02  2.49256007e-02  3.01671363e-02 -6.49230555e-02
 -4.69218157e-02  6.38671145e-02 -6.79725260e-02 -8.99266638e-03
  1.91784941e-03  6.20584469e-03 -2.63534952e-02 -7.42728859e-02
  3.92898954e-02 -3.97910699e-02  2.91552097e-02 -5.39816581e-02
  4.27964516e-03  4.84565124e-02 -4.39751931e-02 -1.25361122e-02
 -2.30370574e-02 -1.09543823e-01  1.93924680e-02 -2.45738114e-08
  4.73022461e-02 -5.93264811e-02  1.33389225e-02  7.61667043e-02
 -1.61007550e-02  3.28233442e-03 -6.62450269e-02  9.20003578e-02
 -3.05515015e-03  8.79201442e-02 -8.13558549e-02  1.01848289e-01
  7.14344010e-02 -1.37526859e-02 -6.28466671e-03  3.40470597e-02
  1.90672353e-02 -2.94855814e-02 -3.42507958e-02 -2.21912283e-02
  2.23002210e-03  1.10130934e-02 -2.53019761e-02  5.62822372e-02
  8.37432593e-02  2.27207430e-02 -3.56516279e-02 -6.03173934e-02
  3.74391628e-03 -7.33183473e-02 -6.73367009e-02 -1.73674431e-02
 -5.38117997e-02  9.97484475e-02 -6.42791688e-02  1.49649810e-02
  9.41591561e-02 -9.48036611e-02 -2.71143094e-02 -4.27789874e-02
  8.05300251e-02 -1.99607629e-02  6.28182432e-03  7.47142406e-03
  9.21968429e-04 -6.17641322e-02 -2.04369277e-02  6.30845409e-03
 -1.32773258e-02 -3.88736539e-02 -1.40393320e-02 -3.19796824e-03
 -4.62597096e-03  1.91080514e-02 -5.06826153e-04  5.32664172e-03
 -8.35877135e-02  6.73511624e-02  7.07143545e-02  3.74690108e-02
 -1.65986791e-02 -1.48925534e-03  1.94145590e-02 -6.19685948e-02]"
How effective are cholera vaccines?,"Cholera vaccines are effective preventive measures, offering about 65-75% protection for up to 5 years after vaccination.",Cholera vaccines provide significant protection for several years after administration.,"How effective are cholera vaccines? Cholera vaccines are effective preventive measures, offering about 65-75% protection for up to 5 years after vaccination.","[ 6.74042478e-02 -7.17953895e-04  6.26989231e-02 -3.64463329e-02
  3.22724483e-03  2.51952093e-02 -3.94092277e-02  2.58860569e-02
 -1.40598882e-02  3.06557654e-03  1.84081402e-02  7.03859404e-02
  7.71559924e-02  1.07073046e-01  5.38217463e-03  2.37032846e-02
  6.20258600e-02 -6.39808476e-02 -2.79781595e-02  1.44734951e-02
 -6.70353835e-03 -5.11317663e-02  6.56419173e-02 -1.31728370e-02
 -5.87602556e-02 -3.93058956e-02 -5.44308461e-02 -2.78636925e-02
 -2.77953483e-02  7.30801048e-03 -7.41635486e-02 -1.00053817e-01
 -5.63428588e-02 -5.74901402e-02 -6.64225817e-02 -5.70112839e-02
 -8.55147745e-03 -5.05338013e-02 -6.63180277e-03  2.54012961e-02
 -5.86075336e-02 -4.48431112e-02 -4.58627241e-03 -9.76084471e-02
  5.80242313e-02 -1.72195639e-02  9.64989979e-03  6.50214627e-02
 -5.51964603e-02 -5.71766980e-02 -1.94568262e-02 -5.19999943e-04
  4.19127569e-02 -2.25427132e-02  6.91095665e-02 -1.99719369e-02
 -6.28293008e-02 -4.40196618e-02 -1.24708703e-02 -9.67919603e-02
 -1.15437033e-02  1.49634490e-02 -2.23282613e-02  8.72099213e-03
 -1.11610651e-01 -6.88336268e-02  8.34817532e-04 -2.56868787e-02
  3.07775997e-02  8.04502070e-02 -6.19815476e-02  4.44398038e-02
  2.54919603e-02  8.03691000e-02  2.95824911e-02  2.74562743e-02
  3.78729440e-02  3.08484137e-02  4.58460636e-02 -7.23235607e-02
  1.05854325e-01 -4.21298034e-02  1.32799491e-01  4.28034551e-02
  3.40727605e-02 -5.62537136e-03  2.69937497e-02 -1.43906912e-02
  2.32040696e-02 -2.15255544e-02  7.94261768e-02 -6.54812008e-02
  9.33501273e-02  6.27740286e-03 -8.84573814e-03 -2.27411855e-02
 -2.23409887e-02  2.73744832e-03  2.19194647e-02 -3.26723531e-02
 -1.19249048e-02 -8.42832178e-02 -2.85850465e-02 -8.29149038e-02
  6.17768988e-02  1.74582116e-02  9.72574297e-03 -1.58259831e-02
  4.13630381e-02  1.59121864e-02 -5.86413704e-02  3.17163207e-02
 -2.41801310e-02  7.65120015e-02 -4.57837135e-02  5.72518446e-02
 -3.20114046e-02 -3.19799073e-02  5.05927317e-02  5.19167148e-02
  6.62794784e-02 -9.16743279e-02  1.98655319e-03  1.32151542e-03
  6.63131699e-02  9.66422334e-02  4.65641059e-02  3.60133518e-34
 -2.52915248e-02  3.39945182e-02  4.90957983e-02  4.57291305e-02
  1.15451254e-02 -3.22285034e-02  4.71233204e-02 -2.48052236e-02
  9.47584398e-03 -4.36305664e-02 -4.95846495e-02 -7.88655058e-02
  4.02211808e-02  1.29236668e-01  2.22713947e-02  5.56572676e-02
 -2.83210445e-02 -6.47219270e-02 -8.94051194e-02 -1.21033685e-02
  7.93947726e-02 -2.61282884e-02  2.68165246e-02 -1.73506588e-02
  7.00266883e-02 -5.10908663e-02 -4.37066145e-02  7.22017065e-02
  2.69943324e-04  3.49079035e-02  1.46677485e-02  2.53289263e-03
 -8.73665437e-02 -3.65735739e-02  4.41974215e-03  3.50972451e-02
 -2.31793635e-02  1.25309722e-02 -1.73359681e-02  9.53931883e-02
 -2.55934894e-02  8.49803388e-02 -4.00027856e-02  2.17386298e-02
  8.31882656e-02 -1.94733683e-02 -6.28219768e-02 -1.21559226e-03
 -5.39768785e-02 -9.08825323e-02  2.77424939e-02  1.14600118e-02
 -7.39525855e-02 -8.93129036e-02  6.69850856e-02 -1.14346640e-02
  5.43843172e-02  4.81333397e-02 -1.72603503e-02 -1.99827049e-02
  4.48561981e-02 -6.94678426e-02  2.80231936e-03 -4.41156104e-02
 -2.04175115e-02  1.06493093e-01  1.43707275e-01 -6.74840063e-02
  2.12762952e-02 -4.81521040e-02  1.43700186e-02 -6.27792478e-02
 -1.01298988e-01 -6.68347254e-02 -6.53862283e-02 -4.91577610e-02
  8.03973302e-02 -5.87282442e-02  8.39884058e-02  1.28597572e-01
 -1.02187796e-02 -5.34935556e-02 -2.33687349e-02  1.70692764e-02
  1.64157189e-02 -2.70772688e-02  1.58038475e-02 -6.31910339e-02
 -6.89766631e-02  3.93948928e-02  7.92100057e-02  3.96900587e-02
  4.14104424e-02  2.18630116e-02 -1.04967747e-02 -2.82584746e-33
 -3.63192987e-03  1.02153160e-01  2.04521697e-02  9.45088491e-02
 -1.75316986e-02  4.53421799e-03 -3.14089097e-02  1.05520673e-02
  5.52700572e-02 -3.09123527e-02 -5.09212352e-02  1.56499334e-02
 -4.56549553e-03  3.35467793e-02 -1.71473399e-02  6.03072904e-02
 -3.26128677e-02 -6.78889528e-02 -6.87686056e-02 -2.48524845e-02
 -6.16136799e-03 -4.38498519e-02  3.26158777e-02 -1.71640441e-02
  2.48706210e-02 -1.14808418e-02 -6.98202997e-02  4.04586382e-02
  2.16366909e-02 -6.38042092e-02 -8.51596668e-02 -2.63520814e-02
  8.12250897e-02 -2.25452948e-02 -5.80214225e-02  8.60928278e-03
  2.15495080e-02 -1.33210886e-02  8.57851058e-02  1.44748595e-02
  1.16338243e-03  3.81919295e-02 -6.08142354e-02  1.42107334e-03
 -1.98931955e-02  8.08389410e-02  5.76705150e-02 -3.82063873e-02
  4.42609787e-02  1.75343100e-02  7.91713037e-03 -5.26050366e-02
 -5.40507725e-03  4.32715565e-03 -2.47937702e-02 -8.83309841e-02
  2.19930466e-02 -1.91266481e-02 -4.55128737e-02  4.31811213e-02
 -6.57417402e-02  3.42382155e-02  1.45641686e-02  5.37287705e-02
  4.04401869e-02  4.47713546e-02  1.74379013e-02  8.31367448e-02
  5.80861513e-03 -1.42993703e-01 -2.05961987e-03 -1.57323442e-02
 -1.07661551e-02  1.53452968e-02 -5.13244532e-02 -3.46705206e-02
 -4.12325785e-02  2.18526158e-03 -1.65798888e-02  5.57769388e-02
 -1.93544794e-02  3.64305940e-03 -2.26381794e-02 -6.17281683e-02
 -9.70519707e-03  4.83296439e-03  8.77115577e-02 -8.35473537e-02
  3.92364487e-02  8.36287811e-02  2.62778755e-02 -9.06601250e-02
  4.85255569e-02  5.73765021e-03 -4.29212395e-03 -2.68299978e-08
  8.10976326e-02 -7.13688508e-02  2.22387128e-02  4.90234196e-02
 -6.30346779e-03  5.38884252e-02 -9.49719846e-02  7.84591809e-02
 -3.67919281e-02  1.93753075e-02  5.83464280e-03  1.02328166e-01
  5.31127974e-02 -5.66021428e-02  2.10703295e-02 -2.86952555e-02
  1.40129868e-02  2.98017194e-03 -8.56595263e-02 -1.59191955e-02
  7.29810074e-02  3.59526649e-02 -5.21749444e-02  1.41747827e-02
  7.78786913e-02  1.39239738e-02 -9.25676990e-03 -3.69186513e-02
 -8.20779055e-02 -1.31739855e-01 -1.16385460e-01 -5.62752597e-02
 -5.82647659e-02  8.65987595e-03 -6.76055700e-02  6.45083860e-02
  3.39400060e-02 -4.66513634e-02  3.23913153e-03 -1.48698092e-02
  8.52421150e-02 -9.78466496e-03  4.74603847e-02 -8.49950965e-03
 -9.56051052e-03  1.21758608e-02 -7.57624134e-02 -3.06159463e-02
 -2.85150222e-02  4.03876137e-03  2.28990354e-02 -1.35996100e-02
  2.20562126e-02 -7.68270344e-04 -7.56769031e-02 -3.88804041e-02
 -5.44394590e-02 -3.29320319e-03  1.33150502e-03 -5.20031005e-02
 -1.99779216e-02  3.14530134e-02  5.78421317e-02  4.75634541e-03]"
Can cholera be eradicated?,"Eradication of cholera is challenging due to its presence in water sources but can be controlled with improved water, sanitation, and health education.","Complete eradication of cholera is difficult, but control is achievable through better sanitation and education.","Can cholera be eradicated? Eradication of cholera is challenging due to its presence in water sources but can be controlled with improved water, sanitation, and health education.","[ 3.14105153e-02  4.58049215e-02  5.61863557e-02 -3.42256986e-02
  1.09633459e-02  1.76314674e-02 -3.62445079e-02 -3.04157920e-02
 -2.35006753e-02 -1.57721806e-02  4.30093929e-02  9.14069638e-02
  6.14952408e-02  8.11799541e-02 -1.93700045e-02 -2.77640242e-02
 -4.41734716e-02 -1.68500934e-02  1.80761656e-03  6.87550157e-02
  5.09774908e-02  1.90031026e-02  5.56183141e-03  5.17613953e-05
 -1.16739884e-01 -1.02664502e-02  4.28878181e-02 -7.19888434e-02
 -5.75943142e-02 -2.22402136e-03  1.69379897e-02 -3.63339335e-02
  2.70267148e-02 -4.43713889e-02  1.97074953e-02 -5.44655100e-02
 -5.19883959e-03 -4.46591005e-02  1.33113749e-02  1.32400598e-02
 -4.14431021e-02 -7.81743303e-02 -3.88029218e-02 -8.24875087e-02
  2.91364063e-02 -3.01846173e-02 -8.60738605e-02 -1.66180767e-02
 -1.17149152e-01 -9.52940285e-02  5.84543608e-02 -3.01610921e-02
 -3.06844898e-03 -2.01056488e-02  3.04235965e-02 -3.41167338e-02
 -7.20224204e-03 -7.48757496e-02 -3.88620570e-02 -8.58656764e-02
  3.25404257e-02  3.52309085e-02 -7.25787506e-02  1.48028517e-02
 -9.53236874e-03 -8.38136375e-02  5.04366904e-02  1.89257152e-02
  6.90132231e-02  4.67510521e-02 -6.28557708e-03 -1.00651011e-02
  9.77197289e-02  3.73700485e-02  2.51284894e-02 -2.04783538e-03
  3.76988612e-02  2.71483101e-02  4.04967926e-02  5.72167374e-02
  8.83971378e-02 -8.69058371e-02  1.87245890e-01  2.60264752e-03
  1.08745899e-02 -1.81040168e-02 -9.87126678e-03 -3.52345034e-02
  1.49527108e-02 -6.43601790e-02 -1.25083112e-04 -1.64442509e-02
  1.35725990e-01  9.80651937e-03  2.41177846e-02 -3.81658301e-02
  5.50670587e-02 -3.70289199e-02 -2.60760845e-03 -3.72282676e-02
 -5.85332587e-02 -4.68966551e-02 -3.23878564e-02 -9.66412202e-02
  1.85928419e-02 -6.02800446e-03 -8.55263881e-03  3.97548303e-02
  6.95346668e-02 -9.54037160e-02 -9.97626260e-02 -3.71625507e-03
  9.86128114e-03  6.60943538e-02  1.75886117e-02  9.01277363e-02
  2.11897045e-02 -3.44917253e-02 -4.77301441e-02  3.98881286e-02
 -8.81151669e-03 -1.07417665e-01 -1.63803063e-02 -1.95302218e-02
  5.44861518e-02  8.53399560e-02  2.35906933e-02 -2.14820325e-33
 -9.76504982e-02 -9.78429918e-04  5.61070926e-02 -8.16443563e-02
  9.03190970e-02 -9.76796541e-03  5.04796803e-02 -5.56749925e-02
  4.83939908e-02 -6.61483705e-02  1.18170660e-02 -7.29068369e-02
 -4.76427115e-02  7.89939463e-02  7.90008169e-04 -1.54658062e-02
  2.26289704e-02  1.05665484e-02 -8.76604468e-02 -1.69422477e-02
  1.01991832e-01 -1.24023939e-02 -3.45860492e-03 -7.91667104e-02
 -3.46227991e-03 -4.34677787e-02 -4.32358421e-02  2.65075639e-02
  7.89671466e-02  2.20836625e-02  1.37079144e-02  6.86476659e-03
 -1.03138857e-01  7.83323031e-03  2.24972136e-05  1.46505805e-02
 -1.27372174e-02  4.86970171e-02 -6.13755770e-02  6.01820946e-02
  1.09790033e-02  6.07573092e-02 -6.18654676e-02  1.51268775e-02
  1.04130223e-01 -7.94410612e-03  2.24438272e-02  1.51231214e-02
 -2.43661013e-02 -6.97410554e-02 -2.02842355e-02  6.28135959e-03
 -8.28159451e-02 -1.18210725e-01  7.73014352e-02 -1.72787365e-02
  1.00539312e-01  3.56434248e-02  2.02747784e-03 -5.01484685e-02
  5.55055626e-02  1.82873830e-02 -1.11712087e-02 -5.66881092e-04
  2.26202365e-02  3.48156691e-02  1.54323265e-01 -2.45676059e-02
  3.04894280e-02 -7.77764991e-02 -4.83085439e-02 -6.81309029e-03
 -7.24410564e-02  6.21883981e-02 -2.38004625e-02 -8.02037939e-02
  4.10719551e-02 -5.20772412e-02 -1.12437550e-02  6.13219924e-02
 -1.39112286e-02 -3.14725153e-02  2.62060333e-02  2.03932114e-02
  7.79347345e-02  6.18586969e-03 -2.28685085e-02 -4.75030355e-02
 -2.96029635e-02  5.70394173e-02  5.87123185e-02  3.22106592e-02
 -1.89639777e-02  4.45009768e-02  2.38161571e-02 -2.76606815e-34
  3.45426090e-02  1.21508606e-01 -8.59561488e-02  1.46567002e-02
  2.94555016e-02  1.81781352e-02  3.91792469e-02 -9.55292117e-03
  3.55203860e-02 -5.00015691e-02 -4.49492484e-02  4.88022305e-02
  2.20377278e-02  1.25854667e-02 -3.78146432e-02  9.04182345e-02
 -4.87345504e-04 -3.13254222e-02 -1.18944600e-01  2.32567769e-02
 -5.35826348e-02 -5.86882755e-02  1.63511280e-02 -4.09935974e-02
 -3.83741446e-02  2.38609277e-02  1.28151095e-02  3.18506137e-02
 -2.06609257e-03  1.51294842e-03 -1.02741765e-02  2.22043730e-02
  4.63071316e-02 -4.25374918e-02 -4.72481214e-02 -1.25534078e-02
  3.56966667e-02 -5.93145490e-02  5.09433374e-02  6.54117465e-02
  3.57576348e-02 -5.85460057e-03 -3.27540450e-02  5.56752384e-02
 -1.44650135e-02  1.09473825e-01  6.45126551e-02 -3.78400460e-02
  1.28164859e-02 -8.10601749e-03 -1.29961856e-02 -1.67258382e-02
 -8.78048409e-03  4.86527849e-03  3.55044333e-03 -7.85006657e-02
  3.47609408e-02 -1.65968071e-04 -1.84515864e-02  3.64953838e-02
  1.82818656e-03  7.87701234e-02 -6.24824911e-02  4.75126617e-02
  8.71310458e-02  7.73771759e-03  2.83793248e-02  1.06374666e-01
 -4.60506007e-02 -1.23131126e-01  4.78180358e-04 -1.52035113e-02
 -3.40994298e-02  3.56769189e-02  4.87228446e-02 -2.18829531e-02
 -9.94098485e-02  2.80904062e-02 -3.69356088e-02 -2.40371786e-02
  4.29875739e-02 -4.92004631e-03  1.94983818e-02 -9.50059444e-02
  3.02911433e-03 -2.52698474e-02  1.65486876e-02 -7.85415024e-02
  4.89843749e-02  6.53045774e-02  9.66899190e-03 -1.21251263e-01
  2.53445320e-02  2.57130601e-02  3.04355659e-02 -2.47035441e-08
  6.75879270e-02 -1.26847625e-01  1.40030505e-02  2.64855567e-02
  2.59728432e-02  2.57479865e-02 -1.58769935e-02  1.19208917e-01
  4.18478064e-03  4.74362113e-02 -9.70169604e-02  7.17619807e-02
  9.77305509e-03 -3.74341086e-02  2.93929633e-02 -7.95360561e-03
  3.44601460e-02 -6.82364702e-02 -6.18071929e-02  2.15317067e-02
 -3.63134372e-04 -9.78466216e-03 -2.81439740e-02 -2.03416180e-02
  1.01451568e-01 -7.79682305e-03 -1.93663519e-02 -2.00770739e-02
 -6.40252903e-02 -5.86477071e-02 -6.02105595e-02 -3.43266539e-02
 -7.02343695e-03  7.53792524e-02 -2.07464583e-02 -2.71540433e-02
  2.02730596e-02 -4.26032394e-02 -2.55419090e-02 -4.84890752e-02
  7.28999525e-02  4.02148888e-02  1.44481827e-02  7.17083644e-03
  4.11497615e-02 -1.52245909e-03 -7.12829605e-02 -3.91306542e-02
  4.21977416e-02 -1.40703991e-02  9.12476797e-03 -5.47753349e-02
  4.71297987e-02  1.86008103e-02 -2.48819999e-02 -1.03658820e-02
 -4.49060928e-03  4.02705967e-02 -9.36619043e-02  6.32138271e-03
  4.26915586e-02 -1.12227965e-02  7.57269189e-02 -3.99599364e-03]"
What are the economic impacts of cholera?,"Cholera outbreaks can strain healthcare systems, reduce productivity, and discourage tourism in affected regions.","Cholera has substantial economic impacts, including healthcare costs and loss of productivity.","What are the economic impacts of cholera? Cholera outbreaks can strain healthcare systems, reduce productivity, and discourage tourism in affected regions.","[ 8.12480673e-02  1.63006154e-03  7.40837008e-02  7.30241649e-03
  4.88017462e-02  5.34079969e-02 -1.60792284e-02  7.73349358e-03
  1.98609172e-03 -3.68545838e-02 -5.00953710e-03  1.93044590e-03
  1.72464491e-03  9.05324891e-02 -3.31002697e-02 -8.75256360e-02
 -2.68057380e-02 -1.73010211e-02 -4.41014133e-02  1.04710297e-03
  1.22332469e-01 -3.54979634e-02 -9.87285841e-03  6.42476138e-03
 -9.79104564e-02 -5.79323806e-02  2.24728007e-02 -6.00555725e-02
 -5.83844110e-02  2.42265500e-03 -7.14459494e-02  7.85632525e-03
  1.26936426e-02 -7.37870997e-03 -3.42420093e-03 -2.58130655e-02
  7.22652227e-02 -1.37272878e-02 -5.96502377e-03  1.91715714e-02
 -1.22730965e-02 -9.18254778e-02  1.09096207e-02 -8.39109495e-02
  2.90815290e-02 -9.24472809e-02  2.39137225e-02  3.53080444e-02
 -8.68634135e-02 -3.60500477e-02  4.30118851e-03  2.64317580e-02
 -2.34359037e-02 -5.98973818e-02  7.07463995e-02 -2.97450107e-02
 -1.44973851e-03 -1.13331206e-01 -7.48196617e-02 -1.39190312e-02
  9.51044168e-03  1.05910972e-02 -1.32911438e-02 -1.10493694e-02
 -3.99575606e-02 -6.59662485e-02 -3.92112322e-03  6.66986033e-02
 -4.57271188e-02  2.56901793e-02 -8.36865883e-03 -4.51551341e-02
  5.99522097e-03  1.70089994e-02  1.63672231e-02 -4.66088951e-02
  2.66274028e-02  6.20340295e-02  4.34335209e-02 -6.21158816e-03
  1.27267852e-01 -8.64015073e-02  8.77485722e-02  2.08197497e-02
 -1.17096305e-02  1.17378933e-02  1.94872115e-02 -7.22726509e-02
  4.59340122e-03  3.18222195e-02  5.64603582e-02 -1.00401133e-01
  8.71312693e-02 -3.76417651e-04 -4.59284708e-03  2.07347684e-02
 -2.92808469e-02 -3.68164442e-02  9.31837782e-02 -3.12337261e-02
  2.44163796e-02 -4.43648323e-02  5.65717295e-02 -1.99371427e-02
  1.91080552e-02 -2.03988664e-02 -1.71460724e-03  6.21885620e-03
  3.60851549e-02 -5.71144838e-03 -6.29595518e-02  8.95242468e-02
  3.16610076e-02  2.37361211e-02 -3.73666994e-02  4.92640063e-02
  2.30688439e-03 -7.87032396e-02 -3.92027162e-02  6.20713010e-02
  1.97490174e-02 -1.06686018e-01 -2.84825210e-02  3.00311223e-02
  6.47399202e-03  4.94961143e-02 -6.30615950e-02 -2.54075243e-33
 -7.26050958e-02 -3.61806601e-02 -1.33155016e-02 -3.54457349e-02
  7.29392618e-02 -6.87647657e-03 -2.13860907e-02 -7.36248568e-02
  2.06333734e-02 -7.74677321e-02  1.37174223e-02 -2.16577910e-02
  5.20821959e-02  1.08271010e-01  2.25630086e-02  4.36733924e-02
  1.59070548e-03  1.56206600e-02 -4.78949808e-02  3.63753736e-02
  5.16484305e-02 -8.40992704e-02  1.89001597e-02  5.98794967e-02
  6.36624172e-03 -5.78945689e-02 -9.11628529e-02 -8.39555264e-03
  6.87011555e-02  1.85332652e-02 -7.80560309e-03 -1.48747526e-02
 -1.62974391e-02 -5.31379879e-02 -3.23250405e-02  5.75808696e-02
 -5.42262942e-03  5.00687165e-03 -6.13990128e-02  7.86968395e-02
 -6.86813295e-02  1.92585457e-02 -1.28252745e-01  9.62907895e-02
  6.55602366e-02 -2.86310725e-03  9.89338458e-02  4.20231447e-02
  2.24307254e-02 -4.88450043e-02 -1.53604615e-02  6.76446734e-03
 -6.43749684e-02 -1.36061132e-01  3.02868467e-02 -1.89794935e-02
  7.83657059e-02 -4.70060855e-02 -4.26139385e-02 -4.62245792e-02
  4.26919088e-02 -6.19826689e-02  7.29956254e-02 -4.40153405e-02
  5.39458320e-02  5.36001213e-02  1.66017637e-01 -4.64113429e-02
  3.36919795e-03 -1.37894349e-02 -5.75898178e-02  5.45710092e-03
 -5.50547708e-03  4.58433963e-02  1.47076100e-02  1.97721124e-02
 -6.40602484e-02 -6.46820739e-02  3.64326052e-02  7.83616453e-02
 -6.83642253e-02 -7.03497082e-02  2.94901300e-02 -4.52494249e-02
  3.97526808e-02  1.50690423e-02  5.85531257e-03 -1.02416081e-02
  1.45508479e-02 -5.40867187e-02  3.07212602e-02  8.23648646e-02
 -4.39642044e-03  7.00033382e-02  5.63081130e-02  2.86767518e-34
 -3.64977010e-02  1.05678983e-01 -3.73287499e-02 -1.99057758e-02
  1.41732243e-03 -1.15231080e-02 -8.44417792e-03 -1.02008795e-02
  2.93751284e-02 -7.87355304e-02 -1.04750931e-01  4.11340371e-02
  2.40059271e-02  3.12201791e-02 -2.37180255e-02  2.78241672e-02
  1.69334505e-02 -1.84571706e-02 -5.42461351e-02  5.16413562e-02
 -5.76381870e-02  2.21891748e-03  2.91543473e-02  1.24789067e-02
 -4.67458516e-02  6.08469062e-02 -7.37335011e-02  6.66234689e-03
  2.03114208e-02 -7.38682151e-02  5.91113465e-03  8.66607353e-02
  4.85005639e-02  9.37993079e-03 -4.33675535e-02  9.27731097e-02
  7.17196381e-03 -3.41418795e-02  3.71528007e-02 -3.76815088e-02
  1.07884072e-01  3.15558575e-02  2.58119460e-02 -2.15136521e-02
 -3.99563164e-02  5.71847856e-02  1.17772752e-02  1.57071743e-02
  6.13474138e-02 -2.98461113e-02  1.13884099e-01  8.90939776e-03
 -2.45445035e-02  3.65281589e-02  1.29194679e-02 -5.27372286e-02
  1.19416667e-02 -6.57792464e-02 -3.72038595e-02  6.65628538e-02
 -9.10788625e-02  5.35565689e-02 -2.36216486e-02  6.66921586e-02
  5.54525945e-03 -4.62283865e-02  5.95301017e-02  4.94071702e-03
  7.27521926e-02 -1.06163733e-01 -3.13199051e-02  1.24981040e-02
 -2.30835583e-02  5.06362692e-02 -1.06416168e-02  2.27479953e-02
 -6.91363961e-02  3.34249027e-02  1.19195310e-02  1.99616551e-02
  1.03538847e-02 -2.47789007e-02  4.08396684e-02 -1.44171476e-01
 -5.56215458e-02 -1.76679611e-03  6.58165663e-02 -1.28782429e-02
  6.63427589e-03  5.44089936e-02 -1.07111782e-01 -3.30681540e-02
 -5.42814750e-03 -2.52777673e-02  3.18154879e-02 -2.58678607e-08
  6.66120574e-02 -1.10142514e-01  3.44372801e-02  5.16213253e-02
  1.52520062e-02 -4.57833931e-02 -1.96768772e-02  1.36830673e-01
  3.14842425e-02  1.14995040e-01 -1.04026310e-01  9.72836167e-02
  3.98743525e-02  4.00289856e-02  1.91579796e-02  5.72511591e-02
  1.96934794e-03 -1.94595996e-02 -3.83833945e-02 -2.00644638e-02
  8.79827607e-03  2.65742503e-02 -1.86248738e-02  1.03517305e-02
  8.43255073e-02 -4.28025648e-02 -3.50171812e-02  6.39304519e-03
 -5.09282649e-02 -4.98281606e-02 -6.09319918e-02 -5.29844314e-02
 -5.30753620e-02  9.11274850e-02 -1.63159743e-02 -1.34220347e-03
  7.31311506e-04 -8.89325365e-02  2.33649425e-02 -3.75845730e-02
  1.14994630e-01 -9.24529880e-03  1.81846935e-02  1.61805525e-02
  3.34208384e-02 -5.02252877e-02 -2.91364565e-02 -3.02842706e-02
 -2.27919705e-02 -3.00702136e-02  3.58420890e-03 -1.51150757e-02
  5.89100197e-02 -9.29613598e-03 -3.39437127e-02 -4.10279483e-02
 -8.55023880e-03  7.29838833e-02  3.27089280e-02  5.95439645e-03
  2.12511932e-03 -8.60846136e-03  3.20829712e-02 -6.09841458e-02]"
How do rapid diagnostic tests help in cholera outbreaks?,"Rapid diagnostic tests allow for quicker detection of cholera, enabling faster response and containment efforts during outbreaks.","Rapid tests facilitate early cholera detection, aiding in swift outbreak management.","How do rapid diagnostic tests help in cholera outbreaks? Rapid diagnostic tests allow for quicker detection of cholera, enabling faster response and containment efforts during outbreaks.","[ 3.25515456e-02 -2.39068884e-02  4.30439003e-02  2.89104087e-03
  1.06199183e-01  6.29178807e-03 -5.78693710e-02  3.03085847e-03
  5.23180328e-02 -4.86057363e-02  4.73456942e-02  1.24584036e-02
  9.91534255e-03  1.11546017e-01 -1.24157500e-02 -9.75990444e-02
 -3.94765491e-04  1.18144769e-02 -8.43453594e-03 -2.69156545e-02
  3.72873954e-02 -7.11895153e-02 -5.44558372e-03  1.12938751e-02
 -6.68690279e-02 -3.85855287e-02 -6.21822886e-02 -1.33630875e-02
 -3.98803363e-03 -4.00473457e-03 -2.75521148e-02 -1.50545482e-02
  1.08314585e-02  2.66440120e-02 -5.75046102e-03 -2.99357418e-02
  5.19018099e-02  2.61399113e-02  4.27307822e-02  2.07553413e-02
 -1.32802203e-02 -1.09089375e-01  5.02373576e-02 -3.66975516e-02
 -1.28334416e-02 -2.53462456e-02 -2.59360150e-02  8.79080221e-02
 -7.42059946e-02 -9.20044929e-02 -1.16207488e-02  9.96937975e-03
 -1.84015539e-02 -5.93479201e-02  5.94383180e-02  8.06906968e-02
 -1.61933508e-02 -8.64088759e-02 -4.53033336e-02 -5.15394956e-02
 -3.64301354e-02 -1.48596773e-02  3.62203121e-02 -5.91585273e-03
 -8.54992494e-03 -3.57206389e-02  6.34393021e-02  5.53137623e-02
  4.16615978e-02  3.00049502e-02 -4.00704518e-02  6.24037459e-02
  1.76989716e-02  8.52967799e-02  2.43982626e-03 -4.33451124e-02
  1.19423978e-02  3.86555716e-02  1.36576295e-02 -1.34000294e-02
  4.45766859e-02 -4.72924039e-02  1.16484120e-01  4.81417924e-02
  2.80904621e-02  2.82026455e-02  3.42780761e-02 -2.68491879e-02
 -9.32204053e-02 -3.40516977e-02  7.60170817e-02 -8.45827907e-02
  6.30548364e-03  2.23419406e-02 -3.55350189e-02 -2.73750629e-02
  1.38566680e-02 -1.09998845e-02  2.78890412e-02 -5.23981825e-02
  1.81302577e-02 -8.72620419e-02  6.91826409e-03 -5.82028821e-04
  1.99838616e-02 -6.11158125e-02 -2.55991751e-03  5.55683568e-04
  8.44034702e-02 -1.52130313e-02 -2.29165237e-02  1.11643791e-01
  6.17968030e-02  1.18052652e-02 -3.48640345e-02  5.48517555e-02
 -8.29898492e-02  1.23590161e-03  1.48085887e-02  6.59822524e-02
  4.48470637e-02 -1.04647696e-01 -2.78243199e-02 -2.79906970e-02
  1.40180632e-01  1.15849905e-01  2.59559776e-04 -4.19597943e-34
 -3.31750140e-02  2.66695954e-02  1.22117493e-02  1.48853157e-02
  1.47697954e-02 -1.20653035e-02 -2.04231646e-02 -3.07173319e-02
  2.39909943e-02  1.92700396e-03  8.27798527e-03 -2.55411230e-02
  5.11428341e-02  1.03046767e-01 -5.12158647e-02  3.59563343e-02
 -4.83794436e-02 -1.27471322e-02 -1.55071110e-01 -1.56270824e-02
  3.27789001e-02 -1.17157556e-01  7.46887624e-02 -7.96626434e-02
  3.64927612e-02 -4.10780348e-02 -4.64902669e-02  5.22644073e-02
  5.83984815e-02  1.80145223e-02 -6.13818802e-02  8.60275351e-04
 -8.58966783e-02 -5.23256697e-03  2.09700353e-02  3.36772427e-02
 -3.22848447e-02 -6.31305799e-02 -2.98930053e-02  6.82990924e-02
 -4.83263284e-02  1.16298683e-02 -7.10765049e-02  6.32742941e-02
  6.51044771e-02  4.15154137e-02 -1.15058355e-01  7.85598457e-02
 -1.34751424e-02 -9.53404326e-03  1.92112029e-02  5.11437561e-03
 -8.36619735e-02 -9.76243466e-02  4.55357507e-02  4.02377322e-02
  7.24408478e-02 -5.17039420e-03 -3.70592088e-03 -1.90817323e-02
  1.60148442e-02 -7.98787847e-02 -1.84106790e-02  3.03106718e-02
 -7.13504991e-03  4.88719940e-02  1.01628318e-01 -2.29700506e-02
  8.88527483e-02  3.07915304e-02 -4.88684177e-02 -3.20763290e-02
 -3.48141082e-02 -1.43627822e-02  1.29423207e-02 -2.84641255e-02
  1.68034562e-03 -2.32970268e-02  5.70857041e-02 -1.03508271e-02
 -1.71576794e-02 -1.04187287e-01  5.01733571e-02  8.46118852e-03
  1.62961204e-02 -1.62318889e-02 -1.91231185e-04 -1.54156368e-02
 -3.98409627e-02 -2.82541327e-02  4.08729129e-02  8.91144872e-02
 -1.01066101e-03  2.85886861e-02 -2.41902424e-03 -9.37624528e-34
  5.90706803e-02  2.42896751e-02 -2.84671597e-02  1.38944015e-02
  2.30789538e-02 -2.29326822e-02  1.39388088e-02 -5.90305403e-02
  4.12482768e-03 -4.76340055e-02 -1.51138827e-02  2.45746993e-03
 -6.88184276e-02  6.96789799e-03 -2.41453256e-02  3.87097448e-02
  1.58941578e-02 -6.28672987e-02 -2.37739962e-02  3.47920097e-02
 -3.90425622e-02 -2.70282328e-02  5.98035567e-03 -8.49497970e-03
 -8.18391219e-02  3.02618295e-02 -2.00170241e-02  4.64165285e-02
 -6.30510077e-02 -7.19090849e-02 -3.08044124e-02  2.49441229e-02
  3.14260349e-02  9.51936748e-03  1.09102135e-03  3.58981416e-02
  7.50516355e-02 -5.98921254e-02  3.81170548e-02  5.13792299e-02
  5.49108200e-02  7.76743367e-02  2.26546060e-02 -1.89857874e-02
 -8.44398439e-02  1.24984488e-01  5.58789894e-02 -4.46251072e-02
 -1.36694834e-02  3.74914929e-02  4.30987887e-02 -5.03749996e-02
  2.48443615e-02  3.26496065e-02 -2.03624871e-02 -8.89639482e-02
 -7.84497038e-02 -6.93216324e-02 -8.59597996e-02  1.02291673e-01
 -1.31916255e-01  2.78222486e-02 -2.94926502e-02  1.11782961e-01
 -1.37005060e-03 -6.11196458e-02  5.03769256e-02 -1.22360978e-02
  9.03318301e-02 -5.52928559e-02 -4.50842381e-02  6.98550371e-03
 -1.21631175e-02  5.20544872e-02  2.50190869e-02 -3.27761211e-02
 -1.55116290e-01 -2.06248332e-02 -1.80616211e-02 -2.96996143e-02
 -4.43226360e-02 -3.30138840e-02 -1.75072290e-02 -5.27797192e-02
 -5.09378761e-02  4.42157462e-02  8.12888145e-02 -4.00486577e-04
  8.20055827e-02 -5.93648292e-03  2.10242495e-02 -2.79813875e-02
  5.38018420e-02 -5.10812132e-03  1.47360389e-03 -2.26016716e-08
  3.92398462e-02 -1.45775437e-01  1.21238278e-02 -1.35495868e-02
  2.97043361e-02  2.35512368e-02 -7.47416243e-02  1.10153802e-01
 -4.70970059e-03  1.08097848e-02 -2.50536650e-02  4.36887778e-02
  2.03272346e-02  8.41118582e-03  1.14504509e-01 -2.27495916e-02
  6.22501131e-03 -5.65761924e-02 -7.87653849e-02 -3.02469041e-02
  1.39259743e-02  5.81059940e-02  1.73193775e-02  2.53545586e-02
  1.21854618e-01  2.23414898e-02  1.45191271e-02  6.34988472e-02
 -3.77139784e-02 -6.12667464e-02 -1.00768998e-01 -3.27534750e-02
 -5.55638410e-02  8.49643722e-02  1.51301166e-02  1.12213269e-01
  2.37953942e-02 -4.78279144e-02  4.40263860e-02 -2.63307728e-02
  3.34413685e-02  1.66223589e-02 -3.40027250e-02 -9.36754886e-03
 -2.07217038e-02 -5.97260408e-02 -3.94584611e-02 -8.01040034e-04
  2.24019750e-03 -7.88941532e-02  2.18491647e-02 -6.67400360e-02
  3.97641882e-02  4.29044142e-02 -7.07881749e-02 -3.57690197e-03
 -3.56202796e-02  1.36278169e-02  1.21390969e-02  8.61747283e-03
  4.21534628e-02  4.49222103e-02  5.21422587e-02 -6.83441907e-02]"
What is the mortality rate of cholera if untreated?,"Without treatment, the mortality rate can exceed 50%, but with prompt rehydration therapy, it drops below 1%.","The mortality rate of untreated cholera is high, but with treatment, it's significantly reduced.","What is the mortality rate of cholera if untreated? Without treatment, the mortality rate can exceed 50%, but with prompt rehydration therapy, it drops below 1%.","[ 6.96389079e-02 -2.97175571e-02  5.32591008e-02  9.60045122e-03
  4.17268695e-03 -1.21774757e-02 -5.10909222e-02  9.21168178e-02
 -3.05210482e-02 -5.29993847e-02  1.77231745e-03 -3.63376029e-02
  6.92711771e-02  9.98913422e-02 -1.61777940e-02 -4.23079804e-02
  2.76853680e-03 -7.59575143e-02 -8.56400728e-02  5.18239252e-02
  6.88276812e-02 -6.23627491e-02  2.68774070e-02  2.81799491e-03
 -1.39391236e-02 -5.66824600e-02  3.18668075e-02 -5.74279428e-02
 -3.75222117e-02  3.56118754e-02 -6.31861761e-02  2.40114680e-03
 -3.68676484e-02 -7.48834834e-02 -1.37316473e-02 -2.98404489e-02
 -8.78973864e-03 -5.99499829e-02 -5.59526905e-02  2.07669828e-02
 -3.64752822e-02 -4.01104391e-02 -7.63793737e-02  9.58818290e-03
  6.26733750e-02 -3.47472429e-02 -8.81402865e-02  6.51515871e-02
 -6.72521666e-02  2.61133090e-02  1.46849472e-02  2.87889447e-02
 -2.90301070e-02  2.31424300e-03  6.65355325e-02  2.86282343e-03
 -1.06949871e-02 -8.25937539e-02 -6.47363290e-02 -1.12629823e-01
  1.71233509e-02  3.86925898e-02  5.26845716e-02 -5.58914356e-02
 -6.97549656e-02 -1.20631404e-01  2.92800032e-02  9.95687488e-03
  4.52561863e-03  7.68938959e-02 -2.66208984e-02 -5.79159707e-02
  9.55860093e-02  1.90772209e-02 -2.06891522e-02 -1.15278520e-01
  8.09689462e-02  1.55751007e-02  1.81122292e-02  1.09329475e-02
  1.04009025e-01 -9.88220945e-02  1.24244280e-01  1.05159683e-02
 -2.05307063e-02 -1.28685115e-02  4.28408086e-02  1.14603899e-02
  6.84282482e-02 -2.78986595e-03 -2.14026365e-02  4.13157009e-02
  7.24661350e-02 -5.36866225e-02  4.84641343e-02  2.38273796e-02
 -5.19502088e-02 -2.54982896e-02 -4.68338467e-02 -4.82932180e-02
 -7.66334608e-02 -9.12716910e-02  1.35745462e-02 -2.58214846e-02
  4.38694395e-02  7.48970406e-03  8.91411619e-04  5.87979071e-02
  2.45631207e-02 -1.22133046e-02 -6.81575155e-03  3.43714766e-02
  6.84227943e-02  4.70593311e-02 -1.35746803e-02  5.37217483e-02
 -6.34572580e-02 -3.26577201e-02  2.34740563e-02  9.45343301e-02
  3.42566632e-02 -7.59346336e-02 -3.47341876e-03 -8.41499213e-03
  4.73342054e-02  9.18518752e-02  2.18743682e-02  9.24402421e-34
 -1.57914273e-02 -4.85000759e-02  4.49416600e-02 -4.70375009e-02
  7.82276616e-02 -5.22035211e-02 -2.83324532e-03 -3.79802659e-03
  6.63715079e-02 -6.94295987e-02 -1.07828863e-02 -1.40922531e-01
  1.14830118e-02  1.15622222e-01 -8.44793022e-02  5.83589263e-03
  5.33023104e-02 -1.08653335e-02 -6.77045882e-02 -4.23089005e-02
  1.98604818e-03  4.67867916e-03 -1.41460355e-02 -5.83887449e-04
 -1.25590190e-02 -5.37159629e-02 -7.52640292e-02 -4.64903750e-03
  4.28327434e-02 -1.15803257e-02  3.38485725e-02  9.10091493e-03
 -3.65938880e-02 -7.94328228e-02 -9.60416719e-03  3.79177369e-02
 -8.47805850e-03  8.17825496e-02 -2.04652511e-02  7.64444917e-02
 -5.22335730e-02  6.43827990e-02 -4.40285578e-02  3.22510935e-02
  6.96796700e-02 -6.42546564e-02  1.88734867e-02  1.41804321e-02
 -3.09171937e-02 -7.08572194e-02 -1.07142022e-02  3.18128208e-04
 -6.63041323e-02 -3.94110419e-02  1.80719662e-02 -5.50700491e-03
  7.56263211e-02  7.64678046e-02 -3.44258808e-02 -2.00335793e-02
  4.40240279e-02  1.21555272e-02  2.95334551e-02  1.06975681e-03
  1.70000165e-03  3.18288580e-02  1.12586483e-01 -6.33739009e-02
  3.55324559e-02 -6.97931722e-02 -9.00865719e-02  4.57335869e-03
 -5.85113000e-03  2.94750631e-02 -1.76512394e-02 -4.24270071e-02
  7.44507685e-02 -7.42332824e-03  2.66701095e-02  3.63041162e-02
  1.60980280e-02 -7.93043151e-02  2.69532041e-03 -9.56012961e-03
  5.76112084e-02  1.68648604e-02  8.51047318e-03 -1.41831394e-02
 -2.31846757e-02  5.01327217e-02  6.80572763e-02  7.78987957e-03
 -4.04127240e-02  2.95691639e-02  1.23525620e-01 -2.76587429e-33
  1.25412829e-02  1.25648275e-01 -3.00632585e-02  3.90752554e-02
  6.47511007e-03  3.08949314e-02  1.34522363e-03  3.10716685e-03
  6.78597242e-02 -7.07878023e-02 -3.39146629e-02  4.98995110e-02
 -3.25762369e-02  7.27128163e-02 -3.49760540e-02  9.82141197e-02
 -7.93158934e-02 -5.33782430e-02 -9.09227282e-02  7.77084008e-02
 -4.66600172e-02 -1.18456386e-01 -1.08590769e-02  2.74099503e-02
  2.05015503e-02  2.36286651e-02 -3.47454101e-02  1.02893952e-02
 -2.65264958e-02 -8.19187164e-02  2.59427205e-02 -4.04941700e-02
  2.65522152e-02 -5.83513752e-02 -3.66423540e-02 -5.08463830e-02
 -1.21177277e-02 -7.52709582e-02  1.39003387e-02  2.57942341e-02
  9.63938013e-02  2.33576819e-02 -1.88497100e-02 -2.30007973e-02
 -1.55428890e-02 -5.48297632e-03  2.57623084e-02 -8.39903131e-02
  2.74310019e-02 -6.97621182e-02  3.83624323e-02 -5.83433323e-02
  3.09291203e-02  6.81085214e-02  2.52296329e-02 -8.87575448e-02
  2.04139166e-02 -1.99689399e-02 -3.88140529e-02  4.56274673e-02
  8.91674717e-05  3.40009816e-02 -2.98645459e-02  7.42633119e-02
  2.51105186e-02 -7.44995102e-02  6.11944450e-03  6.42047822e-02
  2.88452972e-02 -9.16172341e-02  3.16875130e-02  2.94842161e-02
 -5.38113620e-03  1.06248520e-02  4.70039621e-02  1.68715920e-02
 -8.50170180e-02  2.25392953e-02 -1.02332709e-02 -3.60069722e-02
 -1.12995300e-02  4.07351330e-02 -2.36125793e-02 -6.09746538e-02
 -4.99746390e-02 -3.26474942e-02  7.92890266e-02 -6.87603354e-02
  8.24459493e-02  4.86780293e-02 -1.50749385e-02 -9.19922367e-02
  4.53400314e-02  2.68673454e-03  2.24960092e-02 -3.35348496e-08
  6.24541529e-02 -8.59364122e-02  9.46536567e-03  9.13522951e-03
  4.64120843e-02  7.13656768e-02 -1.98070356e-03  6.42145053e-02
 -6.00331835e-03  1.05557606e-01 -5.30267656e-02  5.46703823e-02
 -2.59965449e-03 -4.37056869e-02  2.78249220e-03 -2.24189460e-02
  5.05631715e-02 -1.02981897e-02  5.51777845e-03  9.12526064e-03
 -7.88398087e-03  2.02891137e-03 -6.28455030e-03  8.37619603e-03
  8.51259753e-02  5.69733717e-02  3.17446813e-02 -2.72401683e-02
 -1.04982160e-01 -8.33817050e-02 -8.36169720e-02 -5.75957783e-02
  1.10074934e-02  4.13862318e-02  1.28693487e-02  2.29970459e-02
  7.27649704e-02 -5.09754829e-02 -2.96949167e-02 -2.57303715e-02
  9.79386941e-02 -2.31028050e-02  1.92147437e-02 -4.67644893e-02
  7.39066154e-02 -3.04154474e-02  1.60476044e-02 -2.77328584e-02
  7.80674117e-03 -7.39572570e-02  1.10448323e-01 -3.09263412e-02
  1.02837873e-03 -2.45410437e-03 -7.38785416e-02  3.44838314e-02
 -2.81764213e-02  9.88520309e-02 -5.70034832e-02 -1.92592926e-02
  2.40081251e-02  4.45928685e-02  1.56147508e-02 -3.47555429e-02]"
How do non-profit organizations assist in cholera prevention?,"NGOs play a critical role in prevention by providing resources for clean water, sanitation facilities, and education in at-risk areas.",NGOs contribute to cholera prevention through clean water initiatives and education in vulnerable areas.,"How do non-profit organizations assist in cholera prevention? NGOs play a critical role in prevention by providing resources for clean water, sanitation facilities, and education in at-risk areas.","[ 6.34076521e-02  6.15923712e-03  3.95666175e-02  1.63385551e-02
  4.54194434e-02  1.94841772e-02 -4.44750786e-02 -4.76009846e-02
  5.68083115e-02  1.46945775e-03  4.06022333e-02 -4.56366688e-02
 -6.51910808e-03  6.01252317e-02 -1.95173342e-02 -3.35076973e-02
 -4.08054888e-02 -2.12569032e-02 -5.85507751e-02 -7.79652297e-02
  7.79953366e-03 -2.84269992e-02  6.66027367e-02  1.00691905e-02
 -1.33612707e-01 -2.08072327e-02 -9.18184523e-04 -6.89139441e-02
  1.25819510e-02  3.24532650e-02 -6.81180554e-03 -7.22914636e-02
  6.29170239e-03  9.32729803e-03  5.37864072e-03  8.57347101e-02
  3.98263112e-02 -1.65563505e-02 -2.75039785e-02  7.12744370e-02
 -3.63516919e-02 -8.07261392e-02 -3.72367427e-02 -1.13907866e-01
  2.36717183e-02 -5.39050512e-02 -2.39368416e-02 -6.49330067e-03
 -8.55167061e-02 -1.14504606e-01  5.37012964e-02 -3.61863896e-02
 -2.32108403e-02 -3.07481643e-03  8.52529146e-03 -2.90803909e-02
  1.87333766e-02 -9.26360041e-02 -7.21220672e-02 -1.24945126e-01
  6.03336729e-02  1.08619425e-02 -9.46977735e-03  3.13120075e-02
 -1.26839904e-02 -8.92131031e-03  5.23832580e-03  1.21974677e-01
 -1.92760192e-02 -5.08849770e-02 -2.47306516e-03 -4.57917079e-02
  7.77756423e-02  7.41372034e-02  3.51519883e-02 -3.98108251e-02
  2.29455419e-02  7.32068866e-02  4.88847755e-02 -2.39054225e-02
  1.29224315e-01  2.37217546e-02  1.39841288e-01  1.05888478e-01
  3.38244601e-04  6.59232065e-02 -2.70380033e-03 -2.62880493e-02
  4.14584875e-02 -4.13477533e-02 -7.68428072e-02 -2.52331458e-02
  5.37297167e-02 -1.26282098e-02  2.84799300e-02 -5.14493650e-03
  7.44543672e-02 -4.13792916e-02 -9.92225576e-03  1.21956617e-02
  1.94247849e-02 -7.34461918e-02 -2.47662943e-02 -6.25494346e-02
  5.66460975e-02 -3.47039998e-02  6.50820555e-03  2.21671760e-02
  6.77052289e-02  2.12212671e-02 -2.90930886e-02  9.10578817e-02
  1.90732032e-02  5.28146848e-02 -1.28356609e-02  3.47098545e-03
 -5.63816167e-02 -2.14359146e-02  2.33591124e-02  1.36232041e-02
  3.68728936e-02 -8.71774778e-02 -1.00447396e-02 -2.77739484e-02
  5.88562451e-02  6.78249300e-02 -2.46955324e-02 -2.19960156e-33
 -3.35941911e-02  2.51995958e-02  8.01184177e-02 -3.41996215e-02
  1.25287306e-02  1.44615872e-02 -4.91466783e-02 -5.59519753e-02
  1.06400466e-02  1.48682069e-04 -3.51474457e-03  6.92790700e-03
  6.54769465e-02  4.73742336e-02  6.37560785e-02 -2.87176501e-02
 -3.76198217e-02 -4.35137451e-02 -3.35862525e-02  2.18755137e-02
  2.74718255e-02 -6.59898147e-02 -1.35566099e-02  1.52203320e-02
  4.69629653e-02 -2.14633662e-02 -5.25084697e-02  9.72340722e-03
  7.15145469e-02  2.23819315e-02  2.62446757e-02  3.18062007e-02
 -7.14639276e-02 -7.49877989e-02  4.17034291e-02  2.30827890e-02
 -4.20305021e-02 -5.63293509e-03 -5.82639687e-02 -3.24973464e-02
 -3.25533561e-02  4.16611955e-02 -1.03690391e-02  2.83875708e-02
  6.63734525e-02  1.16104381e-02  6.40429184e-02  3.29294032e-03
 -9.61561338e-04 -1.02664875e-02  4.48853001e-02  1.48164779e-02
 -8.34775418e-02 -8.43466669e-02  6.06839918e-02 -6.39754310e-02
  6.12921752e-02  2.57547628e-02 -2.92057954e-02 -6.32348582e-02
  3.48460823e-02 -1.01219252e-01 -4.59651798e-02  1.03411190e-02
 -4.35205037e-03  1.50360400e-02  8.45559537e-02 -7.88407475e-02
  1.10297449e-01 -1.23433053e-01 -6.01290166e-02  1.94373801e-02
 -4.99227159e-02  1.04300395e-01 -1.08343504e-01 -5.65728806e-02
 -3.87814753e-02 -2.90219299e-02  4.28657494e-02  8.61827508e-02
  2.87703499e-02 -7.20128492e-02  7.75244758e-02 -1.04819573e-02
  1.43358409e-02 -2.57978290e-02  1.18310153e-02  4.57617007e-02
 -2.55495645e-02 -6.32638186e-02  2.26423591e-02  6.00256138e-02
 -4.22244295e-02  5.69969453e-02  3.39813828e-02 -6.37558794e-34
  4.74563278e-02  4.08399105e-02  1.20966919e-02 -5.63530512e-02
  7.92132467e-02  7.59308517e-04 -2.52887383e-02 -1.08919151e-01
  1.34942591e-01  2.27638651e-02 -5.47434129e-02  1.22483540e-02
 -5.81498165e-03  1.10087153e-02  1.21680330e-02  2.82407850e-02
  6.00387948e-03 -1.71116441e-02 -2.45513059e-02 -4.57993858e-02
 -5.32825850e-03  4.00140462e-03  7.37825558e-02  2.50785388e-02
 -7.24373609e-02  7.50354752e-02 -7.02619255e-02  8.71767290e-03
 -3.41441035e-02 -4.75184545e-02  3.53034027e-02  2.83756703e-02
 -3.86877195e-03 -7.53415748e-03 -8.79691839e-02  1.38574168e-02
  3.21089313e-03  5.04737312e-04 -2.73575112e-02 -2.35253423e-02
  8.54067877e-02  3.27589326e-02  8.57751537e-03 -9.69754998e-03
 -1.01636775e-01  1.13325290e-01 -2.20368314e-03 -8.67557228e-02
 -3.21612135e-02 -2.58681793e-02 -1.51832411e-02 -9.32338536e-02
  4.43139449e-02  6.60776626e-03  2.92452239e-02  9.93111287e-04
 -7.00855115e-03 -5.43758422e-02 -2.25459114e-02  4.98133572e-03
 -7.50828348e-03  7.27414191e-02 -3.75363976e-02  1.11822881e-01
 -2.75560599e-02 -2.70367488e-02  1.10755051e-02  5.47691546e-02
  2.87500191e-02 -4.47210595e-02 -4.40420173e-02  5.48699033e-03
 -8.09314251e-02 -8.44117552e-02 -7.22587556e-02 -5.04033193e-02
 -1.02740012e-01  1.06222434e-02 -5.51021099e-02 -3.94473486e-02
  3.08860429e-02 -1.96025409e-02  3.55773903e-02 -1.37986848e-02
 -1.51273245e-02  2.29393430e-02  6.40343651e-02 -6.54586032e-02
  1.19915092e-02  1.02008112e-01 -4.91689071e-02 -6.39768392e-02
  1.05146123e-02  3.52678187e-02  1.12895660e-01 -2.58671644e-08
  6.82886615e-02 -4.50245515e-02  3.83519791e-02  3.06569692e-02
 -8.74074455e-03 -6.04069717e-02 -9.76710320e-02  4.86248061e-02
  2.93616354e-02  1.28575310e-01 -6.47825450e-02  4.05770615e-02
  2.44774912e-02  2.32966840e-02  3.51725742e-02 -1.05530201e-02
  2.96157841e-02  1.11332880e-02 -7.34161884e-02 -2.63338871e-02
  4.14102413e-02  1.34789031e-02 -5.56929819e-02 -3.15045379e-02
  9.73594934e-02 -1.70088336e-02  1.56384911e-02 -4.04665098e-02
 -3.90912890e-02 -6.82590380e-02 -3.49814966e-02  2.27629505e-02
 -5.94406314e-02  4.63615209e-02 -5.58967963e-02  5.52944355e-02
  5.99750839e-02 -3.62705290e-02 -2.16227421e-03 -8.17887858e-02
  4.80051897e-02  3.53218727e-02  4.99800146e-02  1.08269695e-02
  2.77111679e-02  1.73705090e-02 -6.74107298e-02 -4.51154727e-03
  3.59152704e-02 -4.07913923e-02  6.24344610e-02 -5.07838912e-02
  3.36161181e-02  4.85337041e-02 -3.02505586e-02 -6.56875670e-02
 -8.82877503e-03  9.24392641e-02  4.42135558e-02 -1.10701816e-02
 -8.75416119e-03 -4.70374338e-02  7.32519999e-02 -2.60359924e-02]"
What are the long-term solutions for cholera control?,"Long-term solutions include infrastructure development for clean water supply, improved sewage systems, and ongoing public health education.","Sustained cholera control relies on clean water access, better sewage systems, and health education.","What are the long-term solutions for cholera control? Long-term solutions include infrastructure development for clean water supply, improved sewage systems, and ongoing public health education.","[ 4.29260312e-03 -2.48735026e-02  1.28976941e-01 -2.03876700e-02
  3.55414636e-02  1.77785624e-02 -1.36443973e-01  1.43797882e-03
 -5.30069768e-02 -4.40765768e-02  1.40864896e-02  2.19350457e-02
 -1.10453572e-02  8.00683200e-02 -1.71115175e-02 -4.99318130e-02
 -8.30169395e-02 -2.03265417e-02  1.62959397e-02  9.44293197e-03
  7.67354220e-02  8.73561017e-04 -8.64724256e-03  1.45999258e-02
 -1.14725903e-01 -1.18612433e-02  3.75586450e-02 -9.71740037e-02
 -3.79245952e-02 -2.60984711e-02  4.03941125e-02 -6.27157325e-03
  2.02170834e-02 -4.60715517e-02 -1.86162721e-02  3.49892192e-02
 -5.49824983e-02 -5.19046485e-02 -3.85901853e-02 -1.18186921e-02
 -1.47435423e-02 -1.04894124e-01 -2.20978148e-02 -4.31511328e-02
 -2.74324846e-02 -6.39346316e-02  1.91424638e-02 -3.92242521e-02
 -3.28584462e-02 -6.51144236e-02  2.53696404e-02 -1.68552715e-02
  1.03845736e-02 -3.21339034e-02  9.36181918e-02 -8.53793249e-02
 -4.99637425e-02 -3.16360146e-02 -6.61836863e-02 -5.50694466e-02
  3.10273916e-02  4.13887762e-02 -5.19987457e-02 -1.75582506e-02
 -7.35565796e-02 -8.16310197e-03 -1.26932294e-03  1.09680340e-01
  2.42786147e-02  5.00298478e-02 -9.76778492e-02  2.91179097e-03
 -1.77938361e-02  4.35470752e-02  2.95759272e-02  3.22779566e-02
  5.31774946e-02 -3.15280296e-02  5.91944307e-02 -4.77502644e-02
  1.29774392e-01  4.19146754e-03  1.16109043e-01  4.80104350e-02
  2.13345271e-02  6.15646467e-02 -2.00587921e-02 -8.72840825e-03
 -1.81559641e-02 -8.28670934e-02  3.67760509e-02 -9.61622223e-02
  1.34937882e-01 -5.43811657e-02 -7.02163111e-03 -4.10668738e-02
  1.25255226e-03 -4.56819870e-02  4.69165184e-02 -2.23968849e-02
 -6.68795109e-02 -8.14719871e-02  2.68703233e-02 -3.79456878e-02
  4.72553149e-02 -1.07593564e-02 -1.97674613e-02  3.31557132e-02
  6.45291507e-02 -3.55673768e-02 -4.49222475e-02  3.25218551e-02
  1.14941560e-02  5.64225391e-02 -2.15542242e-02 -4.09408892e-03
 -5.80782630e-02 -2.57150996e-02  2.18606982e-02  8.38685632e-02
  2.25272905e-02 -9.92837250e-02 -7.60770068e-02 -3.26851010e-02
  4.53720093e-02  8.17563236e-02  3.58812846e-02 -7.08843619e-34
 -6.59680888e-02  1.65996123e-02  2.16317456e-02  1.14864046e-02
  4.34072390e-02  2.06819531e-02  4.44555208e-02 -2.91786138e-02
  1.44870030e-02 -1.35510671e-03  5.70937730e-02 -2.75617512e-03
 -5.32276556e-02  9.10461545e-02  4.08934131e-02 -6.60421699e-02
 -5.11973910e-02  5.10984436e-02 -2.02752426e-02  3.20666656e-03
  8.43134299e-02 -1.03329815e-01  6.09631203e-02  1.86007991e-02
  1.51815727e-01 -1.29290223e-01 -1.86444037e-02  3.05569191e-02
  6.40980378e-02 -3.39613971e-03  1.39277317e-02  5.62684350e-02
 -7.93657824e-02 -3.35486466e-03 -6.77511171e-02  3.07505615e-02
 -4.31029797e-02 -1.69498026e-02 -1.14510972e-02  4.41513471e-02
 -4.99858484e-02  3.80456783e-02 -5.11052683e-02  7.15895593e-02
  1.11349463e-01 -4.44447175e-02 -7.34400610e-03  4.83949445e-02
 -5.18595949e-02 -4.79822457e-02 -1.62715130e-02 -2.44268286e-03
 -1.50237039e-01 -1.32579744e-01  5.21274507e-02  2.84159500e-02
  7.22116232e-02 -1.72617454e-02 -3.58935632e-02 -1.83723867e-02
  5.42485863e-02 -7.62049854e-02 -4.17611785e-02 -1.78099889e-02
  5.51090948e-02  9.98957083e-02  1.13265663e-01 -4.26703840e-02
  7.43886903e-02 -3.25820148e-02 -5.40379956e-02 -4.83115315e-02
 -4.20310274e-02  8.28200281e-02 -4.60615791e-02 -1.12623699e-01
 -1.28593361e-02 -4.32546474e-02 -3.14450487e-02  5.31269088e-02
 -3.56328152e-02 -2.86095943e-02  1.07179070e-02  4.25635390e-02
  1.09744146e-01 -1.46754030e-02 -1.95324644e-02 -2.59482302e-02
 -3.84684093e-02  3.23620848e-02  1.64677743e-02  2.54913829e-02
  2.71868315e-02  7.20181763e-02  5.86665049e-02 -8.93353758e-34
  5.17851561e-02  5.94564341e-02 -3.94839086e-02  2.87738126e-02
  5.35062887e-02 -7.62347970e-03 -4.38766740e-02  3.97329181e-02
  5.60729057e-02 -2.96933930e-02 -7.71405175e-02  9.66866873e-03
  1.17069511e-02  2.54642908e-02 -1.19702797e-02  4.28128876e-02
 -1.01241767e-02 -9.57772359e-02 -6.50456771e-02  1.87647957e-02
 -5.06983362e-02  5.21029392e-03  8.01403914e-03 -1.18034156e-02
 -1.92445498e-02  1.89000852e-02 -6.14793412e-02  4.95329266e-03
 -1.33824712e-02  2.05045771e-02 -9.96317118e-02  3.24213058e-02
  2.81064343e-02 -5.63577637e-02 -4.64806557e-02 -2.98132887e-03
  2.77096108e-02 -7.69887418e-02  3.80877815e-02  4.94908802e-02
  1.03903696e-01 -3.50918919e-02  6.67656735e-02 -1.13567142e-02
 -4.13228683e-02  7.53916875e-02 -5.74393682e-02 -1.93195306e-02
  4.47375774e-02  1.20815737e-02  2.48878496e-03 -2.56020594e-02
 -3.99847180e-02  2.54294593e-02  1.92185268e-02 -6.20637387e-02
  2.28919875e-04 -2.54929643e-02 -7.04429746e-02  2.82855053e-02
 -3.83807123e-02  2.28172410e-02  2.79534198e-02  8.20174888e-02
  6.06858246e-02  2.79855672e-02  8.38925838e-02  2.70785410e-02
  2.33734772e-02 -4.96952459e-02  3.52369733e-02 -2.05854122e-02
 -2.12212075e-02  3.04296017e-02 -3.83749022e-03 -3.41776460e-02
 -1.53765813e-01  1.21450108e-02 -8.58398713e-03  1.43631995e-02
  2.43758094e-02  2.37214025e-02 -1.05047068e-02 -1.88490730e-02
  1.12220263e-02  1.79216061e-02  5.33225127e-02  8.70071724e-03
  8.28139335e-02  6.11009039e-02 -9.11346078e-03 -7.98850730e-02
 -5.49893314e-03  2.10894234e-02  7.75028467e-02 -2.71198033e-08
  7.86263198e-02 -3.33203338e-02  9.21487156e-03  1.77889690e-02
  2.59242617e-02  4.73704040e-02 -4.47199382e-02  8.29166025e-02
  5.86597025e-02  6.60384297e-02 -7.09635317e-02  1.28804445e-01
  1.08095646e-01 -3.87812257e-02  3.13953194e-03  1.85327008e-02
 -3.17573771e-02 -1.34386821e-02 -6.06370904e-02 -1.45416390e-02
  1.44660771e-02  3.94646712e-02 -4.51632030e-02  4.57393155e-02
  3.30276005e-02 -1.94995962e-02 -1.78093347e-03 -2.02972535e-03
 -7.00264797e-02 -2.49747559e-02 -2.67671160e-02 -3.51240598e-02
 -2.93249451e-02  4.63400334e-02  2.35920697e-02  9.89775360e-03
  3.73680182e-02 -5.62495254e-02  2.77247354e-02  1.56514701e-02
  5.71393073e-02  5.27373478e-02 -4.03570533e-02 -2.12597754e-02
  1.83297805e-02  6.50254497e-03 -4.07327153e-02  2.70399265e-02
  2.58241594e-02 -2.38505900e-02  4.22023237e-02 -2.29075318e-03
  4.51702029e-02  2.01754533e-02 -2.98406053e-02  1.04292799e-02
 -1.07507864e-02  2.59816796e-02  7.15510473e-02  2.89202426e-02
 -3.81670743e-02 -2.72910949e-02  3.45124900e-02 -3.75026488e-03]"
How does cholera affect children?,Children are particularly vulnerable to cholera due to their higher risk of dehydration; it's one of the leading causes of death among children in endemic areas.,"Cholera poses a high risk to children, often leading to severe dehydration and increased mortality.",How does cholera affect children? Children are particularly vulnerable to cholera due to their higher risk of dehydration; it's one of the leading causes of death among children in endemic areas.,"[ 6.97850734e-02  1.06346272e-02  9.07181576e-02  1.80532094e-02
  4.18819711e-02  1.46544287e-02  1.92714892e-02  7.47630522e-02
 -2.20507253e-02  4.16572019e-03 -8.49279109e-03 -2.02268437e-02
  5.74558675e-02  8.45341831e-02 -4.20876704e-02 -3.04648299e-02
 -4.97358711e-03 -1.34912580e-02 -3.76196317e-02  3.05135036e-03
  1.07307583e-01 -8.77600908e-03  6.17639348e-03  1.19897276e-02
 -6.29315078e-02  5.71905747e-02  7.17116967e-02 -3.16511691e-02
 -7.53513649e-02  5.27712703e-03 -3.20713222e-02 -2.38754079e-02
  2.36950479e-02 -1.61445532e-02 -1.47978477e-02 -1.70541443e-02
  6.53881282e-02 -8.42968759e-04 -7.01209083e-02 -1.26328180e-03
 -3.23775820e-02 -1.28819449e-02 -5.47603667e-02 -9.22240764e-02
  3.35881524e-02 -9.06671733e-02 -3.83141860e-02 -6.89625042e-03
 -4.45217602e-02  3.45153920e-03 -6.41765632e-03 -5.03064040e-03
  2.73246262e-02  1.44452881e-02  4.19188887e-02 -2.06187014e-02
 -2.72827763e-02 -4.79448140e-02 -3.18317376e-02 -3.94929536e-02
  9.51048546e-03  4.32530977e-02 -6.46326244e-02 -2.23397594e-02
 -4.10203785e-02 -7.24237263e-02  5.00225052e-02  4.66109291e-02
  1.13767935e-02 -1.46919861e-03  6.23285864e-03 -3.60913575e-02
  5.81163876e-02  4.87282500e-02 -2.94427909e-02 -1.06218364e-02
  5.99265005e-03  8.73389095e-03  2.75659654e-02 -5.12904860e-02
  7.46147707e-02 -3.05923671e-02  1.31626904e-01 -1.46270692e-02
  3.69996168e-02 -7.10881548e-04  5.07300533e-02 -8.07837471e-02
 -3.94976139e-02  2.33478006e-02  2.01884713e-02 -6.78876638e-02
  1.31483287e-01  4.31576297e-02  2.80339513e-02  2.93816952e-03
 -1.80604253e-02 -4.74635102e-02 -4.30370569e-02 -1.28680617e-01
 -2.35408619e-02 -2.84110922e-02 -7.82449637e-03  7.36313015e-02
  4.04336713e-02  1.42579870e-02 -5.69997216e-03 -3.25642936e-02
  7.09513994e-03 -4.04702760e-02 -4.06352729e-02  3.30427326e-02
  4.30871323e-02  4.27141674e-02 -6.01382181e-02  8.19767639e-03
 -4.29786704e-02 -6.76945001e-02 -1.17355123e-01  2.80121583e-02
  6.85224356e-03 -1.03473850e-01 -5.04907891e-02  2.44671106e-02
  2.94242036e-02 -5.12390910e-03 -7.57909715e-02 -1.75885252e-33
 -7.03193024e-02 -1.03170369e-02  2.49732733e-02  4.03292961e-02
  1.08358160e-01 -2.40650252e-02  7.86831304e-02 -3.65035944e-02
  3.05621382e-02 -1.96839385e-02 -1.71703231e-02 -1.02015629e-01
  6.00164160e-02  8.80111977e-02 -6.44411296e-02  9.44440588e-02
 -8.43349919e-02 -5.64473495e-02 -6.94232434e-02  8.23648870e-02
  2.47071590e-03 -2.40172669e-02  6.57067169e-03  2.69748480e-03
  8.98650475e-03 -1.54954463e-03 -9.92624387e-02  7.57275745e-02
  1.79010369e-02  3.41275260e-02 -1.40585760e-02 -4.13960777e-02
 -3.63023095e-02 -3.79974805e-02 -2.58600675e-02  6.07764907e-02
  1.97592117e-02  3.32673527e-02 -6.17192499e-02  9.42897722e-02
 -2.41745673e-02 -2.56431308e-02 -7.19525740e-02  9.99205783e-02
  8.96616653e-02  5.70875779e-02  3.04733757e-02  2.84671616e-02
 -1.53666018e-02 -3.15269940e-02 -1.20351864e-02 -1.53446132e-02
 -1.04628876e-01 -6.07589930e-02  3.79197337e-02  5.03539704e-02
  7.41305426e-02  3.55126522e-02 -7.78067783e-02 -3.53167765e-02
  3.70050929e-02 -9.74501446e-02 -3.65706231e-03 -5.70514016e-02
 -6.17283303e-03  1.09799737e-02  1.82610095e-01 -2.52756365e-02
  3.42882238e-02 -8.49628896e-02 -9.10374224e-02 -3.42449695e-02
 -4.40078899e-02  5.62142730e-02 -3.20688598e-02 -1.95600446e-02
  1.29860528e-02  1.15484535e-03  2.48772800e-02  1.06542304e-01
 -7.01673999e-02 -9.01348889e-02  6.71453476e-02 -9.15039331e-02
  1.87558830e-02  6.16233097e-03  1.20717043e-03 -4.41891514e-02
 -2.55293828e-02  8.82007554e-03  7.89980739e-02  1.61041990e-02
  1.27661997e-03  7.26686418e-02  4.73976806e-02 -1.63822495e-33
 -5.25248796e-02  5.07716164e-02 -7.41244778e-02 -2.11758800e-02
 -2.78901067e-02 -1.26386359e-02 -1.90399457e-02 -4.30857278e-02
  9.87938941e-02 -5.08216135e-02 -6.60998076e-02  4.09908034e-02
 -7.10457563e-02  9.14617255e-03 -1.40036689e-02  5.16481251e-02
  1.71183925e-02  4.91207056e-02 -5.03181033e-02 -1.97869465e-02
 -1.47802699e-02 -2.90728305e-02 -1.10841179e-02  1.28973983e-02
  4.09148633e-02 -3.59429605e-02 -3.77930515e-02 -3.51414233e-02
  2.12503737e-03  3.17864562e-03  8.67643729e-02  6.13565892e-02
  9.61282700e-02  5.32223918e-02 -2.80551240e-02 -1.50236581e-03
 -2.70877164e-02 -4.52631488e-02  5.09591773e-03 -8.44168011e-03
  6.66507930e-02 -1.06705341e-03  8.31121430e-02  8.84978566e-03
 -4.13705930e-02  4.72852774e-02  1.78727135e-02 -2.74589173e-02
 -3.10422247e-03  2.47617494e-02  8.36387351e-02  1.25334281e-02
  2.37029907e-03  7.46474266e-02  4.35997695e-02 -2.97844894e-02
  4.28006649e-02 -1.93493273e-02  4.25930247e-02  1.00751042e-01
 -4.51363139e-02  2.66643818e-02 -1.77634601e-02  3.75987403e-02
 -8.28098040e-03 -6.04480505e-02 -8.10945779e-02  2.90830322e-02
  3.04541551e-02 -6.12048768e-02 -1.05809253e-02 -1.21198697e-02
 -3.17586549e-02  1.03688901e-02 -5.50071113e-02 -4.11483720e-02
 -1.31658927e-01  9.40893516e-02 -1.10212024e-02 -4.31937311e-04
  2.52199527e-02  1.91838779e-02 -2.25552581e-02 -6.24156743e-02
 -8.65266100e-02 -2.21832879e-02  8.10544416e-02 -2.72348318e-02
  6.35841163e-03  7.41572380e-02 -2.79007256e-02 -4.41712141e-02
 -2.02729441e-02 -2.64820587e-02  3.73306610e-02 -2.77748118e-08
  8.69662538e-02 -6.57045543e-02  1.85781140e-02  2.92061307e-02
  3.57248709e-02  3.08770221e-02  9.41873156e-03  1.01769760e-01
  1.65444128e-02  1.26049951e-01 -1.06035464e-01  1.13267832e-01
  3.86973098e-02 -2.93848850e-02  3.24030258e-02 -6.74520573e-03
  8.13426543e-03 -6.77084848e-02 -9.84049495e-03  3.03331446e-02
  5.42687960e-02  2.26407256e-02  1.67096239e-02  3.88858467e-02
  1.00732975e-01 -9.99192670e-02  5.80112590e-03 -1.83820669e-02
 -1.16432011e-01 -9.31666493e-02 -3.24977785e-02 -5.04553877e-02
 -4.22881134e-02  7.70088658e-02 -1.70067400e-02 -1.97666232e-02
 -5.52957132e-03 -8.36414006e-03 -5.29343225e-02  2.59136669e-02
  6.17552176e-02 -1.33556584e-02  4.98346351e-02 -3.13688554e-02
  2.38669720e-02  2.00435566e-03 -2.09661461e-02 -3.47824171e-02
  4.22547422e-02  5.64805008e-02 -2.06723786e-03 -5.66646419e-02
  1.89198293e-02 -5.57253100e-02 -3.73967364e-02 -1.59787945e-03
 -5.61277494e-02  6.78780675e-02  6.70838729e-02 -9.97470197e-05
  2.50730384e-02  7.30912462e-02  2.24407166e-02  1.29486239e-02]"
What research is being done on cholera?,"Research on cholera includes vaccine development, understanding bacterial resistance, and developing better water treatment methods.","Ongoing cholera research focuses on vaccine improvement, combating bacterial resistance, and advancing water treatment.","What research is being done on cholera? Research on cholera includes vaccine development, understanding bacterial resistance, and developing better water treatment methods.","[-7.32540293e-03 -1.89517264e-03  2.33072005e-02  1.96657013e-02
  2.43828781e-02 -1.91014656e-03 -7.90551975e-02  5.13869412e-02
 -1.60423815e-02  2.71743052e-02 -2.77485102e-02 -1.80562411e-03
  1.41652618e-02  1.41761675e-01 -4.83145230e-02 -3.84426899e-02
 -4.61965501e-02 -1.42935580e-02  5.38476394e-04 -4.73587029e-02
  4.52681677e-03 -4.20977809e-02  1.16114520e-01 -1.60056204e-02
 -7.16643408e-02 -1.11531792e-02  1.65866371e-02 -7.78881162e-02
 -5.19212373e-02  1.23703480e-02 -5.35937510e-02 -2.24572551e-02
  1.53531379e-03 -4.81730476e-02 -2.37256922e-02 -2.68180892e-02
  3.36048789e-02  1.02092661e-02  4.59751673e-02  2.98309829e-02
 -4.75216396e-02 -8.25423747e-02  6.80085793e-02 -6.04597032e-02
  4.36632596e-02 -5.52560911e-02 -9.69984196e-03 -3.12149921e-03
 -6.89903647e-02 -4.21461463e-02 -5.23379296e-02 -3.89399044e-02
  1.16308415e-02 -4.49788570e-02  4.17017266e-02 -3.26803625e-02
 -4.04465981e-02 -6.99142814e-02  1.27574115e-03 -7.22599104e-02
  3.81054357e-02  3.51975337e-02 -6.04739487e-02  1.08078495e-02
 -5.23654968e-02 -4.63804863e-02  2.27101874e-02  6.63592443e-02
  1.08208423e-02 -3.90423834e-02 -4.35562134e-02  5.72971292e-02
  4.87772413e-02  1.25157684e-01  5.62124178e-02 -6.70642965e-03
  3.00607663e-02  7.07757846e-02  7.78707042e-02 -4.63560931e-02
  1.01948470e-01 -6.65702298e-02  1.18880719e-01  5.87756224e-02
 -2.15076227e-02 -1.34580126e-02  1.70302466e-02 -4.33430821e-03
 -5.42539880e-02 -3.81841287e-02  3.98449153e-02 -7.98077583e-02
  2.82037910e-02  1.80182382e-02 -6.86200634e-02  3.75740305e-02
 -5.93555160e-03 -5.76547496e-02  6.93475306e-02 -5.08398078e-02
 -1.32023897e-02 -7.41632283e-02  4.80347201e-02 -2.68603377e-02
  4.58106026e-02 -2.18248237e-02 -8.37431755e-03 -1.51612600e-02
  8.18752795e-02  7.06470199e-03 -6.34062663e-02  7.83611462e-02
 -2.35772226e-02  6.08868413e-02  1.75826345e-02  1.95396598e-02
 -5.42105660e-02 -3.98096517e-02 -1.37530649e-02  8.06001425e-02
  2.40253638e-02 -1.10070847e-01 -2.66590156e-02 -2.58774683e-02
  4.11479175e-02  6.03488088e-02 -3.90700884e-02 -2.30185524e-33
 -4.75899652e-02  1.07070301e-02  8.00165534e-02  6.83202446e-02
  6.24398552e-02 -2.01377068e-02  3.09748035e-02 -8.89989547e-03
  9.32198390e-03 -1.13445722e-01  4.66423202e-03 -8.28118995e-02
 -1.33242905e-02  1.11604877e-01 -4.25693616e-02  2.06579100e-02
 -5.13265543e-02 -5.68713993e-02 -1.30250543e-01 -6.70738891e-03
  4.46081534e-02 -3.15283351e-02  9.65515077e-02 -1.54103404e-02
  6.43693358e-02 -7.35755637e-02 -8.15363005e-02 -3.71478684e-02
  3.81689705e-02  2.67416388e-02 -3.77624761e-03  2.25565098e-02
 -8.89919326e-02 -3.42943780e-02  2.44556423e-02  8.36962909e-02
  2.37221289e-02 -1.03669595e-02 -4.94520776e-02  6.26609847e-02
 -3.04883327e-02  2.43918151e-02 -6.49765357e-02  1.32045308e-02
  9.66214016e-02  1.12884222e-02 -2.47242544e-02  3.16128433e-02
  4.59882384e-03 -7.98333958e-02  4.15922590e-02  9.63425450e-03
 -8.58643949e-02 -1.08313128e-01  8.75583366e-02  5.35558611e-02
  4.38992567e-02  2.59195380e-02 -8.49848427e-03  9.81801932e-05
  4.16820869e-02 -6.04283065e-03 -6.83570504e-02 -3.51683348e-02
 -4.96227145e-02  9.91275385e-02  1.02949083e-01 -8.38683173e-02
  6.08921982e-02 -4.91602113e-03 -6.30876794e-02 -3.80764646e-03
 -3.13214660e-02  5.94763532e-02 -6.24961853e-02 -3.41458805e-02
  8.04894697e-03 -2.97312764e-03  3.83262262e-02  7.50002265e-02
 -2.50816140e-02 -3.92047502e-02  1.49766654e-02  1.62944086e-02
 -2.59645078e-02 -2.31456403e-02 -1.78564135e-02  1.86872352e-02
  2.72787791e-02  1.24318143e-02  6.30677044e-02  3.54329385e-02
  1.92048326e-02  4.46024835e-02  4.65856381e-02 -9.49804314e-35
 -5.86141646e-02  4.89503145e-03 -4.05668207e-02  7.83405751e-02
  6.61555007e-02  2.24137423e-03 -2.37082299e-02 -6.80769086e-02
  1.22604437e-01  7.16639776e-03  5.64610353e-04  1.42702879e-02
 -2.21140422e-02  6.31403029e-02 -5.38134426e-02  3.62748615e-02
 -5.49008176e-02 -7.09058121e-02 -6.83125183e-02  4.00406644e-02
 -3.55270840e-02  9.13045090e-03  2.87849363e-02 -5.31288311e-02
  3.30246389e-02  3.41267586e-02  2.44832039e-02  2.98343580e-02
 -5.25348522e-02 -7.26692751e-02 -2.61257291e-02 -5.21327136e-03
  9.19194799e-03 -2.37671845e-02 -5.72581813e-02  5.12835085e-02
  6.19866997e-02 -1.99982487e-02  6.09624423e-02 -2.42086332e-02
  5.95885850e-02  1.29236318e-02 -5.01394458e-03 -2.35753059e-02
 -1.81513429e-02  7.09437206e-02 -3.32316309e-02  1.40553955e-02
  3.02894991e-02 -1.39779821e-02  5.77406101e-02 -5.55198416e-02
 -7.11737527e-03 -2.18594447e-02  3.32664810e-02 -5.86426146e-02
  2.48854682e-02 -2.57952791e-02 -3.94041575e-02  9.05641168e-02
 -5.18586114e-02  3.66935059e-02 -4.03096713e-02  8.04408640e-02
  1.05807083e-02  1.64207933e-03  4.87239100e-03  5.21739349e-02
  3.43537554e-02 -1.07997559e-01  7.24611292e-03 -2.63420567e-02
  3.98517251e-02  3.49466242e-02  2.86622299e-03 -1.93481725e-02
 -1.17924094e-01 -2.46913754e-03 -1.44829806e-02  2.68222969e-02
  1.49263367e-02  1.56522822e-03 -1.48310550e-02 -2.98926365e-02
 -1.03646901e-03  3.13765891e-02  5.62457144e-02 -6.48588082e-03
 -3.92092131e-02  4.10002656e-03 -5.93441650e-02 -1.31074741e-01
 -2.33451463e-02 -3.24606267e-03  6.38343617e-02 -2.25823786e-08
  1.01739004e-01 -1.14520490e-01  7.67301545e-02  1.25477603e-02
  4.78745550e-02  2.18629036e-02 -9.30975452e-02  9.38338190e-02
 -3.07655893e-02  5.15063629e-02 -9.26471502e-02  8.74360949e-02
  3.69618572e-02  4.17519398e-02  1.14986254e-02 -5.96509203e-02
  6.91881776e-02 -5.63654825e-02 -7.64657483e-02 -2.99652219e-02
  1.45709654e-02  4.95671667e-02 -1.64558832e-02  4.75989394e-02
  1.25506878e-01 -2.31267922e-02 -2.09371820e-02 -1.51156532e-02
 -4.51357886e-02 -1.27029583e-01 -9.81295407e-02  3.33644263e-03
 -5.16601093e-02 -1.89545210e-02  1.25930989e-02  1.89103037e-02
  5.46098128e-02 -8.70677382e-02  5.31607261e-03 -4.00164723e-02
  9.50115547e-02  3.55741605e-02  2.09889114e-02  8.26446060e-03
  9.59765352e-03  4.91193756e-02 -5.08259423e-02  6.39142748e-03
 -7.08093448e-03 -2.27044206e-02  2.96921339e-02 -6.01649806e-02
  4.97521982e-02  1.46690905e-02 -7.17057362e-02  6.77628666e-02
 -2.18877401e-02  1.71456244e-02  2.23949663e-02 -3.87295410e-02
  7.71569461e-02  4.40091006e-02  6.01236485e-02  5.07308319e-02]"
Are there any recent advancements in cholera treatment?,"Recent advancements include the development of more effective oral vaccines and the use of zinc supplementation in treatment, which has shown to reduce the duration of diarrhea.",New cholera treatments include better vaccines and zinc supplements to shorten illness duration.,"Are there any recent advancements in cholera treatment? Recent advancements include the development of more effective oral vaccines and the use of zinc supplementation in treatment, which has shown to reduce the duration of diarrhea.","[-1.33751631e-02 -1.01879202e-02  4.86735217e-02 -3.05415746e-02
 -9.70288739e-03 -1.54651226e-02 -7.03881383e-02  6.53619617e-02
 -3.63487564e-02 -2.59615723e-02 -2.65404452e-02  8.89641717e-02
  5.02685606e-02  1.48300514e-01 -1.21181505e-02 -4.41447981e-02
  1.23530766e-02  5.73854707e-02 -6.27998449e-03 -1.94917433e-02
 -5.11213988e-02 -9.56894830e-03  8.53753388e-02 -2.04736795e-02
 -5.35321124e-02 -1.94005482e-02 -1.10534308e-02 -7.15386420e-02
 -1.39798652e-02 -4.14165249e-03 -8.39053914e-02 -3.55677232e-02
  1.77922882e-02 -9.09946710e-02 -5.14415791e-03 -5.55188879e-02
  4.98208553e-02 -1.50311813e-02 -5.61722964e-02  4.78407927e-02
 -1.43560246e-02 -5.25289252e-02  2.01872569e-02 -6.71071261e-02
  1.98396370e-02 -5.56961037e-02 -1.71730444e-02  8.58978834e-03
 -9.41087604e-02 -4.94449511e-02 -4.78284992e-02 -1.72098428e-02
  9.49146599e-02 -2.91040577e-02  7.74008334e-02 -9.32082441e-03
 -6.26073852e-02 -4.02404405e-02 -3.91571820e-02 -8.55592489e-02
  3.71662788e-02  1.64555721e-02 -3.08903027e-02 -8.78863409e-03
 -5.57138696e-02 -5.09053618e-02  5.03056403e-03 -4.12509963e-03
  3.09949019e-03  1.76517721e-02 -7.73019865e-02  6.78040460e-03
  5.60384542e-02  5.59643358e-02 -2.15824414e-02  2.14265976e-02
  9.74853784e-02  2.15640832e-02  2.17898302e-02 -1.26871085e-02
  1.12460323e-01 -4.49907035e-02  1.27729371e-01  6.51979893e-02
  3.02465595e-02  4.97299545e-02 -6.53870106e-02  1.96613949e-02
 -4.13830169e-02 -2.73384191e-02  1.07025281e-01 -3.42002176e-02
  3.92970890e-02  2.57207491e-02 -8.97775665e-02 -2.54647844e-02
 -4.05832678e-02 -1.91671792e-02  5.42176925e-02 -9.83980857e-03
 -1.63306314e-02 -3.91768031e-02  1.71097796e-02 -1.14282101e-01
  8.26598555e-02  1.77477486e-02  4.56539430e-02  4.14366834e-02
  5.39322458e-02  5.05839614e-03 -3.41521539e-02  4.15937155e-02
 -5.36424555e-02  9.54540260e-03 -5.36291227e-02  5.41504659e-02
 -3.47167486e-03 -5.22217639e-02 -1.54181942e-02  5.61452582e-02
  5.52713796e-02 -9.78918970e-02 -4.20128480e-02 -4.71886322e-02
  6.91364706e-02  1.03387594e-01  1.95104685e-02 -1.70237627e-33
 -5.84431477e-02  2.33001746e-02  3.58176939e-02  3.87345143e-02
  8.21159258e-02  2.86250692e-02  6.18649460e-02 -2.88246125e-02
  5.55897243e-02 -1.43677235e-01 -3.88443545e-02 -4.18760441e-02
  1.45245194e-02  8.25405046e-02 -7.04766661e-02 -2.45054085e-02
 -3.72759439e-02 -4.72602695e-02 -2.70807948e-02  1.09348716e-02
  1.38089150e-01 -3.46859545e-02  3.40030715e-02  1.43063786e-02
  8.21298808e-02 -1.12553053e-02 -5.23435697e-02  1.56226261e-02
  5.01034968e-02 -3.21601005e-03  3.36672105e-02  3.31663084e-03
 -5.58375306e-02 -5.12250252e-02  3.77256423e-02  1.81104969e-02
 -5.23999184e-02 -2.68086065e-02 -6.20722547e-02  5.25622927e-02
 -1.67370401e-02  3.41561697e-02 -1.37965009e-01  4.10215668e-02
  6.57917634e-02 -3.08265835e-02 -8.02838281e-02  7.73282722e-02
 -2.48153917e-02 -8.51737931e-02  3.51845510e-02  5.07222190e-02
 -1.26822084e-01 -1.26670986e-01  4.91959453e-02 -1.94310525e-03
  3.70439366e-02  3.79517227e-02  2.96466369e-02 -8.89534224e-03
  1.46505320e-02 -1.33475512e-02 -2.35587247e-02 -1.83339845e-02
 -2.55365726e-02  8.08714405e-02  7.50734583e-02 -1.00361399e-01
 -1.16129108e-02  1.59904901e-02 -6.59473464e-02 -4.88883816e-02
 -5.00433035e-02  5.13742082e-02 -3.13120857e-02 -9.10866186e-02
 -1.03428785e-03 -6.51566684e-02  7.74440318e-02  2.55004950e-02
 -1.51462983e-02 -7.13097826e-02  4.94969785e-02  6.48882240e-02
  2.55251657e-02 -2.36474741e-02 -5.13312221e-02  1.54609676e-03
  5.81326969e-02  5.02660358e-03  5.73387854e-02  5.08872792e-04
 -8.77248007e-04  3.05576995e-02  3.89648937e-02 -1.16041478e-33
 -1.57145113e-02  1.07527345e-01 -3.86352204e-02  2.20351666e-02
  3.17975096e-02  2.16651103e-03  2.19461974e-02 -6.93428516e-03
  8.66030380e-02 -8.85823742e-02  2.35912241e-02  2.90481336e-02
  1.24493735e-02  5.69588691e-02 -1.47091802e-02  7.74426684e-02
 -3.47160175e-02 -1.98914371e-02 -3.49008814e-02  5.30456239e-03
 -4.52626403e-03 -2.19688285e-02  3.16142663e-02 -3.92013118e-02
  4.29205522e-02  1.54130468e-02 -1.55004803e-02  3.18973511e-02
 -1.97659042e-02 -4.33892012e-03 -3.44128050e-02  4.03570756e-02
 -3.59006086e-03 -3.65010500e-02 -2.72755343e-02 -1.31387254e-02
  4.17617261e-02 -5.12065180e-02  2.19255351e-02 -1.27968891e-02
  4.24031653e-02 -3.88072506e-02  1.70743931e-02  5.48749939e-02
  3.54505097e-03  9.90862772e-02 -4.06485014e-02 -4.16216664e-02
  1.18506905e-02 -3.84741859e-03  4.88791391e-02 -1.97839877e-03
  4.48462460e-03  2.46297549e-02  4.58223894e-02 -5.28394021e-02
 -1.71273667e-02 -6.83747157e-02 -2.95147914e-02  5.98498359e-02
 -1.23020016e-01  5.21046408e-02 -9.04857274e-03 -2.88451952e-03
  8.05199966e-02  2.90820617e-02  3.74559574e-02  5.77593930e-02
  6.66564610e-03 -1.03598230e-01  2.86809634e-02  1.45158358e-02
  2.02360898e-02  8.43315013e-03 -4.60740067e-02  4.38291244e-02
 -6.37152642e-02 -3.64203118e-02 -4.29611467e-02  3.84723246e-02
 -3.30087356e-02  4.29082736e-02  2.67865807e-02 -5.15107028e-02
  1.06414699e-03  3.63254617e-03  2.00042147e-02 -6.09634398e-03
  8.79615429e-04  3.28913182e-02 -3.51018086e-02 -1.12552285e-01
 -6.15155511e-03  8.66717845e-03  3.27049717e-02 -3.07398800e-08
  5.89318797e-02 -7.43258074e-02 -2.32942086e-02  4.45638858e-02
  2.08320003e-02 -3.27187497e-03 -1.07061654e-01  1.14813522e-01
 -4.41422826e-03  6.17137253e-02 -2.53900234e-02  1.53669462e-01
  1.03299528e-01  1.44441864e-02  4.69067767e-02 -2.54575163e-02
  3.04207020e-02 -4.78627831e-02 -7.15786666e-02 -1.01663973e-02
  1.51011217e-02  5.77031188e-02 -1.33276908e-02 -1.01836063e-02
  8.67982656e-02 -1.93899777e-02 -6.37540296e-02  5.79672493e-03
 -7.76210949e-02 -1.65975988e-01 -7.88108930e-02 -2.73672175e-02
  2.13890318e-02  2.13299133e-02 -6.05935045e-03  3.86124244e-04
  3.40690538e-02 -4.90313545e-02  9.92866466e-04 -6.56459108e-02
  7.39722177e-02 -1.90030131e-02  1.22397663e-02  1.84293278e-02
 -5.22730732e-03 -2.04339083e-02 -1.04507506e-01  8.59715417e-03
 -5.01872459e-03 -5.04670255e-02  3.16961594e-02 -3.83825675e-02
  1.55888740e-02 -3.17143612e-02 -5.22571849e-03  1.84214935e-02
 -8.19432549e-03 -1.70186106e-02  4.25759703e-03 -3.99246216e-02
 -2.07418911e-02 -5.25861308e-02  1.02470428e-01  1.51096918e-02]"
What sanitation measures are most effective against cholera?,"Proper disposal of human waste, treatment of drinking water, and handwashing with soap are crucial in preventing cholera transmission.","Effective sanitation against cholera includes waste management, water treatment, and hand hygiene.","What sanitation measures are most effective against cholera? Proper disposal of human waste, treatment of drinking water, and handwashing with soap are crucial in preventing cholera transmission.","[ 6.31906986e-02  8.74652062e-03  1.05871342e-01 -8.74889046e-02
 -1.76808778e-02  2.41265856e-02 -3.04421298e-02  2.39643436e-02
 -1.45271476e-02 -7.24349078e-03  7.11352564e-03 -1.80605873e-02
 -9.72667150e-03  1.11443102e-01 -1.10691497e-02 -7.29367062e-02
  1.63077898e-02  3.57232615e-02 -2.00312547e-02  3.07219699e-02
  7.67989233e-02 -3.61406878e-02  8.42646286e-02 -2.38159690e-02
 -1.06331825e-01  5.21502749e-04  2.15334538e-02 -9.20051038e-02
 -3.71769555e-02 -5.91014000e-03  2.71862745e-03 -1.79793872e-02
 -7.50070671e-03 -4.28818576e-02 -8.67008865e-02 -4.18853201e-02
  1.71077941e-02 -5.06988950e-02  5.49123175e-02  4.86276411e-02
 -7.12373704e-02 -3.90692614e-02  1.37347914e-02 -8.20390955e-02
  1.02951583e-02 -1.72247309e-02  2.16250587e-02 -1.48007739e-02
 -1.00399412e-01 -8.69713798e-02  4.48759794e-02  5.99395484e-02
 -3.75082269e-02  4.48697526e-03  5.37243783e-02 -2.34541222e-02
 -2.17145775e-02 -8.78701955e-02 -8.54187086e-03 -9.06396136e-02
  1.08628161e-02  6.00554794e-02 -4.18777354e-02  8.76315590e-03
 -1.04521655e-01 -2.79532298e-02  6.58353269e-02  6.39435351e-02
 -5.47684869e-03  5.46123050e-02 -4.63746376e-02  1.85315982e-02
  2.16025766e-02  6.28421158e-02  5.74387871e-02 -2.31643841e-02
  4.64029163e-02  5.67676907e-04 -4.62690648e-03 -3.81689332e-02
  7.16212466e-02 -1.98095571e-02  1.14759818e-01  7.43479058e-02
  7.44984895e-02  4.98570912e-02 -6.23024888e-02 -6.00449666e-02
 -6.52937498e-03 -3.32176015e-02 -5.80240227e-03  3.93363368e-03
  6.44349679e-02 -3.59789431e-02  1.31338416e-02  9.98003781e-03
  4.07028990e-03 -1.20048756e-02  5.51405810e-02 -4.97946292e-02
 -4.23243195e-02 -6.79703653e-02 -1.96792874e-02 -4.66601066e-02
  9.28238630e-02 -2.33289804e-02  1.00400783e-02 -2.46922206e-02
  4.52946648e-02 -2.59818882e-02 -3.86786461e-02  1.59183256e-02
 -5.93281984e-02  5.72520867e-02  1.91264767e-02  4.39591259e-02
  1.54298842e-02  3.96260479e-03  1.21839214e-02  8.03786218e-02
 -2.69295331e-02 -9.66611132e-02  9.08157136e-03 -2.00353079e-02
  5.53411953e-02  9.33466405e-02  4.09644395e-02  1.93689120e-34
 -9.59330872e-02 -1.42594511e-02  5.55558540e-02 -5.21931574e-02
  2.24937759e-02 -3.86700430e-03  2.21351366e-02 -4.53097634e-02
  1.10603161e-01 -2.85434648e-02  3.03745139e-02 -4.28454019e-02
 -4.29471619e-02  1.08091749e-01  6.89128879e-04  3.25304419e-02
  1.63566973e-02 -2.01748982e-02 -1.25323609e-01 -2.11379454e-02
  1.11197792e-01 -1.20865833e-02  3.69084179e-02 -8.09708703e-03
  3.79775949e-02 -9.53286961e-02 -4.18515131e-02  3.10747176e-02
  4.08576876e-02  1.93996467e-02  2.14091670e-02 -2.57247835e-02
 -4.26204987e-02  5.11458097e-03 -7.66685382e-02  4.16940711e-02
 -1.05270088e-01  1.15060303e-02 -6.54311627e-02  6.91917446e-03
 -7.99077749e-02  4.77855131e-02 -3.90806533e-02  3.11069265e-02
  6.57840222e-02  3.70827951e-02 -3.03269923e-02  4.00713719e-02
  5.81180900e-02 -4.66729850e-02  4.13149595e-03  5.49550680e-03
 -4.86423969e-02 -9.20505524e-02  4.12861332e-02 -2.92215031e-02
  7.48922229e-02  6.54734764e-03 -6.66189715e-02  3.56123112e-02
 -5.08746644e-03 -1.03470981e-01 -1.80308092e-02 -2.66583432e-02
  4.17939276e-02  2.79504955e-02  1.34844854e-01 -3.34136412e-02
  1.42903393e-02 -7.29605407e-02 -1.17203712e-01 -5.31577040e-03
 -4.72191721e-02  8.35959688e-02 -5.17698117e-02 -3.91149633e-02
  4.26730141e-02 -1.82073023e-02  4.52853888e-02  8.30431581e-02
 -6.34735003e-02  2.90255208e-04  8.51958618e-03 -1.87125411e-02
  2.34433431e-02  7.90514238e-03  6.21771673e-03  4.38708402e-02
 -2.19937805e-02  1.45398909e-02  5.90109602e-02  4.67481092e-02
  3.76080647e-02  4.72938046e-02  2.17031827e-03 -2.26187943e-33
  4.59568501e-02  6.84984475e-02  7.28358189e-03  8.46054778e-02
  2.00575497e-03  5.13356179e-03 -1.04069114e-02 -9.49045569e-02
  5.57488576e-02 -2.71366481e-02 -7.97473639e-02  4.82313451e-04
 -8.38615838e-03  4.38527809e-03 -2.96456721e-02  5.39847165e-02
  2.82187527e-03 -8.83588865e-02 -6.16621189e-02  3.71108986e-02
 -1.85158569e-02  2.61508748e-02  1.49346525e-02 -3.21686193e-02
 -1.58504285e-02 -1.84722003e-02 -5.98143153e-02  2.39716433e-02
 -2.87835971e-02 -2.97705419e-02 -4.37263288e-02  4.36638854e-02
  1.11212857e-01 -3.87669280e-02 -4.79126610e-02 -4.56744358e-02
  2.71973461e-02 -3.74732018e-02  2.53491364e-02  7.60517791e-02
  8.70854333e-02  6.67475536e-02 -2.45930552e-02  4.23957631e-02
 -2.96307355e-02  1.28771365e-01 -8.13616812e-02 -4.77112196e-02
 -2.15996746e-02  1.26289821e-03  1.57579444e-02 -5.70336245e-02
 -3.27937454e-02  1.52167911e-02  2.43806839e-02 -1.13337301e-02
  2.12429594e-02 -6.39187545e-02 -1.57273971e-02  4.61871363e-02
 -8.20327625e-02  5.55638149e-02 -4.88487724e-03  6.45115077e-02
 -3.31555717e-02  6.63090823e-03  5.04240245e-02  8.51092041e-02
 -8.88287928e-03 -9.72659886e-02 -6.93143159e-02 -1.55003984e-02
  6.25932738e-02 -4.26196354e-03 -1.57944337e-02 -3.17959115e-02
 -1.10776469e-01 -3.31362523e-03  1.14400312e-02  1.21602807e-02
  3.19844224e-02  1.08542684e-02 -6.46683723e-02 -2.81711593e-02
 -2.88592745e-02  2.18837708e-02  6.61018640e-02 -6.04789518e-02
  6.05213083e-02  4.00808128e-03 -3.10827196e-02 -8.01543146e-02
  5.08332066e-03  4.74196225e-02  4.80801724e-02 -2.63764459e-08
  6.12777211e-02 -1.25907600e-01  4.96533848e-02  1.98269188e-02
 -2.86046453e-02  6.10089414e-02 -7.53864497e-02  1.42044902e-01
 -1.05481306e-02  4.25195694e-02 -6.71246052e-02  7.83336833e-02
 -2.20794347e-03 -1.04664154e-02  2.08181050e-02 -6.88109100e-02
 -1.21371448e-02 -4.94733118e-02 -8.87875780e-02 -4.81381342e-02
  1.84539109e-02  1.07838092e-02 -2.34534722e-02  4.30655777e-02
  1.09620012e-01  1.28088472e-02  2.89056770e-04  1.17229437e-02
 -9.81995165e-02 -5.34257405e-02 -3.33759040e-02 -6.82218075e-02
 -3.86477001e-02  3.38486917e-02 -2.15541907e-02  9.29761305e-02
  3.86366472e-02 -9.31327716e-02  5.59995137e-02  4.40421375e-03
  1.32140353e-01 -1.16885621e-02 -7.42741534e-03  1.57295335e-02
  6.44089207e-02 -3.24479267e-02 -1.65296886e-02  4.68780175e-02
  6.45311084e-03 -3.71757597e-02  1.16764195e-02 -3.63473557e-02
  1.67177636e-02  3.55536267e-02 -2.34665330e-02 -2.50366814e-02
 -3.20557207e-02  3.24015766e-02  1.36149125e-02 -4.76174144e-04
  6.70895800e-02  3.93545702e-02  2.29837839e-02  1.36662349e-02]"
How does climate change impact cholera prevalence?,"Climate change can exacerbate conditions that foster cholera, such as increased rainfall and flooding, which can contaminate water sources.",Climate change may increase cholera risks by affecting weather patterns and water safety.,"How does climate change impact cholera prevalence? Climate change can exacerbate conditions that foster cholera, such as increased rainfall and flooding, which can contaminate water sources.","[ 3.98502946e-02 -2.96100602e-03  1.13843605e-01  3.54528986e-03
  3.75778899e-02  3.10184117e-02 -5.84686659e-02 -4.07599248e-02
 -1.98748894e-03 -3.16647291e-02 -1.42008401e-02 -4.97653410e-02
  3.64574566e-02  7.53272548e-02 -1.44270051e-03 -1.70995947e-02
 -9.32293609e-02  1.21270567e-02 -1.09320376e-02 -2.28223875e-02
  3.40639912e-02 -4.41279300e-02 -1.88712813e-02 -2.17156596e-02
 -1.05427377e-01 -5.20442091e-02  2.50025596e-02  1.84281394e-02
 -8.60876366e-02  4.78259362e-02 -6.04124479e-02  6.78102076e-02
 -2.81521436e-02 -2.02955790e-02 -4.19109315e-02 -3.12595479e-02
  4.54087146e-02  2.54243482e-02 -3.00234519e-02  3.80703323e-02
 -1.46017959e-02 -6.12231828e-02  6.12162473e-03 -6.88417852e-02
  1.59250535e-02 -5.80705218e-02 -1.85046941e-02  8.60242173e-02
 -1.12526216e-01 -8.64620805e-02  2.17532776e-02  3.37682888e-02
 -2.24219207e-02 -2.99820583e-02  1.05012851e-02 -1.27439434e-02
  2.57177930e-02 -2.46712770e-02 -2.39607375e-02 -4.93296646e-02
  4.90567423e-02 -5.57245081e-03 -6.36258945e-02 -6.34896616e-03
  2.54500899e-02 -5.90301901e-02  4.15089838e-02  1.08464420e-01
  2.26260312e-02 -3.48674543e-02 -6.27737269e-02  8.11828673e-02
  3.10395565e-02 -1.51934184e-03  2.02399828e-02 -9.01756436e-02
 -4.02150154e-02  8.75151455e-02  1.18597507e-01  1.59397535e-02
  1.21863037e-01 -2.43584570e-02  9.70990658e-02 -1.34756668e-02
  4.51964475e-02 -5.06526418e-03  6.37450591e-02 -4.71571349e-02
 -3.93949449e-02  1.24728195e-02  6.00168221e-02 -1.08326986e-01
  1.11657731e-01  1.33092040e-02 -8.78723338e-02  2.59162486e-02
  2.15340070e-02 -4.01766784e-02  8.53666440e-02 -7.38899559e-02
 -4.16363552e-02 -8.25330615e-02 -2.20510084e-02  1.21348514e-03
  4.46710885e-02  1.42397359e-02 -4.25033784e-03 -5.91103919e-03
  8.45663529e-03  7.05427304e-03 -6.17078617e-02  5.88088632e-02
  3.52637172e-02  4.86668423e-02  4.70610685e-04  3.25440951e-02
 -4.28278930e-02 -2.09177062e-02 -5.08654676e-02  5.61175682e-02
 -9.27068200e-03 -9.13229361e-02 -5.69281727e-02  2.44664233e-02
  3.97833101e-02  5.10070734e-02 -5.85321710e-03 -4.96537814e-34
  2.18126848e-02 -3.67058180e-02  9.33637470e-03 -8.52526817e-03
  1.59886748e-01 -2.12745164e-02 -7.38001103e-03 -5.48300147e-02
  3.29075754e-02 -9.61357653e-02  2.30580904e-02 -3.14554013e-02
  1.49415955e-02  1.03912316e-01 -1.91192999e-02  8.14933926e-02
 -5.51146083e-02  4.41508442e-02 -3.40085551e-02  6.82857111e-02
  1.38288690e-02 -4.10515331e-02  2.83339210e-02  2.88085137e-02
 -1.42878396e-02 -3.69444862e-02 -2.66021565e-02  5.29971421e-02
  4.18264531e-02  6.21278211e-03  2.98419986e-02 -9.68653038e-02
 -4.88110632e-02 -2.38238666e-02  7.81818256e-02  4.56035919e-02
  3.11729163e-02  1.92938524e-03 -1.55068189e-02  8.58428925e-02
 -4.72503481e-03  2.18518171e-02 -7.53108561e-02  2.19297800e-02
  5.86087219e-02 -1.69967953e-02  4.63680886e-02  7.05170184e-02
 -2.26179771e-02 -1.51856132e-02 -4.03915495e-02  3.83961610e-02
 -7.55614787e-02 -8.40185508e-02  5.78096434e-02 -4.05216441e-02
  8.17702264e-02 -9.95436963e-03 -3.15329130e-03 -6.47276342e-02
  1.24875391e-02 -7.18732402e-02  6.18101768e-02 -2.11039614e-02
  1.24901913e-01  3.38428132e-02  1.06239498e-01 -1.33439451e-02
 -3.94237302e-02  1.08023416e-02 -8.84188712e-02 -1.75388139e-02
 -4.74629812e-02  1.04467057e-01 -3.64404842e-02 -5.59490919e-03
 -3.29471640e-02 -3.65656130e-02 -1.89736858e-02  7.31149092e-02
 -8.31947178e-02 -4.04759832e-02  3.91945057e-02 -2.63753776e-02
 -8.61051399e-03 -2.12417124e-03  6.45718426e-02  6.52764575e-04
  7.72997960e-02 -3.60940993e-02  1.11168779e-01 -2.02307329e-02
  2.16255672e-02  5.10792956e-02  6.78970143e-02 -1.38468018e-33
 -4.28075120e-02  5.86601906e-02 -8.08336735e-02 -1.32342335e-02
  1.25835394e-03 -3.89283523e-02 -5.95536456e-03 -7.37710111e-03
  5.33335879e-02 -8.23061764e-02 -2.31337398e-02  5.08377925e-02
 -4.61871289e-02  3.14851254e-02  1.87872183e-02 -1.65511873e-02
 -1.62902623e-02  1.42397266e-02 -9.29502994e-02  2.73216739e-02
 -2.45539714e-02 -1.06564045e-01  3.27540264e-02  3.14038852e-03
 -8.28348622e-02  1.41141098e-03 -2.57614888e-02  4.98393215e-02
 -8.78758077e-03 -4.41414714e-02 -4.52092849e-02  7.15808868e-02
  2.81659327e-02  1.67239085e-02 -1.47248502e-03  1.40514830e-02
  6.13779482e-03 -8.36950168e-02  6.33142814e-02  2.69397697e-03
  7.06888586e-02 -4.25478071e-03  4.99381796e-02 -4.17239852e-02
  1.58978477e-02  4.31048945e-02  2.07918268e-02 -2.89249085e-02
  7.18873739e-02 -2.49802321e-02  8.04244131e-02 -3.11104506e-02
 -3.17693152e-03  4.06218804e-02  3.72506194e-02 -5.88630810e-02
  3.16051245e-02 -4.48413230e-02 -3.91592048e-02  6.20299913e-02
 -1.13076948e-01  6.26105219e-02  5.61700063e-03  2.61609890e-02
  2.77544633e-02 -1.10909916e-01 -6.61305264e-02 -1.13016739e-02
  1.09302243e-02 -1.47881929e-03 -2.50387806e-02 -5.26652895e-02
 -5.63153718e-03 -2.90474948e-02 -3.08045875e-02 -4.13275138e-02
 -1.28524870e-01  5.90725876e-02 -3.15688364e-02  6.34266064e-02
 -1.75038446e-02  3.07358000e-02 -2.07946412e-02 -5.72846755e-02
 -4.60368767e-02  2.48161107e-02  8.19982812e-02 -5.02357520e-02
  2.96057630e-02  1.02152184e-01 -2.27573086e-02 -6.95815384e-02
 -5.64412847e-02 -2.36019939e-02  2.96985377e-02 -2.79563146e-08
  2.90791430e-02 -9.27090943e-02  2.09823884e-02  7.05606490e-02
  5.74706085e-02  4.69137635e-03 -2.70989425e-02  7.83510283e-02
  2.59655751e-02  6.22323640e-02 -3.21050324e-02  8.53538066e-02
  1.01539850e-01  1.36846313e-02  4.87164669e-02  1.69276483e-02
  7.85367191e-02 -8.68222192e-02 -5.06515540e-02 -2.57702023e-02
 -1.62945893e-02 -1.37434322e-02 -5.70831075e-03  5.15189171e-02
  1.28139779e-01 -3.32323089e-02  1.20741939e-02  7.27052316e-02
 -5.64374290e-02 -5.75638376e-02 -2.40041483e-02 -9.10680145e-02
  9.75793228e-03  2.25704387e-02 -8.21157731e-03  7.63887679e-03
  1.71525199e-02 -4.71195579e-02 -3.00794914e-02 -1.98352034e-03
  1.20118193e-01  2.32222509e-02 -4.93822545e-02 -1.57751446e-03
  1.22380108e-02 -3.76337096e-02 -4.36391309e-02 -5.17825130e-03
 -4.34959345e-02  4.30557467e-02  1.07262526e-02 -3.48278247e-02
  9.34880134e-03 -7.86969671e-04 -6.29206598e-02  1.73617452e-02
 -2.39869300e-02  5.51842265e-02  5.87430038e-02  1.58296432e-02
 -1.55748157e-02  1.14460448e-02  1.41202463e-02 -5.19614071e-02]"
Can cholera be spread from person to person?,Direct person-to-person transmission is rare; cholera usually spreads through contaminated food or water sources.,Cholera typically doesn't spread directly between people but through contaminated environmental sources.,Can cholera be spread from person to person? Direct person-to-person transmission is rare; cholera usually spreads through contaminated food or water sources.,"[ 2.78762504e-02 -3.64263766e-02  1.47294989e-02 -2.27439255e-02
  7.68262846e-03 -3.00741661e-02  3.92280407e-02  3.91693413e-02
 -1.06641315e-02 -1.43258823e-02  2.65649278e-02  1.69764012e-02
  1.96945611e-02  5.34510501e-02  4.87016626e-02 -7.63588324e-02
  3.78094334e-03 -2.54571047e-02 -3.27506326e-02  6.21202178e-02
  3.40820067e-02  1.65944248e-02 -8.01093206e-02 -2.44306587e-02
 -1.85864251e-02 -4.96869981e-02  3.46757434e-02 -7.82093704e-02
 -1.05627999e-02  2.82703899e-02 -2.04310864e-02 -7.05147013e-02
 -5.19502498e-02  6.24605687e-03 -3.85282412e-02  4.57242457e-03
  1.92359854e-02  1.29296482e-02  9.36350226e-03  3.70074958e-02
  7.62404175e-03 -6.24569952e-02  4.85490896e-02 -4.37537469e-02
 -1.15721021e-02 -6.23330614e-03 -6.20180694e-03  2.92852316e-02
 -3.84532921e-02 -8.92255902e-02 -6.08507097e-02  4.90706265e-02
 -3.42384563e-03  7.86309838e-02  4.09467258e-02 -2.22257673e-04
 -2.88238656e-02 -6.20635971e-02 -6.52041798e-03 -7.27815554e-04
  6.89285155e-03  2.49121953e-02  4.61868942e-03 -4.46929671e-02
 -1.15386872e-02 -7.07330406e-02  5.87473772e-02  9.99852419e-02
  8.20270777e-02 -1.49651859e-02 -2.10118270e-03 -9.48584732e-03
 -7.31694745e-03  7.50775933e-02  7.36709535e-02 -6.56590238e-02
  3.99789214e-02 -2.00775713e-02 -4.20897193e-02  4.66667823e-02
  2.90228538e-02 -2.18419582e-02  1.52828321e-01 -4.34694476e-02
 -6.34393794e-03  7.60606155e-02  2.49260794e-02  3.89354303e-02
 -2.89776009e-02 -5.34185581e-03 -3.32045108e-02  3.71253002e-03
  1.05839007e-01 -5.14785573e-03 -2.28768047e-02 -5.32725342e-02
  1.50377471e-02 -5.96366711e-02  5.48570007e-02 -2.06105746e-02
 -7.32042193e-02 -4.84305657e-02 -6.31457288e-03 -3.68426368e-02
  1.59094092e-02 -3.09810671e-03 -2.92717218e-02 -9.45333950e-03
  4.24510315e-02  2.12196857e-02 -6.49727955e-02  6.04853816e-02
  4.44672955e-03 -2.89306026e-02  4.94037708e-03  1.10041359e-02
 -9.07946751e-02 -8.82573873e-02 -1.59385111e-02  2.00397000e-02
 -1.88369509e-02 -6.44537359e-02 -3.74873169e-02  2.02651974e-02
  6.83400854e-02  4.84592691e-02  4.88515459e-02 -4.46170177e-34
 -7.08832964e-02  1.41568268e-02  6.88985884e-02  7.25740492e-02
  2.40526590e-02  2.34901607e-02  3.73135530e-03 -1.62268840e-02
  7.26381391e-02 -2.91840099e-02 -2.08119433e-02 -9.34454128e-02
 -1.13160834e-02  1.36674225e-01 -7.85724223e-02  3.01916432e-02
  6.56538131e-03 -3.09474505e-02 -8.27634186e-02  6.34701252e-02
  1.03754468e-01  2.35139718e-03 -3.88220139e-02 -6.04467317e-02
 -5.59531618e-03 -5.40729091e-02 -1.05643041e-01 -2.51475861e-03
  1.44136742e-01  2.54733898e-02 -1.08823804e-02 -1.18795224e-02
 -1.05866985e-02 -8.96228012e-03 -4.42196541e-02  6.44180030e-02
 -5.21761477e-02  8.72378424e-03 -3.39773335e-02  5.49883470e-02
  1.29241473e-03  1.17196115e-02 -3.08438130e-02  5.78369722e-02
  4.54595089e-02  5.07899262e-02 -2.32155360e-02  2.00251136e-02
 -6.01859652e-02 -8.08806494e-02 -2.36307774e-02 -1.58906579e-02
 -3.41126360e-02 -5.10724857e-02  4.94168587e-02 -8.94508138e-03
  1.02068633e-01  1.37177696e-02  3.22815999e-02  4.18198667e-02
  7.37883477e-03  4.71074656e-02 -1.01311104e-02  5.14704026e-02
  5.32221757e-02 -3.16235125e-02  8.66153687e-02 -6.85548261e-02
  4.93282080e-02 -2.07430311e-02 -3.41188423e-02  2.91198939e-02
 -9.69684422e-02  1.08420914e-02 -2.15433314e-02 -9.99096408e-02
 -1.44782790e-03 -1.41094159e-02  6.24357983e-02  6.57225847e-02
 -9.47950333e-02 -5.95294647e-02  3.28306444e-02 -3.22719514e-02
 -2.75638271e-02  6.78980500e-02 -5.03588058e-02 -4.41342965e-02
 -6.96689039e-02  8.94917846e-02  1.24990851e-01  1.36678126e-02
  2.16418076e-02  3.45465317e-02  2.69626789e-02 -1.35075431e-33
 -5.19143716e-02  9.76170078e-02 -5.66241257e-02  1.67962555e-02
  6.40345365e-02  1.13264043e-02  4.66844961e-02 -1.03106843e-02
  5.61115183e-02  6.28863126e-02 -1.36425644e-01 -2.42593922e-02
  4.14610468e-02  1.87482871e-02 -2.08644550e-02  6.82797581e-02
  3.41066048e-02 -9.55753773e-03 -5.44155836e-02 -3.51353660e-02
 -1.01556681e-01 -6.92951456e-02  5.39157819e-03 -6.18261769e-02
  1.46551123e-02  3.53294937e-03  2.25046873e-02  8.52707773e-02
 -4.58030812e-02 -6.75247759e-02 -1.55123509e-02  6.73071891e-02
 -5.69129270e-03 -7.81418979e-02 -7.40160421e-02  3.43405195e-02
 -1.71969216e-02 -2.39978987e-03  4.24638912e-02  1.68245845e-02
  8.67191050e-03  6.03049286e-02 -9.20929853e-03  1.04876421e-02
 -7.64634535e-02  1.00932531e-01  5.70503995e-03 -1.34295687e-01
  1.19648138e-02  2.94262636e-02  4.14487533e-03  2.30321363e-02
  3.67708644e-03 -1.74027663e-02 -9.73891001e-03 -4.38189693e-02
  1.19927358e-02 -6.38798857e-03 -1.75864454e-02  1.31980069e-02
 -2.68369131e-02 -6.03723386e-03 -4.31487300e-02  1.49655463e-02
  7.02502280e-02  1.44529510e-02  6.82591228e-03  3.59108783e-02
  2.78557272e-04 -8.64556655e-02 -1.71733685e-02 -3.83170135e-02
  7.90658221e-03  1.03856158e-02  1.41199855e-02 -6.78977296e-02
 -6.07482642e-02  2.03778921e-03  6.85837306e-03 -5.65098226e-02
  1.76493824e-02  2.23176256e-02  2.83367485e-02 -6.81878775e-02
  3.31922323e-02 -3.26193534e-02  1.11416839e-01 -3.05278897e-02
  1.02169784e-02  1.35600409e-02 -4.10646871e-02 -2.60735545e-02
  3.25070247e-02 -6.64300993e-02  7.56528275e-03 -2.42054021e-08
  3.73012796e-02 -3.60268690e-02  2.26844065e-02  7.03972057e-02
  1.68827567e-02  4.86014597e-02  5.61085343e-03  6.33992702e-02
  2.52370834e-02  1.11327462e-01 -1.92141548e-01  6.74438775e-02
  9.92754772e-02 -3.92393349e-03  8.47873464e-02 -3.20319794e-02
  2.84413174e-02 -1.38564467e-01 -8.76608491e-02 -2.86734141e-02
  4.36518751e-02 -9.18268692e-04  1.91597399e-04  5.48172556e-02
  9.59342346e-02  5.37772290e-03 -2.43819058e-02 -1.82378497e-02
 -1.13361143e-02 -4.72821780e-02 -7.04339221e-02 -5.32275103e-02
 -6.94515482e-02  9.38191935e-02 -4.88459021e-02  4.02331166e-02
  6.11859672e-02 -5.03332354e-02 -6.04087785e-02 -4.55259793e-02
  9.56418440e-02 -5.87521680e-02 -7.67942611e-03  4.80500199e-02
  4.08244394e-02  2.12726835e-02 -6.57128096e-02 -7.37430453e-02
  2.96299458e-02 -2.45200247e-02  8.69874731e-02 -6.21099025e-02
  5.72083592e-02 -8.32392555e-03 -3.58613655e-02 -3.36116254e-02
 -6.72218502e-02  6.87607676e-02  6.56477362e-02 -3.80224660e-02
 -4.05203439e-02  7.63858482e-02  4.94971015e-02  6.98991166e-03]"
"What are ""cholera hotspots""?","Cholera hotspots are regions where the disease is highly endemic, and the risk of outbreak is constant due to environmental and social factors.",Cholera hotspots are areas with a persistent high risk of outbreaks due to local conditions.,"What are ""cholera hotspots""? Cholera hotspots are regions where the disease is highly endemic, and the risk of outbreak is constant due to environmental and social factors.","[ 1.16876915e-01 -7.12367594e-02  1.62991956e-02  1.44171007e-02
  2.95183565e-02 -4.74529490e-02  4.89065005e-03 -1.75349265e-02
 -2.53727399e-02 -2.38240100e-02  3.83209772e-02 -2.38715615e-02
  6.12726398e-02  5.35559542e-02  3.13907042e-02 -8.63259286e-02
 -6.27085045e-02 -6.84046894e-02  4.18998823e-02 -2.56818384e-02
  5.07025868e-02 -1.88770425e-02 -3.42401750e-02 -4.00835760e-02
 -4.58195247e-02 -2.92655919e-02  5.81657421e-03  2.10554041e-02
 -9.21237096e-02  8.78010094e-02 -2.99376044e-02  4.17953879e-02
 -2.98678260e-02 -1.97256375e-02  2.49328613e-02 -6.99932687e-03
 -9.36244726e-02  1.57644153e-02 -4.60330471e-02  5.91981933e-02
 -4.35094349e-02 -1.14956081e-01  8.44014511e-02 -4.03776504e-02
 -9.29111242e-03  2.29955162e-03 -5.44697680e-02  5.87145127e-02
 -8.84649456e-02 -8.90395343e-02  3.32858339e-02 -3.88180986e-02
  3.21701430e-02  7.24919699e-03  3.37512270e-02 -4.72703278e-02
 -9.15866252e-03 -7.49302953e-02 -1.38949873e-02 -7.04547912e-02
  5.18832244e-02  1.73397139e-02 -7.31891394e-03 -2.32628845e-02
 -1.18503561e-02 -5.07323816e-02  5.23093268e-02  9.33709219e-02
  4.46462967e-02  3.07964478e-02 -4.69967499e-02  4.24848907e-02
 -1.95550490e-02  4.42546718e-02 -6.45761285e-03 -2.33470704e-02
 -3.85962520e-03 -9.40698851e-03  1.74123365e-02  9.85049549e-03
  1.41566709e-01  5.21131679e-02  1.48755878e-01 -4.84631620e-02
  4.08269949e-02 -1.93526577e-02  6.74747080e-02 -7.42585436e-02
  2.42339410e-02 -1.77517030e-02 -2.78593339e-02 -2.03170013e-02
  9.42737535e-02  3.22374105e-02 -3.20339166e-02  1.90671626e-03
  3.69802788e-02 -2.28567049e-02  2.70601343e-02 -8.31733197e-02
 -2.68027838e-02 -1.02683514e-01  2.25101300e-02  2.32013073e-02
  4.37854268e-02 -1.43210124e-02 -3.02741230e-02  4.11287472e-02
  8.79171714e-02 -2.25691565e-05 -3.60424332e-02  6.20254464e-02
  4.21181433e-02 -1.44718299e-02 -2.66521424e-03 -5.40362997e-03
 -2.75872461e-02 -2.09229123e-02 -4.67080176e-02  1.42341927e-01
 -5.12463078e-02 -1.92508735e-02 -7.82684982e-02 -3.82565111e-02
  9.01794508e-02  3.35745662e-02 -6.28980398e-02 -1.36765792e-33
  7.12896790e-03  4.28643897e-02 -2.49971282e-02  9.51612275e-03
  9.68348831e-02 -3.97699140e-02  1.82584133e-02 -2.88553722e-02
 -2.23513506e-02  1.86163448e-02 -7.95733929e-03 -2.05590893e-02
  4.32846975e-03  1.32982701e-01  2.78532691e-02  4.31377292e-02
  1.04426946e-02  2.22866572e-02 -6.78622127e-02  3.70703004e-02
 -2.65513156e-02 -8.40869918e-03  1.13873910e-02 -3.23092565e-02
 -5.92485145e-02  7.59879360e-03 -6.88015819e-02 -6.42913440e-03
  6.80757761e-02  5.29365838e-02 -3.86829451e-02 -5.31038120e-02
 -2.34688909e-04 -1.58964042e-02 -1.99365127e-03 -5.46668377e-03
 -4.02559899e-02 -4.22567241e-02 -5.87417074e-02  3.92543823e-02
 -5.35571985e-02 -1.70235541e-02 -9.17709693e-02  8.90042558e-02
  1.11298032e-01  4.66744378e-02 -3.23819369e-02  4.01690938e-02
  4.80155041e-03 -4.86839488e-02 -6.34398609e-02 -2.31170822e-02
 -1.70380145e-03 -7.95970112e-02  4.56728674e-02  4.50581126e-03
  6.65071458e-02  3.58522199e-02  4.50531580e-02  2.34819222e-02
 -3.51759642e-02  8.08443222e-03 -3.28213722e-02 -7.24527165e-02
  6.22327114e-03 -2.50375867e-02  9.64008346e-02 -3.04492451e-02
  5.62088676e-02 -7.48244906e-03 -9.14214586e-04  2.42803078e-02
 -7.80814737e-02  9.44324955e-02  1.64880697e-02 -3.47705409e-02
  1.04896491e-02 -1.95473451e-02  1.00731291e-02  7.94608518e-02
 -9.36309248e-02 -1.06811278e-01 -4.75697741e-02 -3.58044617e-02
 -3.68650816e-02 -9.25660785e-03 -3.09403557e-02 -5.05700745e-02
 -5.12032397e-02  1.95748336e-03  3.88834551e-02  3.52288447e-02
  1.05076851e-02  5.19741252e-02  2.62582824e-02 -1.11946104e-34
 -4.36251275e-02  3.78406830e-02 -4.80704419e-02  1.98795274e-03
 -2.09267605e-02  2.68909503e-02 -2.04681195e-02 -4.38227504e-02
  2.51501761e-02  8.49384442e-03 -1.28050640e-01 -5.27318232e-02
 -2.12325156e-02 -5.15162572e-02  8.32696352e-03  6.06393106e-02
  6.33646920e-03 -1.11236451e-02 -3.77180688e-02  8.81852731e-02
 -4.83466797e-02 -9.14839283e-02  1.05230995e-02 -1.27272047e-02
 -6.17759041e-02  2.27349363e-02 -4.73100729e-02 -5.71441911e-02
 -6.37335777e-02  1.17773181e-02 -6.88539222e-02  2.75584217e-02
  4.18480001e-02 -6.67890534e-03 -4.25506420e-02  3.40557657e-02
  2.53120493e-02 -1.18130431e-01  8.46880525e-02 -3.38312313e-02
  1.01107113e-01  1.89220589e-02  6.51516169e-02  2.93049924e-02
 -1.98566839e-02  9.32857245e-02 -1.55884344e-02  1.05743716e-02
  3.27488296e-02  2.87520903e-04  2.81859897e-02 -1.10883452e-02
 -2.54008397e-02  8.36823508e-02 -5.85742702e-04 -8.29913765e-02
 -4.51864786e-02 -2.33159829e-02 -2.20856443e-02  2.11007334e-02
 -1.88224087e-03  3.74731864e-03 -6.31864145e-02  1.39002725e-01
  5.57589605e-02  1.34545481e-02 -3.49495597e-02  2.52225306e-02
  4.37962897e-02 -5.12313247e-02 -5.60795069e-02 -1.98768396e-02
 -6.18790044e-03 -1.56020271e-02  2.34714672e-02 -3.44263092e-02
 -8.73044208e-02  5.62391393e-02 -9.25479922e-03 -1.84554812e-02
  4.99571413e-02  1.69657413e-02  4.57034111e-02 -1.90684609e-02
  5.86315058e-03  3.76996994e-02  4.83959019e-02 -5.36374971e-02
  3.65079790e-02  3.79954875e-02  4.71536675e-03  1.38526829e-02
 -5.10363728e-02  4.30817343e-02  4.76360396e-02 -2.89328401e-08
  1.02534600e-01 -6.11472987e-02  2.15503648e-02 -7.74415117e-03
  6.73488006e-02 -1.63319614e-02 -9.97189153e-03  9.29618552e-02
  7.44640008e-02  1.58482775e-01 -9.84966308e-02  6.56179264e-02
  8.18168595e-02 -4.31004502e-02  5.83035797e-02 -2.88573396e-03
  1.72818135e-02 -4.07159217e-02 -4.12025638e-02  5.15387431e-02
  1.09867724e-02  1.19193876e-02  3.70813534e-02  2.31114458e-02
  7.48468190e-02 -3.79051082e-02  1.67429633e-02 -4.24716547e-02
 -1.26432758e-02 -1.20618850e-01 -7.73913339e-02 -5.09839989e-02
 -8.01746547e-02  4.77291159e-02 -2.53584404e-02  1.05644129e-01
  1.33684780e-02 -6.86564818e-02 -2.25530677e-02 -5.14871739e-02
  5.19240089e-02 -4.36219275e-02  7.03859478e-02  3.37152183e-03
 -1.56517345e-02 -2.16318779e-02 -6.43239766e-02  1.48864258e-02
  5.77571355e-02 -4.40840982e-02 -6.08749203e-02 -1.86079647e-02
  5.16756140e-02  1.17862308e-02 -6.56426027e-02 -2.55454443e-02
 -6.85954560e-03  5.44666573e-02  8.29305649e-02  2.35096291e-02
  1.53952567e-02  1.24777071e-01  4.37149499e-03  6.98595680e-03]"
How do public health campaigns contribute to cholera control?,"Health campaigns raise awareness about cholera prevention and treatment, promoting behaviors that reduce transmission.",Public health campaigns play a key role in educating communities about preventing and treating cholera.,"How do public health campaigns contribute to cholera control? Health campaigns raise awareness about cholera prevention and treatment, promoting behaviors that reduce transmission.","[ 7.49513060e-02 -9.70063079e-03  7.78882131e-02  3.73455696e-02
  8.18741396e-02  1.04139179e-01 -1.61888183e-03  1.54407840e-04
  1.07569220e-02 -9.83147416e-03  1.51188411e-02 -1.55315846e-02
 -1.30528789e-02 -2.05267640e-03  5.16166016e-02 -5.57944402e-02
 -8.21427349e-03 -2.86165695e-03 -2.23401319e-02  5.65328822e-02
  5.49733303e-02  2.89173331e-02  1.17907576e-01  5.43780103e-02
 -1.35499611e-01 -2.48262733e-02  1.49392262e-02 -5.89337796e-02
 -5.12827933e-02  1.50509067e-02  3.64883468e-02 -4.78696711e-02
  8.74678232e-03 -8.38952081e-04 -4.14780602e-02 -2.81202700e-02
  4.24972773e-02 -2.92767324e-02 -6.63941577e-02  5.33517227e-02
 -2.70166472e-02 -1.07963406e-01 -2.14008745e-02 -4.32032421e-02
  2.79589333e-02 -3.08760945e-02  6.57666381e-03  7.60693029e-02
 -3.91151495e-02 -6.97564930e-02  1.43166231e-02  1.84793472e-02
  2.25698063e-03 -6.15675710e-02  1.10208601e-01 -5.39254807e-02
 -5.96734211e-02 -4.65385430e-02 -3.97191979e-02 -5.64312600e-02
  3.96814346e-02  1.24997152e-02 -4.67596166e-02  3.88949625e-02
 -6.39668331e-02 -3.83716635e-02 -9.60252061e-03  1.01081192e-01
  2.86756121e-02 -4.37156782e-02 -1.77288055e-02 -4.76412661e-03
  6.00840934e-02  6.40141144e-02  2.56402902e-02  1.51150338e-02
  8.23347084e-03  4.53309752e-02  5.84806688e-02 -4.32620123e-02
  9.37083885e-02 -3.64050716e-02  1.61984906e-01  8.71275216e-02
  2.03013308e-02  2.98530292e-02  1.24253975e-02 -4.04341817e-02
 -8.74069985e-03 -2.82881148e-02 -1.84702408e-02 -6.32789731e-02
  5.84603958e-02 -6.22512028e-03 -7.48666376e-02 -1.18083665e-02
 -2.89645940e-02 -3.46045382e-02  4.91412990e-02  7.10401172e-03
 -3.15781273e-02 -6.46895617e-02 -1.43343341e-02 -2.47721616e-02
  2.45279353e-02 -2.01266073e-02 -3.91948745e-02  3.10141128e-03
  5.28319664e-02  6.34249747e-02 -1.75464135e-02  7.86827356e-02
  1.21102855e-02  1.93253327e-02  3.37626748e-02 -4.93642502e-03
 -8.48957226e-02 -5.83971515e-02 -2.51058359e-02  4.03033793e-02
  3.39593962e-02 -1.30337924e-01  1.32554956e-02 -1.62597746e-02
  8.65713581e-02  6.69585243e-02 -4.63114753e-02 -1.74143004e-33
 -6.81455806e-02  1.74454544e-02  1.10585280e-01  3.54163460e-02
  7.17299804e-02  5.20418771e-03 -2.20278036e-02 -8.02716613e-02
  2.56142169e-02 -1.74836963e-02  4.52330075e-02 -1.81107875e-02
  4.00251187e-02  1.47684053e-01 -1.97162572e-02 -1.43022370e-03
 -8.63984004e-02  1.08377635e-03 -6.51070699e-02 -3.46077606e-03
  2.53731813e-02 -4.63805683e-02  2.62455195e-02  5.89196861e-05
 -1.99850593e-02 -4.43896763e-02 -3.43427770e-02 -6.34810049e-03
  8.27272311e-02  4.52576615e-02 -6.27729157e-03  2.10918928e-03
 -4.56374342e-04 -9.77953076e-02  1.56187164e-02  4.53879721e-02
 -2.91322190e-02 -6.66280240e-02 -4.40236107e-02  5.72726019e-02
 -2.40370780e-02  2.09085681e-02 -7.99732655e-02  7.16929957e-02
  4.97355163e-02 -9.64616425e-03 -3.59072490e-03  8.59800633e-03
 -3.53578106e-02 -2.79638637e-02  2.66210153e-03 -9.91690066e-03
 -5.04776761e-02 -8.61697719e-02  5.30855469e-02 -2.02155989e-02
  5.09295538e-02 -3.28044370e-02 -8.20464343e-02 -6.42737970e-02
  4.73728850e-02 -3.93318161e-02  1.80658232e-02 -9.82052740e-03
 -5.67588443e-03  2.87687201e-02  1.11504577e-01 -8.34853724e-02
  2.39479188e-02 -3.93893383e-03 -2.15341076e-02  2.35068500e-02
 -1.35492533e-01  2.26134006e-02 -6.06908202e-02 -9.62664708e-02
 -2.28262879e-02 -4.05876413e-02  2.29968037e-02  8.65307078e-02
 -2.93304361e-02 -1.09416395e-01  5.95209897e-02  7.67298928e-03
  6.12002574e-02  7.79952435e-03  3.09295189e-02  1.10030007e-02
 -1.36009026e-02 -1.94142722e-02  2.74578929e-02  5.25206625e-02
  3.45621854e-02  9.74327177e-02 -2.02220716e-02 -4.90214572e-34
 -2.90743299e-02  8.62137452e-02 -2.95442678e-02 -1.93061922e-02
  5.59628382e-02 -8.51335563e-03 -4.12190892e-03 -1.27642334e-01
  1.05909929e-01  2.91283578e-02 -4.55365255e-02 -1.16897421e-02
 -1.76703595e-02 -2.72328407e-02  1.52362324e-02 -8.50180723e-03
  5.52468263e-02 -2.00277697e-02 -9.63206366e-02 -1.74202789e-02
 -5.33193573e-02 -1.77309718e-02  2.21525803e-02 -2.45143417e-02
 -6.55126423e-02  1.28487675e-02 -7.38770813e-02  6.89650774e-02
  2.61996463e-02 -6.62261620e-02 -9.62853804e-03  4.30361368e-02
  2.26463154e-02 -4.62210961e-02 -8.11501592e-02  3.26559804e-02
  6.88034967e-02 -4.27545086e-02  3.71867511e-03  2.38277484e-02
  6.80661350e-02  5.11904154e-03 -1.01454416e-02  2.06271671e-02
 -7.04306811e-02  9.98684242e-02  2.65574525e-03 -4.59342785e-02
 -6.35992140e-02 -1.19675416e-02  2.41419338e-02 -3.45295630e-02
 -7.57712638e-03  6.19838238e-02 -5.05158445e-04 -5.11550903e-02
 -1.06158964e-02 -7.76456520e-02 -2.30874494e-02  4.91090268e-02
 -4.42568287e-02  5.52151054e-02 -3.63346897e-02  3.87207083e-02
  3.76465209e-02 -7.91056603e-02  2.50602365e-02  3.49039361e-02
  7.11256787e-02 -1.02486439e-01 -7.54997358e-02 -2.39456110e-02
  3.58492020e-03  8.83554853e-03 -5.83496988e-02 -4.35295627e-02
 -1.48963898e-01  4.67478149e-02  1.21401744e-02  9.96032823e-03
 -2.68263859e-03 -6.21087477e-03 -3.32670026e-02 -9.40352231e-02
 -2.52704825e-02  4.79895622e-02  5.18942364e-02  1.02049736e-02
 -3.05930320e-02  1.09971687e-01 -3.43942121e-02 -2.10341830e-02
  1.50326937e-02  7.39205210e-03  4.24859300e-03 -2.33334472e-08
  5.03367782e-02 -7.85614997e-02  3.67369205e-02  4.83572334e-02
  3.47000472e-02  1.58222150e-02 -8.06517825e-02  6.63836747e-02
  1.87397990e-02  5.44467196e-02 -3.55176278e-03  1.26748681e-01
  5.26696220e-02  1.32372715e-02  6.17133491e-02 -6.44524768e-02
  1.26174381e-02 -4.41653430e-02 -8.68408158e-02 -1.70049694e-04
  1.77987665e-02  1.41465645e-02 -9.06767324e-03  3.44898812e-02
  9.61802378e-02 -1.43745197e-02 -7.63700670e-03  1.33477757e-02
 -3.77449915e-02 -3.43105122e-02 -6.10559508e-02 -5.67000210e-02
 -7.99560472e-02  7.41348490e-02 -4.46020216e-02  4.96482104e-02
  3.55028175e-02 -5.05663343e-02  5.25684170e-02 -1.31192794e-02
  6.91845343e-02  4.70835604e-02  3.67258489e-02  3.39284018e-02
  2.62272563e-02  5.23485504e-02 -5.84635399e-02  1.53139895e-02
  6.76659774e-03 -7.89496303e-02 -2.75949854e-02 -4.35265265e-02
  7.75181949e-02  7.24673318e-03 -8.40673298e-02 -2.38353182e-02
 -3.28053571e-02  7.83330351e-02  5.25090769e-02 -3.30526046e-02
  1.02099776e-02  1.44409575e-02 -2.88286526e-02 -3.91875906e-03]"
What is the difference between endemic and epidemic cholera?,"Endemic cholera occurs at a predictable rate in a certain area, while epidemic cholera refers to an unexpected outbreak with high transmission rates.","Endemic cholera is regularly found in an area, whereas epidemic cholera involves a sudden increase in cases","What is the difference between endemic and epidemic cholera? Endemic cholera occurs at a predictable rate in a certain area, while epidemic cholera refers to an unexpected outbreak with high transmission rates.","[ 8.36768076e-02 -5.02637066e-02  4.12426740e-02 -2.25031525e-02
  3.57338972e-02 -9.76708084e-02 -6.60059154e-02  4.90613878e-02
 -1.58596132e-02 -2.59396620e-02  1.47277806e-02  2.74674539e-02
  6.17778637e-02  5.63059635e-02  5.15234023e-02 -1.01835832e-01
 -1.80608369e-02 -7.43516907e-02  9.41111892e-03  5.98635152e-02
  4.75493073e-02 -1.54817980e-02  2.10067313e-02 -1.63006000e-02
 -7.49272332e-02 -2.76389904e-03  4.84171696e-02 -3.26028559e-03
 -1.68465544e-02  4.70383056e-02 -4.14433070e-02  1.03635276e-02
 -2.28924341e-02 -3.91104631e-02 -2.48207822e-02 -6.54660463e-02
 -5.01570962e-02  3.55366915e-02  3.84640601e-03  1.24031184e-02
 -1.16002401e-02 -4.54430208e-02  2.37645544e-02 -5.04247323e-02
  3.63363214e-02 -7.12807402e-02 -6.79013580e-02  8.66605639e-02
 -5.13964109e-02 -4.91290465e-02 -2.57481951e-02  2.11740080e-02
 -3.09577901e-02  9.40402318e-03  7.14950543e-03  6.01351261e-03
  1.29248835e-02 -4.25601602e-02 -4.59583430e-03 -6.04283176e-02
  1.67975063e-03  8.30693450e-03  4.22225595e-02 -1.45765068e-02
 -7.38836229e-02 -9.44155385e-04  3.40001509e-02  8.38529468e-02
  9.11274403e-02 -1.20122405e-02 -1.75585151e-02  3.13024968e-02
 -5.04948851e-03  1.12941697e-01  2.66341921e-02 -9.78159085e-02
 -1.95549969e-02  1.22726910e-01 -1.32248802e-02  4.09723409e-02
  3.35382707e-02 -3.31017226e-02  1.16549760e-01 -5.65994680e-02
 -6.20296784e-03 -3.20969485e-02  4.40941192e-02 -5.23952302e-03
 -1.57734267e-02  1.70054415e-03  1.05581982e-02 -3.00324196e-03
  8.81375372e-02  1.92801319e-02 -1.93467941e-02 -1.99197438e-02
  6.42733052e-02  2.43461411e-02  6.46779314e-02 -5.97274043e-02
 -3.04608466e-03 -9.48392376e-02 -4.00549099e-02  3.82070951e-02
  1.19115300e-02  4.61872518e-02 -3.16401869e-02 -4.33996953e-02
 -5.84214693e-03  1.37176039e-03 -1.68605838e-02  7.69931152e-02
  7.55147636e-02  1.16236403e-03  5.78557956e-05  1.27562899e-02
 -6.51080310e-02 -2.97477860e-02 -1.11358501e-02  1.24892533e-01
  2.65173055e-02 -1.22299194e-01 -3.20375450e-02 -1.40016535e-02
  6.63472116e-02  6.33623749e-02  8.37448239e-02 -6.24192322e-34
 -3.14850472e-02 -4.06155130e-03  2.17130817e-02  1.85295579e-03
  8.03920478e-02 -1.47793256e-03  5.71332267e-03  9.67233721e-03
  1.48598226e-02 -2.95666568e-02 -3.03153992e-02 -1.94795281e-02
 -8.80546588e-03  1.61399648e-01 -2.85573173e-02  3.55669893e-02
  2.98447106e-02 -2.19549611e-02 -7.82906413e-02  2.22778507e-02
  4.91303056e-02  7.58545194e-03  9.65715759e-03 -1.01777622e-02
  1.30069787e-02  3.95840616e-04 -6.25161687e-03 -2.67731845e-02
  2.85240412e-02  1.10371290e-02  3.69222369e-03 -3.28429416e-02
 -3.05236131e-02 -2.48961411e-02 -3.07699926e-02 -1.70403719e-02
  1.93414297e-02 -3.06766871e-02 -1.44335395e-03 -1.61376242e-02
 -5.40396385e-02  6.78105801e-02 -5.87666035e-02  4.78290841e-02
  7.98096657e-02  2.47270260e-02  8.95829592e-03  6.62375567e-03
  1.48705225e-02 -5.03038839e-02 -1.11897411e-02 -4.27143723e-02
 -4.87018414e-02 -5.33000827e-02  3.88543829e-02 -5.70348240e-02
  7.99485594e-02  7.45593682e-02 -1.79467890e-02  3.36878262e-02
  7.41690695e-02 -3.70453708e-02  1.94185711e-02 -2.73237452e-02
  4.35810499e-02  3.56965102e-02  1.23591714e-01 -1.30464220e-02
 -3.35905850e-02  1.38381580e-02  1.69351678e-02  1.76239200e-02
 -1.07358590e-01  7.44956955e-02 -1.26375479e-03 -8.52665231e-02
  2.07477324e-02 -1.36961518e-02 -3.03517040e-02  4.10916954e-02
 -1.64023250e-01  7.86651112e-03 -7.45678395e-02 -9.57313366e-03
 -7.79431760e-02 -1.54136764e-02  4.67540286e-02  3.25035378e-02
  2.39648074e-02 -2.18904437e-03  9.14696008e-02  4.08937745e-02
 -1.50371799e-02  9.75097492e-02  5.38315400e-02 -2.50372729e-33
  2.90921442e-02  7.59408846e-02 -5.78385927e-02  4.92030419e-02
 -1.71961088e-03  3.47823612e-02 -2.54468415e-02 -3.40910093e-03
  4.48667258e-02 -3.44195887e-02 -8.96442086e-02  1.79624874e-02
 -4.45589609e-02  1.16545567e-02  1.08511457e-02  1.47941895e-02
 -1.67368576e-02  6.51883136e-04 -7.04151988e-02  9.00097564e-02
 -2.23046057e-02 -9.12501216e-02 -2.17259452e-02 -7.08158463e-02
 -2.88807191e-02  2.58688163e-02 -1.31630236e-02  8.82247463e-02
 -1.03015304e-01 -7.91745782e-02  1.59999095e-02  5.33141680e-02
  1.19310627e-02 -7.66818300e-02 -9.27922651e-02  6.66187778e-02
  4.67084721e-02 -8.57125074e-02  3.69931124e-02  1.82939321e-02
  2.18565278e-02  6.51917532e-02  3.44588384e-02  6.44583302e-03
 -1.41124809e-02  3.89521644e-02 -1.34377833e-02 -4.37585488e-02
  2.39269622e-02 -1.65811032e-02  1.50061045e-02  4.49947529e-02
  4.74063642e-02  1.84190907e-02 -4.50201146e-02 -4.43319604e-02
 -1.78218298e-02 -1.29187163e-02 -6.96941093e-02  1.14801759e-02
 -4.82655270e-03 -4.04638946e-02 -4.41442840e-02  4.05175686e-02
 -4.19990160e-02 -2.76377331e-02  2.17642840e-02 -5.92740951e-03
  3.95289809e-02 -7.27458671e-02 -9.35423151e-02  1.84339173e-02
 -6.45589754e-02 -1.57268159e-02  6.13668077e-02 -2.03246325e-02
 -6.91731870e-02  4.75069620e-02  1.19921658e-02 -4.87170778e-02
 -6.43831119e-03  5.13257198e-02  1.94707662e-02 -1.04152560e-01
 -1.18652858e-01  7.35231638e-02  6.73458353e-02 -6.08951189e-02
  2.09156219e-02  3.70683074e-02  5.19483685e-02 -7.51105547e-02
 -1.81122012e-02 -7.12067336e-02  2.31877230e-02 -2.76852674e-08
  6.02594092e-02 -7.23313168e-02 -2.01008078e-02  1.22157298e-02
  6.72949106e-02  2.35495921e-02 -1.26097664e-01  5.37621118e-02
  1.58633795e-02  6.72476813e-02 -9.11224633e-02  2.09137164e-02
 -2.35328032e-03 -6.65047541e-02  4.13020775e-02  2.17803288e-02
 -3.30084302e-02 -4.09019366e-02 -4.07887287e-02  5.89601472e-02
  2.09503509e-02  4.46468731e-03 -3.91250215e-02 -3.11479415e-03
  1.37899145e-01  1.16240084e-02 -2.38677729e-02 -7.71392956e-02
 -3.36446054e-02 -2.75581088e-02 -7.11801723e-02 -6.33934736e-02
 -4.78307344e-03  3.03787901e-03 -4.94431481e-02 -1.28450887e-02
  9.85720977e-02 -9.49956477e-02 -8.81884340e-03 -1.62171751e-01
  1.11157328e-01 -6.25394806e-02  2.19417643e-03 -4.05028202e-02
  3.31557468e-02 -5.79685718e-02  3.69200185e-02 -6.75546899e-02
  5.49765006e-02 -3.86448354e-02  2.78431159e-02 -8.73260573e-02
  7.22156316e-02 -4.76286672e-02 -1.16369417e-02 -2.89583374e-02
 -7.09441677e-02  3.12893875e-02  7.90850744e-02  1.65219884e-02
  3.07312533e-02  2.55524348e-02  5.27354926e-02 -4.80512902e-02]"
How are water sources tested for cholera contamination?,Water testing involves laboratory analysis for Vibrio cholerae and can include field tests that provide rapid results.,Testing water for cholera involves laboratory and sometimes field tests to detect the cholera bacterium.,How are water sources tested for cholera contamination? Water testing involves laboratory analysis for Vibrio cholerae and can include field tests that provide rapid results.,"[ 2.36220774e-04 -3.34288515e-02  6.44853637e-02 -5.86158670e-02
  8.66789892e-02 -5.97635796e-03 -3.50891650e-02  1.68963298e-02
 -2.04361118e-02 -5.49628725e-03 -2.89808288e-02 -1.04825988e-01
  4.55267504e-02  7.69211203e-02 -7.36007020e-02 -7.52253830e-02
 -4.42732349e-02  7.62647856e-03  5.60716772e-03 -1.49028022e-02
  5.52666225e-02 -5.87830171e-02  1.09958311e-03 -3.21832784e-02
 -3.96567509e-02  2.10768711e-02  8.54259729e-03 -3.26514952e-02
 -2.16322951e-02  5.21982275e-02 -1.10122310e-02  1.17043424e-02
 -2.98378579e-02 -4.24534045e-02  4.89720367e-02 -2.42320765e-02
  3.82174402e-02 -1.23088285e-02  2.47446634e-02  4.28199023e-02
 -1.57332234e-02 -7.09693059e-02  5.28883897e-02 -4.01082560e-02
 -3.47895920e-02  4.94342810e-03 -1.18530421e-02  2.41993330e-02
 -1.24262668e-01 -7.56390020e-02 -2.34969202e-02 -1.82188582e-02
 -3.01452260e-02 -5.38238660e-02 -3.61401103e-02 -5.46592176e-02
  5.40127046e-03 -1.05007581e-01 -2.48466302e-02  3.07878591e-02
  2.96589360e-02  2.66907346e-02 -4.33886237e-02 -4.76167211e-03
 -3.50363441e-02 -2.44154911e-02  4.33822758e-02  1.23710245e-01
  7.85179585e-02 -5.22454754e-02 -2.86631696e-02  1.69718023e-02
  5.69782592e-02  5.35893328e-02 -1.39523316e-02  6.55552093e-03
  5.53762540e-02  4.35541011e-02  5.24586812e-02 -3.67841385e-02
 -6.79690903e-03 -4.88216840e-02  1.39350370e-01  1.93043817e-02
  2.06314605e-02  6.28458411e-02  7.47192651e-03  2.92651332e-03
 -3.80313210e-02 -3.10543347e-02  4.41041179e-02 -6.95583671e-02
  1.02209290e-02 -4.01232205e-02  2.72459146e-02  3.15852799e-02
  9.20772925e-03 -4.62615155e-02  1.18520416e-01 -4.84005399e-02
 -2.56412085e-02 -6.87676445e-02  1.11656534e-02 -1.59218982e-02
  6.12684116e-02 -1.01543479e-02 -9.20163933e-03  4.18092757e-02
  1.39762715e-01 -3.06619965e-02 -8.96019712e-02  5.65633178e-02
  1.78848449e-02  5.47926463e-02  2.73057707e-02  3.29765007e-02
 -8.98648873e-02 -2.09298208e-02 -7.28078410e-02  7.90830180e-02
  5.95559999e-02 -7.13909417e-02  2.81243976e-02 -1.71682350e-02
  1.00722410e-01  1.10830523e-01  4.57623936e-02 -6.19960863e-34
  6.42236881e-03 -1.08881872e-02  4.10447083e-02 -9.82268155e-03
  1.46563239e-02  1.73872560e-02 -1.03182206e-02  2.08865032e-02
  6.27833530e-02  4.05647745e-03  2.63913218e-02 -1.30220195e-02
 -6.00979961e-02  7.38570765e-02 -3.96709330e-02  7.64881372e-02
 -1.43128792e-02 -5.93573712e-02 -1.04739726e-01  6.82151783e-03
  8.45344737e-02 -8.65250528e-02  4.42045778e-02 -4.38288674e-02
  1.44047374e-02 -6.94582611e-02 -8.42846036e-02  7.96778724e-02
  2.22677551e-02  1.77857447e-02 -2.11355533e-03 -2.09739637e-02
 -6.08639754e-02  1.20965131e-02  4.60681729e-02  4.24155593e-02
 -4.80187638e-03  2.21077874e-02 -7.36742988e-02  3.69114764e-02
  2.44341847e-02 -7.42922362e-04 -2.84267813e-02  2.00747093e-03
  6.97762370e-02 -4.56242211e-04 -1.05516002e-01  1.80214252e-02
  9.62863266e-02 -4.00843397e-02  9.54228733e-03 -1.27327610e-02
 -7.29595944e-02 -3.31712030e-02  2.44259071e-02  4.59550880e-02
  6.26610667e-02  1.37397065e-03  3.71222906e-02 -8.69901571e-03
 -1.58251394e-02  2.73660664e-02 -1.29221389e-02  4.03164327e-03
 -2.85790209e-03  4.46201675e-02  7.66177326e-02 -6.55268654e-02
  8.42295736e-02  1.06360707e-02 -9.56854150e-02  1.83629990e-02
 -8.71341005e-02  6.00409657e-02  1.68249453e-03 -5.60983121e-02
 -3.55239250e-02 -2.59925444e-02  1.22096231e-02  2.81582773e-02
  1.72774419e-02 -8.00705627e-02  6.34643435e-02  2.48264428e-03
 -4.18447219e-02 -2.07572058e-02 -2.32330356e-02 -6.06694957e-03
 -1.53722512e-02 -1.70274191e-02  7.22964853e-02  4.58956063e-02
  5.24123795e-02 -4.34078500e-02  1.07901417e-01 -1.43523957e-33
 -1.93268918e-02  5.16815223e-02 -1.17885659e-03  2.43376810e-02
  4.35118638e-02  1.38705419e-02  5.39137907e-02 -6.77163303e-02
  1.09978676e-01  6.29813503e-03 -5.98961376e-02  3.76559570e-02
 -4.20219563e-02  3.16347890e-02 -7.74013922e-02  5.03649749e-02
 -2.21737139e-02 -5.64573221e-02  4.14925627e-03  3.19993719e-02
 -7.11544752e-02 -2.17140857e-02  9.39141363e-02 -7.92423487e-02
 -1.17174638e-02 -5.48311137e-03  4.23492081e-02 -1.34338404e-03
 -2.60039326e-02 -1.68982241e-02 -1.22518539e-02  8.45257491e-02
  9.56395566e-02 -1.87511556e-02  9.53335408e-03  2.86213844e-03
  5.37522174e-02 -4.13476378e-02  5.11895791e-02  2.83504222e-02
  3.60312536e-02  5.89304343e-02  3.48195620e-02 -4.83024865e-02
 -8.63056481e-02  1.40257195e-01  4.85847035e-04 -3.05619892e-02
 -1.35897927e-03 -2.86045484e-02  1.09154442e-02 -2.06852034e-02
 -3.05818804e-02  1.43941287e-02 -1.55401556e-02 -5.63345216e-02
  3.77616333e-03 -1.10259429e-02 -4.74862978e-02  6.58702329e-02
 -5.69174290e-02  3.20791639e-02 -5.50130829e-02  6.91637993e-02
 -1.13474801e-02  2.58765947e-02  2.02139709e-02  8.82065818e-02
  3.42325345e-02 -8.83633867e-02  1.44628168e-03 -1.22519145e-02
  7.20869973e-02  1.54314600e-02  3.81589346e-02 -5.11431657e-02
 -1.88225016e-01  2.87093525e-03 -1.42126726e-02 -3.45006250e-02
  1.07307591e-01  6.28148671e-03 -3.17256376e-02 -5.49656106e-03
 -3.79875675e-02  4.90451977e-02  6.30136505e-02 -4.38502878e-02
  1.33459801e-02 -1.20845949e-02  3.82146090e-02 -1.18882082e-01
 -6.87529147e-02 -1.67945288e-02  1.08887479e-01 -2.31151027e-08
  3.13280597e-02 -1.28681630e-01  3.96345407e-02  8.42898060e-03
  2.55437405e-03  3.27787362e-03 -4.72769365e-02  1.05525605e-01
  3.35564986e-02  4.80368994e-02 -1.40841544e-01  2.53880229e-02
 -4.70294952e-02 -3.95879485e-02  4.52686399e-02 -2.24789977e-02
 -2.60139792e-03 -3.84443551e-02 -7.58401230e-02 -1.22781927e-02
  1.26639092e-02 -9.31443460e-03  6.01789616e-02  6.32873774e-02
  8.79912600e-02  2.14707963e-02 -9.42410063e-03 -3.56910867e-03
  5.93548501e-03 -7.83358440e-02  2.67464053e-02 -3.13170329e-02
 -6.09904304e-02  4.39039664e-03 -1.84136163e-02  7.87923783e-02
 -4.66201380e-02 -5.57756685e-02 -1.01738321e-02  1.25788366e-02
  1.87019655e-03  8.74772668e-03 -7.00629037e-03 -5.62554263e-02
  3.90538909e-02  5.34895547e-02 -3.91046703e-02 -6.40692189e-03
  9.87046747e-04 -3.38168740e-02  1.55686988e-02 -4.73395288e-02
  2.49142218e-02 -4.99724969e-03 -1.14545576e-01  8.19397252e-03
 -2.67441459e-02  1.20469956e-02 -2.29394343e-02 -7.98779130e-02
  1.72722489e-02  9.23764780e-02  9.74286497e-02 -5.22234254e-02]"
What dietary measures should be taken during a cholera outbreak?,"During an outbreak, it's advised to eat foods that are well-cooked and still hot, avoid raw foods, and drink only treated or bottled water.","In a cholera outbreak, consume only hot, cooked foods and safe, treated water.","What dietary measures should be taken during a cholera outbreak? During an outbreak, it's advised to eat foods that are well-cooked and still hot, avoid raw foods, and drink only treated or bottled water.","[ 2.96755824e-02 -9.15556401e-03  4.08528857e-02 -7.07578787e-04
  1.07095847e-02  1.37122348e-02 -1.29187107e-02 -1.87612735e-02
 -6.72305822e-02 -5.98063581e-02  2.76050046e-02 -1.95787009e-02
 -5.97944995e-03  5.05262762e-02  1.56114306e-02 -8.17484781e-02
  2.30844002e-02  2.06464510e-02 -3.38762999e-02 -2.28799954e-02
  7.08751827e-02 -4.70869765e-02  1.90784577e-02 -1.51714738e-02
 -3.20850611e-02 -9.05896013e-04  7.24500716e-02 -7.16496333e-02
 -6.57453910e-02  2.54465975e-02 -4.10847999e-02 -1.21872663e-01
 -6.41032238e-04 -3.48103344e-02 -2.55062766e-02  7.49390665e-03
  4.15191241e-02 -7.17844293e-02  1.59029514e-02  1.51667278e-02
  4.59552044e-03 -1.61049236e-02  3.42409424e-02 -4.51648310e-02
  9.23597999e-03 -4.14962582e-02 -6.27626851e-02  4.99955751e-02
 -5.36794886e-02 -3.93412709e-02 -1.82436891e-02  1.82479881e-02
 -2.18915846e-02 -4.75172997e-02  7.19336942e-02  5.14234900e-02
  4.17558178e-02 -9.92313996e-02 -2.76583564e-02 -5.64118251e-02
  1.04411719e-02  7.31251156e-03 -8.27922300e-03 -4.67364155e-02
 -8.87613446e-02 -7.83372447e-02  5.04775643e-02  9.63568613e-02
 -7.26606883e-03  5.71905114e-02 -3.08405180e-02  2.14025918e-02
  4.41181213e-02 -2.02884357e-02 -1.90933757e-02 -1.58626121e-02
  9.40416455e-02 -2.85655316e-02  2.75759120e-02  3.14264596e-02
  2.65919808e-02 -1.54359061e-02  1.59361899e-01  4.54411730e-02
  3.02535072e-02  4.84215841e-02 -1.60245113e-02  7.02571124e-03
 -6.07584883e-03  4.43468764e-02  4.73410077e-02 -4.88183871e-02
  6.15334846e-02  9.39239375e-03  5.15892915e-02  1.62530504e-02
 -6.26819534e-03 -8.97317678e-02  6.68157786e-02 -8.81584883e-02
  6.76938519e-03 -1.23780482e-01  2.34930143e-02  2.82948627e-03
  7.23916814e-02 -1.21947564e-02  5.35365706e-03  3.50386426e-02
  5.36398701e-02 -3.42232585e-02  5.29361016e-04  7.07944781e-02
 -3.18291523e-02  2.62711220e-03 -5.51621942e-03  6.79553673e-02
  5.17148264e-02 -7.20354393e-02 -4.32608947e-02  7.92174041e-02
 -1.77445970e-02 -7.65697956e-02  2.45996416e-02  2.08286550e-02
  3.54778282e-02  9.69112813e-02  5.85955381e-02 -2.26200139e-33
 -1.12915017e-01 -2.11590435e-02 -7.60357268e-03 -4.25378978e-02
  6.83381110e-02  1.32934907e-02  1.76400989e-02 -3.16173071e-03
  5.25362529e-02 -6.12483881e-02  4.60833982e-02 -6.39242902e-02
  5.12583938e-04  7.90465474e-02 -7.82939270e-02  1.88126750e-02
  4.52578673e-03 -2.01366264e-02 -8.33345950e-02  2.37432355e-03
  9.39664543e-02 -7.53085092e-02  7.38325343e-02  2.54964875e-03
  4.05032411e-02 -5.89534119e-02 -7.43694007e-02  2.78019998e-03
  7.97563291e-04  1.93896145e-02 -2.58378070e-02 -8.13851058e-02
 -4.13509384e-02 -9.67337564e-03 -2.13087816e-02  2.75641363e-02
 -7.75477365e-02  5.37997074e-02 -6.03727959e-02  5.15242852e-02
  1.13151111e-02  3.92187424e-02 -3.48191783e-02  5.85470088e-02
  3.01276688e-02  1.68503579e-02 -3.84609625e-02  6.93839416e-02
  3.07390895e-02 -5.89406379e-02  3.87253910e-02 -8.87631476e-02
 -1.53988618e-02 -1.00483261e-01  3.44522931e-02 -6.63659275e-02
  8.86269361e-02  2.47795768e-02 -2.08379957e-03 -1.02307223e-01
  5.11337891e-02 -4.09118868e-02  2.64414363e-02 -1.20390495e-02
 -4.49892730e-02  4.68228236e-02  9.53763053e-02 -4.48494181e-02
  2.14106385e-02 -8.59988853e-02 -6.58534169e-02  1.06565456e-03
 -2.70528998e-02  8.24580118e-02 -5.32143302e-02 -4.23671231e-02
 -1.63503997e-02 -2.07416080e-02  3.39787900e-02  5.13147637e-02
  2.27390788e-02 -6.87801763e-02  3.51216421e-02  3.61077711e-02
 -3.73507887e-02  1.81710552e-02 -5.85155748e-02  4.80460897e-02
  6.70188069e-02  3.52063961e-02  3.75552848e-02  1.30355675e-02
 -6.87945355e-03  7.35950693e-02 -1.25091430e-03  4.23583925e-34
  2.26732902e-03  6.74036369e-02 -2.20585102e-03  1.06814387e-03
  1.13959527e-02 -3.08189932e-02 -1.67711303e-02 -6.05899543e-02
  8.33337381e-02 -1.00838646e-01 -7.29855970e-02 -4.61784475e-05
 -5.76089621e-02 -8.20901804e-03 -6.15247749e-02  1.00675724e-01
 -3.55767319e-03  1.04482630e-02 -4.43213480e-03  5.19470237e-02
 -5.29948659e-02 -7.78721496e-02  3.11824139e-02  3.69445533e-02
  2.69046891e-02  3.64077128e-02  2.68549938e-02  1.50023904e-02
 -2.58702189e-02 -4.03906554e-02 -2.59417528e-03 -1.33774895e-02
  1.29061088e-01 -6.51532188e-02 -2.74334420e-02 -2.11738260e-03
  4.50430810e-02 -8.44501331e-02  8.24739486e-02  1.04650773e-01
  8.05487260e-02  7.37029091e-02  2.16827877e-02  9.24548432e-02
 -5.61213791e-02  7.23531321e-02  2.90066097e-02 -1.17421158e-01
 -3.42001915e-02  4.83737269e-04  2.46550776e-02 -8.33278224e-02
 -4.55977954e-03 -1.91675645e-04 -1.19222617e-02 -6.13506958e-02
 -3.64399180e-02  9.92895477e-03 -1.06684938e-02  7.12633459e-03
 -6.99077398e-02  1.88747309e-02 -2.92466413e-02  2.76867021e-02
 -9.79194418e-03 -2.64405441e-02  9.51375626e-03 -2.09867917e-02
 -1.62457128e-03 -8.22474509e-02 -6.00013807e-02 -6.33727480e-03
  1.16551844e-02  5.15430830e-02 -2.71968031e-03 -6.62311390e-02
 -1.40454173e-01  1.23518305e-02  5.23723811e-02  5.76711185e-02
  6.22157124e-04  3.36006433e-02 -4.65980470e-02 -2.47674529e-02
 -1.68980472e-02  4.52754088e-02  5.21906763e-02 -2.10826173e-02
  4.62331586e-02  1.71140954e-02 -2.14047376e-02 -1.29575461e-01
  2.62345392e-02  5.60322218e-02  5.81176579e-02 -2.95935028e-08
  7.59465098e-02 -1.15958028e-01 -1.32088445e-03  1.14197075e-01
 -1.80589687e-02  1.61260851e-02 -2.95430925e-02  2.07594298e-02
  2.75044106e-02  9.32343975e-02 -7.03345463e-02  7.60001391e-02
  3.47413495e-02 -2.63374671e-02 -5.63551532e-03 -2.63997093e-02
  5.82696088e-02 -5.76221906e-02 -4.25639711e-02  2.96058767e-02
  3.53860222e-02  4.17228648e-03  5.15936390e-02  5.36439233e-02
  1.49759382e-01 -2.39543635e-02 -1.77070696e-03 -9.58889443e-03
  8.73369444e-03 -6.25286624e-02 -7.33888745e-02 -4.40769158e-02
 -8.50272775e-02  4.27734554e-02 -5.57208732e-02  4.73418571e-02
  1.12644006e-02 -7.18646124e-02  4.26146835e-02 -7.20081246e-03
  8.89869183e-02 -4.30086926e-02 -6.74852543e-03  1.52045507e-02
 -1.31267244e-02 -1.29032938e-03 -1.97173059e-02  2.82692052e-02
  8.59202910e-03 -3.35859992e-02  7.93191642e-02 -1.13093644e-01
  1.40525801e-02  4.55205068e-02 -5.43412715e-02 -2.23498773e-02
  2.03858037e-02  8.94543007e-02  2.51731817e-02 -4.65754345e-02
 -8.84855445e-03  4.15811799e-02 -3.84073555e-02 -2.04923693e-02]"
How is cholera managed in refugee camps?,"In refugee camps, cholera management includes emergency water and sanitation interventions, rapid treatment facilities, and vaccination campaigns.","Cholera in refugee camps is managed through emergency sanitation, rapid treatment, and vaccinations.","How is cholera managed in refugee camps? In refugee camps, cholera management includes emergency water and sanitation interventions, rapid treatment facilities, and vaccination campaigns.","[ 4.98269200e-02  1.72649100e-02  9.58935078e-03  3.29745077e-02
  5.65891229e-02  8.95737018e-03 -7.84517545e-03 -4.23727781e-02
  1.01247448e-02  1.65979490e-02  1.32494150e-02 -3.23779439e-03
  5.89665212e-02  1.02421813e-01  2.93584764e-02 -5.85955568e-02
 -5.27711809e-02 -2.66859829e-02 -2.23647002e-02 -3.66580337e-02
  3.00981309e-02 -9.99899283e-02  2.28086878e-02 -3.82609516e-02
 -4.81665693e-02  2.43484043e-02 -1.38832591e-02 -1.09753301e-02
 -2.48144660e-03 -1.48373693e-02  1.18551916e-02 -4.27113064e-02
 -5.38447239e-02 -1.71463098e-02  1.89628650e-03  3.19559798e-02
 -8.45428184e-03 -2.74745049e-03 -2.41037011e-02  1.82553213e-02
 -1.52421268e-02 -4.82797958e-02 -3.63100111e-03 -5.84094040e-02
  3.10426280e-02  1.09246038e-02 -4.19535786e-02  3.80891226e-02
 -9.39770788e-02 -9.38329026e-02  2.42141243e-02  2.60562748e-02
 -2.23641302e-02  7.08551472e-03  2.10246015e-02 -7.69976154e-03
  4.94769700e-02 -8.74452665e-02 -5.97754158e-02 -7.96640441e-02
  1.24450296e-03  1.61865894e-02 -3.74026559e-02 -1.89001411e-02
 -8.56490135e-02 -9.17186663e-02  4.91267703e-02  9.51070487e-02
  7.04140514e-02 -7.16326237e-02 -6.23918213e-02  1.81075688e-02
  5.47959022e-02  7.58721456e-02  3.88490260e-02 -5.59913404e-02
  1.59717780e-02  6.67223036e-02  6.58854991e-02  4.19339351e-02
  5.87344281e-02 -7.38726044e-03  1.58425421e-01  3.66872884e-02
 -2.19869167e-02  1.94816813e-02 -4.47522365e-02 -4.00887504e-02
  1.99444238e-02  1.23569136e-02  5.41861448e-03 -6.43150434e-02
  4.80645299e-02  1.05878646e-02  2.28939462e-03 -2.61730962e-02
  7.86998570e-02  3.58491577e-02  6.45411462e-02 -4.22306880e-02
  1.22785885e-02 -1.00853734e-01  2.17447840e-02 -5.40002175e-02
  2.03526579e-02 -5.80306649e-02 -6.58408972e-03  1.84715241e-02
  4.93270084e-02 -1.00277662e-02 -7.62866959e-02  3.80378850e-02
  4.09456603e-02  4.60312665e-02 -1.26696844e-02  2.84252651e-02
 -9.04413685e-02 -7.11858422e-02  5.70055097e-03  1.58136711e-01
  2.98229535e-03 -9.24113393e-02  2.13931575e-02 -1.61094554e-02
  3.34672183e-02  1.02170005e-01  3.70068364e-02 -5.15739468e-34
 -3.83083783e-02 -1.73254050e-02  1.89048629e-02  7.69003108e-03
  5.14149442e-02  1.55193107e-02 -7.46701285e-02 -2.09289864e-02
  5.12762144e-02 -2.62975376e-02  2.23021898e-02 -7.53566772e-02
 -1.10390689e-02  1.11556016e-01 -4.39893976e-02 -4.32787836e-02
 -5.89288548e-02 -6.05512690e-03 -1.12994939e-01  3.31203304e-02
  9.38336737e-03  2.69227531e-02  5.93976453e-02  6.96755480e-04
  7.44920895e-02 -1.93640422e-02 -6.68730810e-02  1.76954828e-02
  7.98568502e-02  2.09141895e-02  4.31101117e-03  2.47291196e-02
 -4.90889885e-02 -5.89797944e-02 -6.13313634e-04  8.92326385e-02
 -5.19499592e-02  2.93472204e-02 -7.61762559e-02  2.15106588e-02
 -3.99623811e-02  1.86645333e-02 -5.16810603e-02  7.93150812e-02
  7.92471468e-02  2.41141617e-02  3.18114236e-02 -1.57282874e-02
  8.01194459e-03 -9.18192565e-02 -2.23776679e-02  1.48648424e-02
 -1.03650935e-01 -7.73588270e-02  1.15018301e-01  2.02150713e-03
  5.38532548e-02  1.21707190e-02 -2.62620710e-02 -9.75812692e-03
  3.41684781e-02 -1.49793355e-02 -3.03630680e-02  3.50313969e-02
  6.02008887e-02 -3.73783596e-02  1.21149205e-01 -4.84670140e-02
  5.51030412e-02 -5.15815429e-02 -6.24812096e-02  2.00645067e-02
 -9.73267946e-03  1.04749039e-01 -7.09673390e-02 -8.47829431e-02
  6.78656697e-02  4.74227965e-03 -6.67111948e-02 -1.83443874e-02
 -1.90933250e-04 -7.36877620e-02  3.50352414e-02  5.71292154e-02
 -2.98366304e-02  2.20908853e-03 -2.68730782e-02 -9.38697346e-03
 -2.08960809e-02 -3.50390263e-02  2.34576687e-02  4.64028046e-02
  4.31325361e-02 -7.48945167e-03  2.63713878e-02 -2.05891307e-33
  5.68355210e-02  3.53181511e-02 -5.47142886e-02 -4.13247794e-02
  3.82478163e-02  7.26322010e-02 -4.75555062e-02 -2.78559662e-02
  8.14599842e-02  1.54280458e-02 -1.52805254e-01  8.47795047e-03
  2.07281578e-02  6.00091070e-02 -9.65643227e-02  1.87809579e-02
  9.68975667e-03 -5.22885360e-02 -8.66307765e-02  2.73725260e-02
 -7.07198456e-02  6.45401776e-02  5.76116666e-02 -5.50057478e-02
 -1.28967771e-02  1.83018893e-02  1.83346793e-02  7.42990747e-02
 -2.29090434e-02 -4.16584574e-02 -1.75401736e-02 -4.21067402e-02
  3.81722338e-02 -9.69085097e-03 -8.01358670e-02 -5.86449280e-02
  3.60126421e-02 -3.74733917e-02 -1.24097080e-03  1.69762131e-02
  5.35440631e-02  3.28318588e-03 -4.15275805e-02 -4.84689325e-03
 -1.14477510e-02  1.40580729e-01 -5.00619337e-02 -7.47670084e-02
 -3.57111474e-03 -4.97918651e-02 -3.30285877e-02 -6.44069761e-02
 -6.74993768e-02 -1.07416697e-02  1.27017708e-03 -1.35925546e-01
 -9.59484559e-03 -3.97000052e-02 -4.24459539e-02  2.95950435e-02
 -5.95073402e-02  3.33237648e-02  5.74523024e-03  4.13433500e-02
  3.40500777e-03 -1.17634470e-02 -7.98983965e-03  5.76727837e-03
  1.76205523e-02 -5.61422110e-02 -3.53356227e-02  7.73804422e-05
 -3.48839536e-03  4.17706110e-02  3.96507829e-02 -2.83692647e-02
 -1.38881922e-01 -9.96619742e-03 -4.88498397e-02 -6.63931742e-02
  5.24674281e-02 -3.85413095e-02 -2.12023351e-02 -2.66227853e-02
  2.89003772e-04  1.11231329e-02  1.07697658e-01 -1.40159559e-02
  3.46362479e-02  2.59644464e-02  2.93780700e-03 -1.11394554e-01
  2.25823633e-02  4.19043452e-02  4.03999016e-02 -2.69359468e-08
  5.47493733e-02 -7.66105056e-02  3.84949856e-02  1.54480524e-02
  3.45141673e-03  3.88938151e-02 -3.20730545e-02  7.11706653e-02
  2.40970105e-02  9.71915275e-02 -1.01656348e-01  1.00357413e-01
  1.42592387e-02  3.90792936e-02  3.40920538e-02  6.01694547e-02
  6.41879113e-03 -1.09402984e-02 -4.35376018e-02 -2.60706078e-02
 -1.86074190e-02  3.42932940e-02  1.35065317e-02  4.92931381e-02
  1.60570323e-01  2.81480867e-02 -1.01746321e-02  5.35861077e-03
 -9.21208691e-03 -5.60129657e-02 -4.38321792e-02 -1.13606323e-02
 -3.50848511e-02  7.74781778e-02 -5.55550903e-02  8.22871178e-02
  4.15769964e-02 -5.13199642e-02  4.55605984e-02 -8.39083195e-02
  4.21580076e-02  3.85029577e-02  1.60134193e-02 -2.92629898e-02
  6.05076144e-04  2.57534571e-02 -6.14910685e-02 -4.20660712e-02
  8.60540476e-03 -8.17148089e-02  2.35432070e-02 -1.83556546e-02
  5.51002733e-02  8.19588974e-02  7.72561133e-03 -1.00028003e-02
 -2.66019236e-02  7.17392238e-03  6.37860298e-02 -1.41544314e-02
 -3.83836702e-02  6.47684708e-02  4.45902869e-02 -4.59183902e-02]"
What is the role of community health workers in combating cholera?,"Community health workers are pivotal in early detection, providing health education, and delivering treatments like ORS at the community level.","Community health workers are essential for early cholera detection, education, and local treatment distribution.","What is the role of community health workers in combating cholera? Community health workers are pivotal in early detection, providing health education, and delivering treatments like ORS at the community level.","[ 3.47921997e-02  2.45088600e-02  5.59793822e-02  3.74985486e-02
  3.27467620e-02  6.74164146e-02  5.88187296e-03 -3.61468755e-02
 -4.24527861e-02 -1.51504781e-02  2.75702099e-03 -2.22360678e-02
 -3.13501246e-02  9.25211683e-02 -2.24933233e-02 -2.66700946e-02
 -1.27884978e-02  5.56142768e-03  1.20762233e-02  3.45585681e-02
 -1.89113766e-02 -2.42549069e-02  2.87930891e-02  2.96850652e-02
 -8.66544321e-02  4.35411036e-02  5.66821126e-03 -4.63090688e-02
 -4.06330936e-02  1.11038731e-02 -2.96344538e-03 -5.78547269e-02
  5.05406745e-02  2.37147436e-02  9.24268086e-03 -2.78192852e-02
  7.11420178e-02 -1.78332515e-02 -4.57591796e-03  6.64977543e-03
 -4.46113199e-02 -7.70415738e-02 -2.20878012e-02 -8.12456682e-02
  6.17821775e-02 -5.52705638e-02  2.24971287e-02  2.41367947e-02
 -3.54643129e-02 -8.44303593e-02  5.07280454e-02  1.15616079e-02
  2.38574110e-02 -9.74797364e-03  5.15954383e-02  1.37004955e-02
 -4.35354374e-02 -1.30418122e-01 -7.65538812e-02 -7.02679306e-02
  2.60269661e-02  5.78315370e-03 -6.95101731e-03  6.89141452e-02
 -3.29210572e-02 -9.35715809e-02 -2.93005388e-02  3.41413952e-02
  1.81598915e-03 -7.79328868e-02 -5.40417582e-02 -3.43072340e-02
  4.89990748e-02  7.72934705e-02  1.42499991e-02  2.17406116e-02
  3.96794677e-02 -5.45067899e-03  4.47232313e-02 -6.84664398e-02
  1.05620384e-01 -3.40809301e-02  1.28243119e-01  8.95045698e-02
 -3.47501524e-02  2.31780168e-02 -5.92047814e-03 -2.11482570e-02
  1.00785932e-02 -3.59893441e-02  2.16975529e-02 -6.56407103e-02
  7.67360851e-02 -3.47872153e-02  5.05058235e-03 -1.74213629e-02
  3.48449312e-02  1.43503875e-03  4.96129133e-02  5.16088260e-03
 -2.98750196e-02 -1.11015446e-01  2.74561979e-02 -6.41409159e-02
  2.62226798e-02 -3.75028746e-03 -1.01008296e-01 -6.80234050e-03
  5.73074594e-02  5.77806961e-03 -1.74339656e-02  6.50871620e-02
 -3.99354436e-02  4.96068299e-02  1.75231118e-02  6.36197031e-02
 -4.20295745e-02 -1.44276330e-02 -4.02898341e-02  9.33134332e-02
 -4.48632846e-03 -9.98058617e-02 -7.05612898e-02 -3.72063182e-02
  1.23475671e-01  7.67788738e-02 -1.18370575e-03 -2.56955406e-33
 -1.00224316e-02  1.07462779e-02 -2.76200939e-03  2.51018628e-02
  9.83874574e-02 -4.20393087e-02  5.68726100e-02 -7.72812739e-02
  6.39713509e-03 -7.07565248e-02 -1.53002273e-02 -3.20535377e-02
  6.64262548e-02  1.12175055e-01 -7.83127844e-02  2.45164838e-02
 -6.46413490e-02 -3.91296670e-02 -1.04763366e-01  4.75559793e-02
  2.70871688e-02 -6.88872486e-02 -1.15587348e-02 -2.50400021e-03
 -3.74383107e-02 -4.78367740e-03 -5.44297248e-02  1.12441159e-03
  6.07249960e-02  2.66932901e-02  8.85554217e-03  3.70031409e-02
 -6.24755248e-02 -7.26846084e-02  3.39134447e-02  8.81912261e-02
  4.24368083e-02 -4.12861370e-02 -8.53000879e-02  1.34954397e-02
 -3.91438492e-02  1.50643960e-02 -7.52054304e-02  5.09293899e-02
  7.24170655e-02 -4.34905738e-02 -2.69555934e-02  5.76080382e-02
 -3.91782969e-02  1.30763010e-03  8.10733589e-04 -3.35895009e-02
 -1.75693985e-02 -3.26846987e-02  1.15351230e-01  2.13531572e-02
  8.89066309e-02 -3.51259089e-03 -3.82719561e-02 -4.10019942e-02
  4.80030254e-02 -4.20053713e-02 -3.14950086e-02  2.59707924e-02
 -6.88475790e-03  2.37838132e-03  1.32770330e-01 -3.47631201e-02
  1.15121640e-01 -3.16052511e-02 -4.57153618e-02 -2.52547767e-02
 -5.10876253e-02  6.54343143e-02 -4.72518243e-02  6.68436894e-03
 -5.03127053e-02 -3.57146710e-02  3.63772586e-02  1.16613798e-01
  5.01769781e-03 -6.75045922e-02  4.91277352e-02 -6.63318625e-03
  4.09305282e-02 -4.18559499e-02 -6.48596976e-03 -9.67831817e-03
 -4.38361242e-03 -6.56825602e-02  1.71643030e-02  3.92439142e-02
  6.03643544e-02  1.15341797e-01  5.99078229e-03 -1.18931541e-33
 -1.83770768e-02  6.32586479e-02 -5.90371229e-02  4.65303520e-03
  3.55927795e-02 -2.56932247e-02  8.65581166e-03 -1.14075169e-01
  6.98870718e-02  3.74024324e-02 -4.19129245e-02 -1.91682838e-02
 -2.64662113e-02  1.99218392e-02  2.39039175e-02  5.83800040e-02
 -2.89331563e-02 -6.99060084e-03 -6.84646741e-02  5.90601116e-02
 -3.10530886e-02 -2.86146365e-02  1.99325942e-03  2.66944990e-02
  3.80957760e-02  3.62349749e-02 -4.09500971e-02 -2.78440863e-02
 -2.26941239e-03 -4.40898724e-02 -4.68253307e-02  6.38634786e-02
  5.19447252e-02 -9.71148685e-02 -2.01894920e-02 -6.34503830e-03
 -6.46825507e-03 -4.30111326e-02  4.61543426e-02  1.95831675e-02
  1.44517392e-01  4.79762144e-02 -5.16385920e-02  1.51659371e-02
 -8.70067924e-02  6.59264177e-02  4.12245840e-02 -4.58964966e-02
 -6.03676438e-02  1.77664794e-02  3.30023356e-02 -2.98076291e-02
  3.96702327e-02  6.14428632e-02  2.70784013e-02 -1.14073632e-02
 -8.59205611e-03 -7.45164901e-02 -3.66562195e-02  2.43932232e-02
 -1.62500795e-02 -8.28124210e-03 -1.54053830e-02  1.10481970e-01
  1.05093122e-02 -2.69705467e-02  4.48595360e-03 -2.84163957e-03
 -3.40103284e-02 -9.89845842e-02 -9.03028622e-02 -6.35518208e-02
  2.22341567e-02  1.56468824e-02 -5.22756465e-02 -6.32348284e-02
 -1.53147951e-01 -1.09216468e-02 -8.43872409e-03  2.99951509e-02
 -7.96622690e-03 -5.11281081e-02  1.97198279e-02 -3.48263122e-02
  1.44546228e-02  4.42165360e-02  2.26910058e-02  3.34489974e-04
  5.03736399e-02  4.46183570e-02 -8.45861901e-03 -2.91090719e-02
  5.68198459e-03 -3.89758497e-02 -1.58557594e-02 -3.13909965e-08
  5.23026176e-02 -4.86344621e-02 -1.60133298e-02  1.27038741e-02
 -5.31646982e-03  2.10870001e-02 -4.94356044e-02  5.22759296e-02
  2.79408433e-02  1.56480134e-01 -5.50602982e-03  7.66173974e-02
  4.09744196e-02 -3.39002609e-02  1.20988108e-01  1.06599377e-02
  4.71672602e-02 -4.54722978e-02 -1.01076245e-01 -3.10034957e-02
  9.45667177e-02 -9.93379019e-03 -4.80080303e-03  4.17506881e-02
  4.89878356e-02 -1.15263071e-02 -9.42397118e-02  5.99988271e-03
 -3.30330841e-02 -5.88815175e-02 -8.02353248e-02  2.25165449e-02
 -6.62198365e-02  4.88255471e-02 -2.09040027e-02  6.04997426e-02
  9.81512293e-02 -1.05143704e-01 -6.71540014e-03 -5.84171005e-02
  2.01297048e-02  1.32852066e-02 -6.46174606e-03 -3.35966907e-02
  3.65068316e-02 -1.84371956e-02 -5.85134849e-02  4.81784716e-02
 -3.05507984e-02 -6.60433248e-02  8.88042059e-03 -9.12320390e-02
  3.37457620e-02 -7.40914559e-03 -8.05365816e-02 -7.09058577e-03
 -3.88003397e-03  4.43113036e-02  2.61648733e-04 -2.56094094e-02
 -2.56433785e-02  6.96016029e-02  4.93225716e-02 -5.06815277e-02]"
What is Yellow Fever?,"Yellow fever is a viral hemorrhagic disease transmitted by infected mosquitoes, notably the Aedes aegypti species. It's characterized by fever, jaundice, muscle pain, and in severe cases, bleeding and organ failure.",Yellow fever is a mosquito-borne viral disease causing fever and jaundice and can lead to severe bleeding and organ damage.,"What is Yellow Fever? Yellow fever is a viral hemorrhagic disease transmitted by infected mosquitoes, notably the Aedes aegypti species. It's characterized by fever, jaundice, muscle pain, and in severe cases, bleeding and organ failure.","[-6.30870238e-02  7.43255988e-02 -4.31453139e-02 -5.71837998e-04
  7.98220038e-02  2.24503465e-02  1.02274247e-01  5.02832374e-03
  2.51935907e-02  9.36366618e-02 -5.80968969e-02 -7.04256967e-02
  3.91458869e-02  4.95944284e-02 -3.36571410e-02 -2.23829541e-02
 -5.31285107e-02 -4.58848141e-02 -3.82466316e-02 -2.97436453e-02
 -3.49304192e-02  1.31066725e-01  2.02931128e-02 -8.96147173e-03
 -8.36549774e-02  2.88471952e-03  5.40686212e-02 -2.34033484e-02
 -1.49821118e-02  2.69878227e-02 -1.08860144e-02  7.73053616e-03
 -4.10237201e-02 -3.95684242e-02  1.44675486e-02  6.04907377e-03
  2.54354086e-02 -1.11253433e-01 -9.35558826e-02  8.70286748e-02
  7.50576854e-02  3.65848057e-02  3.86028960e-02 -5.78869767e-02
 -8.56488477e-03  3.71134207e-02 -3.18474807e-02  7.42548928e-02
  6.67095408e-02 -6.85475469e-02  3.96796167e-02 -1.33188441e-01
 -2.51616705e-02  6.98249564e-02 -1.03704352e-02 -1.42621913e-03
 -6.96465448e-02 -1.21324643e-01 -2.48495899e-02  8.69505852e-03
 -4.63122874e-02  3.42745110e-02  7.67343566e-02  2.35094950e-02
 -3.82853672e-02 -3.79548147e-02 -5.01758361e-04  5.07737836e-03
  4.68010362e-03 -4.99132909e-02  4.60205972e-03 -1.96692366e-02
 -6.74725696e-02  9.39145833e-02  9.20560956e-03 -3.32196243e-02
  8.77425447e-02  4.77403216e-02 -4.02415683e-03 -4.52598603e-03
 -6.59489334e-02 -1.50120566e-02  9.10463259e-02 -2.93268692e-02
  2.37312950e-02  7.08922790e-03 -2.07135770e-02  7.28164166e-02
  1.16139846e-02  5.20822853e-02  6.59878366e-03  9.07160342e-03
  5.58898747e-02  1.66981965e-02 -7.30642825e-02  6.74195066e-02
  2.32646074e-02 -1.81146886e-03 -1.54431285e-02  3.27409133e-02
 -2.76559182e-02 -5.41395284e-02 -2.21841354e-02  3.15463804e-02
  1.35378242e-02  9.28938948e-03  5.17662428e-02 -1.28072817e-02
 -9.69341118e-03 -6.17481247e-02  1.15339020e-02  7.38274248e-04
  1.09698780e-01 -6.77587762e-02 -1.95271876e-02 -5.73912226e-02
 -3.63678299e-02 -1.52069777e-02 -3.94032858e-02  6.10857010e-02
  6.21666685e-02 -2.98386849e-02 -5.60433716e-02 -4.84328456e-02
 -2.21459847e-02  1.28613114e-02 -9.85777657e-03  1.42473233e-34
  3.73221338e-02 -7.69341877e-03  3.77671085e-02  1.56842005e-02
 -2.84702377e-03  2.18184944e-02 -2.60749124e-02  4.36401144e-02
 -1.03177584e-03 -1.47243276e-01  3.44131924e-02 -4.56044450e-02
  2.66881324e-02  1.13730490e-01  1.83711555e-02  1.00545242e-01
 -1.66819301e-02 -3.53049263e-02 -6.24923361e-03  6.45400360e-02
 -1.63263734e-02  4.07449603e-02  5.21961823e-02 -3.09222881e-02
  3.56194042e-02  3.83375511e-02 -9.14080590e-02 -3.21393013e-02
  4.41644043e-02  6.38551894e-04  4.36262153e-02  5.78105710e-02
  6.33911490e-02 -3.46782035e-03 -8.68417695e-02  5.32827154e-02
  4.88288142e-02  1.08479476e-02 -7.66158402e-02  6.27013147e-02
 -4.92158979e-02 -3.48704122e-02 -1.07279308e-01  7.50769675e-02
  3.77712250e-02  1.75635479e-02 -1.32300453e-02  1.42385671e-03
  2.83693392e-02 -1.60274561e-02 -1.84260239e-03  1.17128296e-03
  6.83438331e-02 -2.49619447e-02 -1.95940565e-02  4.48646247e-02
  6.88103959e-02  8.37673200e-04 -2.01163460e-02 -6.49115443e-02
 -2.97573954e-02  5.90036586e-02  3.56101319e-02 -3.56094614e-02
  1.75802093e-02 -7.48185292e-02  5.80171961e-03 -3.75596844e-02
 -1.40623609e-02 -9.57342833e-02 -7.44219229e-04  3.88881452e-02
  1.55520521e-03 -2.33721118e-02  1.33649874e-02 -2.30552908e-02
  4.89803823e-03 -1.60570353e-01 -2.04529203e-02 -5.79090603e-02
 -6.33802265e-02 -2.66525988e-02  1.69251680e-01  3.70121747e-02
 -9.96893924e-03 -3.54603641e-02 -2.03330275e-02  4.18340899e-02
 -5.52348718e-02 -4.71489765e-02  6.02138899e-02  5.12599684e-02
 -3.55868600e-02  4.24519219e-02  9.33674909e-03 -9.42677685e-34
  3.63033488e-02  5.29416129e-02 -1.41616330e-01  1.26209790e-02
 -3.47707048e-02  6.82946341e-03  2.17118431e-02  5.65639287e-02
 -2.30734963e-02  1.60585511e-02  1.76760145e-02 -5.37975468e-02
 -8.17977265e-02  9.37480596e-04  2.64846683e-02 -2.38505658e-02
  9.04752407e-03  1.34636536e-01 -4.97766398e-02 -4.73221298e-03
 -4.15832624e-02 -2.86842193e-02  3.07814963e-02 -1.00361831e-01
  2.27510780e-02 -5.31097176e-03 -4.64790687e-02 -9.09895077e-03
 -8.65152404e-02 -4.11023423e-02  5.92028946e-02  2.81076059e-02
  1.72656737e-02 -4.46998216e-02  7.87152167e-05  4.52606268e-02
  3.72636095e-02 -5.85846268e-02  6.77159056e-02 -8.37118551e-03
  4.08890173e-02 -2.67783292e-02 -3.54564213e-03 -4.98856567e-02
  1.11480178e-02  8.02167729e-02 -2.45929528e-02  5.99927716e-02
 -2.79481197e-03  1.38080148e-02  1.85031779e-02  5.30777470e-05
  1.19983144e-02  6.43431842e-02  2.23759413e-02 -6.62891269e-02
 -1.08085759e-01 -3.66321318e-02  1.07158814e-02 -5.48412912e-02
  2.86407024e-02 -4.40882519e-02 -1.09514538e-02  9.58530158e-02
  4.71701585e-02  2.28080582e-02  2.23353766e-02  1.00308523e-01
  3.30841951e-02 -3.93798985e-02 -3.82899866e-02  1.38526056e-02
 -1.31254699e-02  2.09481665e-03  4.22430523e-02 -5.40586375e-02
 -2.61113364e-02 -1.43997474e-02  3.74434665e-02  4.74514142e-02
 -9.35953762e-03 -6.75153045e-04  8.19146559e-02 -6.74519315e-02
 -2.08928715e-02 -2.64495588e-03  1.60287623e-03  4.18768823e-03
  3.00508775e-02 -2.04932299e-02 -4.90695331e-03  3.88505980e-02
 -1.09539218e-02  2.85517890e-02 -2.04314645e-02 -3.14675681e-08
  4.86621968e-02 -1.08552925e-01 -3.58455740e-02 -4.32188101e-02
 -3.73680727e-03 -6.89749233e-03 -7.42934179e-03 -2.03613415e-02
  8.57507437e-02  9.95078012e-02 -2.80013941e-02  1.15766544e-02
  6.59751818e-02 -1.70451608e-02 -1.17555624e-02  5.84142990e-02
 -2.61098612e-02 -7.53785148e-02  2.47095525e-03 -4.11572345e-02
 -1.90027505e-02  2.88110483e-03 -4.28047730e-03  5.64339384e-02
  2.48909742e-02 -8.23832750e-02 -3.40727083e-02  5.00261504e-03
  6.20351546e-02 -8.19058791e-02 -1.58967420e-01  3.77643183e-02
  1.88153889e-02  4.98437919e-02 -2.06180885e-02  2.86458693e-02
  4.20561731e-02  3.25108580e-02  4.65616174e-02 -4.51164208e-02
  5.13258651e-02 -7.07969349e-03  3.78321335e-02 -8.26314241e-02
  2.78433003e-02 -8.75415802e-02  2.16718167e-02  5.29051535e-02
  6.93021938e-02 -1.23141497e-01  1.73061225e-03  2.03146283e-02
  1.95059017e-03  3.44928652e-02 -1.33859679e-01 -1.19126864e-01
 -7.69795030e-02  5.01686260e-02  5.48912911e-03 -5.75679950e-02
  6.45743906e-02 -2.47384072e-03 -1.49256354e-02  6.65897354e-02]"
How is Yellow Fever transmitted?,"The disease is transmitted through the bite of an infected mosquito. There are three transmission cycles: jungle (sylvatic), intermediate (savannah), and urban.","Yellow fever is spread by the bite of an infected mosquito, with jungle, savannah, and urban transmission cycles.","How is Yellow Fever transmitted? The disease is transmitted through the bite of an infected mosquito. There are three transmission cycles: jungle (sylvatic), intermediate (savannah), and urban.","[-4.32741828e-03  6.24219775e-02 -4.60693240e-02 -2.54406799e-02
  5.99654801e-02  5.13467118e-02  8.03079978e-02 -4.29183468e-02
  9.24306642e-03  1.11639336e-01 -2.34531760e-02 -8.06493014e-02
  4.53103855e-02  1.64587293e-02  9.03784204e-03 -1.41191278e-02
 -3.28075849e-02 -2.79940516e-02  6.06256723e-03 -4.39960398e-02
  1.43312616e-02  5.92070147e-02  1.18827606e-02 -1.73334349e-02
 -8.58334750e-02 -3.64828692e-03  1.21771367e-02 -2.57579312e-02
  4.48580422e-02  1.36724897e-02 -4.97684591e-02  4.95481268e-02
 -9.46510583e-02 -6.70766749e-04 -6.23154640e-02 -2.93240082e-02
  2.46809050e-02 -8.63710716e-02 -1.96786374e-02  1.04272403e-01
  6.53824881e-02  5.66297537e-03  3.31581756e-02 -4.39881422e-02
 -3.76428179e-02  4.08337228e-02 -2.03024670e-02  9.58748087e-02
  3.54778394e-02 -1.42505214e-01 -5.49164601e-03 -1.16464503e-01
 -3.53601240e-02  1.03384100e-01 -4.39683981e-02  1.18039623e-02
 -2.84351502e-02 -5.48200198e-02  5.14771044e-03  6.16296567e-02
 -4.77634417e-03  2.47501917e-02 -6.43502688e-04  2.31520776e-02
  6.61003462e-04 -6.38054013e-02 -5.62878698e-02  4.64911647e-02
  2.94136461e-02 -6.94986060e-02  3.25350314e-02 -2.51971148e-02
 -7.15706721e-02  4.68907021e-02  5.69083877e-02 -4.07667048e-02
  7.40202442e-02  7.39640817e-02 -1.00774970e-02 -2.27530841e-02
 -6.28356710e-02  1.13161444e-03  1.28283367e-01 -4.58785035e-02
 -7.71066919e-03 -5.28220600e-03 -1.97896902e-02  8.76169652e-02
 -1.48292002e-03  5.01955301e-02  2.66382266e-02  5.83624840e-02
  1.57615002e-02 -9.66482703e-03 -1.10868417e-01  6.17515966e-02
  2.06973366e-02 -2.83654849e-03  7.08738342e-02  2.41802465e-02
 -3.31124887e-02 -1.04121640e-01 -6.17954433e-02 -2.33787019e-02
  1.77535973e-02 -6.89781550e-03  2.46800220e-04 -6.27110433e-03
 -6.78738728e-02  6.75501348e-03 -1.31562660e-02  5.95905110e-02
  9.92157683e-02 -6.59533143e-02 -3.12839784e-02 -4.70416434e-02
 -6.52415082e-02 -1.02432314e-02  1.12445401e-02  5.30292131e-02
  9.15627852e-02 -5.18735722e-02 -4.38439324e-02 -1.55222770e-02
 -1.39639550e-03  1.03819128e-02  6.32485971e-02 -4.01623808e-33
  2.87830606e-02 -4.12254687e-03  4.29143198e-02  2.84616929e-02
 -2.81362534e-02  5.13581522e-02 -8.83980375e-03  6.89859921e-03
  4.10653315e-02 -1.08543560e-01  2.58319173e-02 -4.65922952e-02
 -2.83096428e-03  1.08014822e-01  4.78678104e-03  1.21233374e-01
 -1.72349089e-03 -8.52720663e-02 -5.49459495e-02  8.05145279e-02
  1.20422561e-02  6.20509423e-02  1.01771737e-02 -1.12599507e-02
  6.96211010e-02  3.07741351e-02 -1.09934896e-01 -5.69548830e-02
  3.37293558e-02  1.08435722e-02  4.94302176e-02  6.36751726e-02
  4.27672602e-02  1.70013253e-02 -6.58005029e-02  6.15888424e-02
  5.45472316e-02 -3.14572603e-02 -7.01261982e-02  3.41706723e-02
 -3.08992695e-02 -4.92326580e-02 -5.26064262e-02  7.55151287e-02
  5.15891872e-02  2.38235630e-02 -1.95615981e-02  1.28059601e-02
  4.05958854e-02 -3.18286084e-02  2.16499660e-02 -2.17035227e-02
  2.03258209e-02 -1.53124370e-02 -1.44390995e-03  5.22958301e-02
  4.48919274e-02 -1.97964348e-02  3.50365695e-03  3.25027518e-02
  1.29951595e-03  2.55626049e-02  8.20677057e-02 -5.64788952e-02
  5.74528351e-02 -6.98410273e-02  6.36598887e-03 -2.73867305e-02
 -9.32172220e-03 -9.18873027e-02 -1.83973294e-02  2.28029154e-02
  1.99903082e-02 -2.59199385e-02 -1.41107254e-02 -4.31744456e-02
 -4.70755436e-03 -1.35660887e-01  4.32150671e-03 -2.67541017e-02
 -8.77180696e-02  3.56790447e-03  9.04944390e-02  3.96327525e-02
 -4.31112945e-04 -2.33564954e-02 -2.28705201e-02  2.48925444e-02
 -3.29259597e-02 -1.59530956e-02  6.26389310e-02  4.27856408e-02
  1.70513578e-02  3.36109214e-02  4.92966212e-02  1.40138974e-33
  2.06043106e-02  8.91454145e-02 -8.89252871e-02  6.71644835e-03
 -6.04252294e-02  1.01969540e-02  3.51529457e-02  4.33160961e-02
 -2.37761978e-02  5.17022274e-02 -1.11453412e-02 -4.81951311e-02
 -1.98050942e-02  1.45632541e-02 -4.50170450e-02 -2.98229344e-02
  5.35345450e-02  1.12832479e-01 -1.01282232e-01 -2.91205980e-02
 -8.98763090e-02 -2.94928513e-02  3.50727774e-02 -1.11151695e-01
 -1.21520949e-03 -3.01495250e-02 -7.72082955e-02  6.15249500e-02
 -4.47934568e-02 -1.33595541e-02  3.55020911e-02  1.75355673e-02
  2.41926145e-02 -3.04280445e-02  4.23229579e-03  2.29928028e-02
  7.43718296e-02 -8.39205906e-02  5.43633960e-02 -3.00008780e-03
  4.36150730e-02 -1.22839948e-02 -7.77350785e-03 -8.33258629e-02
  1.21680936e-02  1.05951592e-01 -2.70599406e-02  7.22304061e-02
 -1.35479737e-02  4.36989637e-03  6.27577081e-02  4.55151312e-03
 -1.85755622e-02  7.98878353e-03  1.26275020e-02 -4.46741357e-02
 -2.23274752e-02 -4.46526296e-02  3.14164162e-02 -4.77891229e-02
 -7.11872894e-03 -5.23496866e-02 -3.65350693e-02  4.85373288e-02
  4.34146449e-02  1.49947619e-02  4.38269153e-02  9.87418219e-02
  2.87378728e-02 -3.46598551e-02 -1.01204112e-01  5.18342368e-02
 -1.79433227e-02 -7.18109682e-02  1.53401848e-02 -1.86673757e-02
  9.38542886e-04 -2.81083919e-02  2.44650543e-02  1.99246649e-02
 -3.25668268e-02 -1.59058161e-02  5.98615296e-02 -5.60837425e-02
  7.87934195e-03  1.92219559e-02  1.05760517e-02 -9.44207832e-02
  4.68627214e-02 -1.35100028e-02 -4.88512404e-02  1.62330903e-02
 -2.01807264e-02 -3.73554192e-02  1.56060569e-02 -2.73205725e-08
  8.12058300e-02 -6.29580170e-02 -9.09673888e-03 -4.06945720e-02
  3.92488576e-02  6.44512102e-02 -5.37490472e-03 -1.93434935e-02
  7.58617967e-02  1.13171712e-01 -4.64208871e-02  9.47415549e-03
  8.24811012e-02 -3.55347693e-02  4.44096746e-03  5.63006066e-02
 -1.64557621e-02 -1.00435890e-01 -1.66865829e-02 -6.14732392e-02
  4.14371770e-03 -3.64455655e-02 -1.45057105e-02  8.47079605e-02
  4.77100238e-02 -6.21620230e-02 -2.82151308e-02  1.18043097e-02
  4.70776334e-02 -7.26935416e-02 -1.37553841e-01 -7.85378332e-04
 -2.60179136e-02  1.08567357e-01 -2.73237713e-02  4.27680574e-02
  4.89012003e-02  5.32780811e-02  7.24367648e-02 -3.85719612e-02
  7.57984892e-02 -3.37792598e-02  2.76849093e-03 -5.01191355e-02
  1.68595184e-02 -4.72011641e-02 -2.18558814e-02  3.05233002e-02
  4.50978391e-02 -5.66577204e-02 -1.88843906e-02  1.36986759e-03
  1.54937943e-02 -9.72974859e-03 -1.27576798e-01 -1.50681078e-01
 -8.61024186e-02  2.26051435e-02  3.67561840e-02 -3.94861139e-02
 -4.25186567e-03  7.25449435e-03 -4.16867658e-02  4.74660695e-02]"
What are the symptoms of Yellow Fever?,"Symptoms include fever, headache, jaundice, muscle pain, nausea, vomiting, and fatigue. A small percentage of patients progress to a severe form of the disease.","The disease presents with fever, jaundice, and muscle pain, and can escalate to more severe symptoms in some cases.","What are the symptoms of Yellow Fever? Symptoms include fever, headache, jaundice, muscle pain, nausea, vomiting, and fatigue. A small percentage of patients progress to a severe form of the disease.","[-1.12735899e-02 -6.39425404e-03  2.05916539e-02  1.75914820e-02
  6.74772412e-02  5.31027503e-02  4.41411287e-02  1.52410204e-02
 -3.95788848e-02  3.31907235e-02 -7.71397874e-02 -9.89287868e-02
  8.05581063e-02  5.67320548e-02  2.47507868e-03 -2.57662572e-02
 -3.34086344e-02 -2.25219484e-02 -1.28584085e-02 -4.90366146e-02
 -6.49752542e-02  4.83240932e-03 -4.16078791e-02  7.77900452e-03
 -5.38716204e-02  6.69695884e-02  3.57043333e-02 -6.37637544e-03
 -4.97658290e-02 -1.54852672e-02 -1.09054670e-01  4.84231897e-02
 -1.46899186e-02 -5.27451225e-02  8.07961226e-02 -1.63996394e-03
  5.26440479e-02 -2.21519694e-02 -8.36947113e-02  7.66695514e-02
  3.86566892e-02  9.08721387e-02  6.54047057e-02 -2.46358253e-02
  1.98010113e-02  1.84305795e-02 -9.22777429e-02  3.35026868e-02
  8.02795067e-02 -3.25539010e-03  7.99200404e-03 -1.26096368e-01
  5.19596711e-02 -2.41634790e-02 -1.10009350e-02 -7.21547147e-03
 -5.69694042e-02 -1.02712587e-01 -4.03710529e-02  4.66956571e-02
 -3.67029123e-02 -4.35279422e-02  3.90003361e-02 -2.19693631e-02
  1.86493732e-02 -1.93614420e-02 -8.76187906e-03 -9.32321604e-03
  4.04372960e-02 -3.48173715e-02 -2.99474527e-03 -1.53054073e-02
 -5.21622971e-02 -1.47387479e-03 -2.86372844e-02 -2.56528258e-02
  1.14643000e-01  1.50687657e-02 -3.31869349e-02 -1.10486737e-02
 -5.01349047e-02  1.63612459e-02  7.43832737e-02 -4.88359667e-02
  2.97303349e-02 -2.45126318e-02  8.40379018e-03  6.50222450e-02
 -1.76356826e-02  8.33475515e-02  4.08729166e-02 -3.19853202e-02
  1.86913610e-02 -4.50708978e-02 -3.63884680e-02  5.79846725e-02
 -8.80135596e-02 -1.85737051e-02 -7.25963563e-02  8.54286365e-03
  3.71672697e-02 -8.42714235e-02  4.84203063e-02  1.31156640e-02
  3.49774770e-02  4.41727377e-02  3.10444571e-02 -4.21722978e-03
 -1.53998891e-02 -6.37817606e-02  3.15075293e-02  3.43363732e-02
  7.08250329e-02 -5.19531853e-02 -1.79313906e-02  1.33150388e-02
  1.79435909e-02 -2.98645683e-02 -7.82692805e-02  5.30594075e-03
  9.43555608e-02 -4.69881147e-02  1.24726994e-02 -5.82957678e-02
 -4.36053984e-02  7.23246038e-02 -1.99333541e-02 -1.82508796e-33
  3.94809544e-02  8.07258040e-02  9.65188816e-03  2.63959337e-02
 -2.13647727e-02 -2.77461484e-02  3.19839828e-02  7.49524087e-02
  5.80405593e-02 -1.39683887e-01  9.55651179e-02  2.40784194e-02
  4.32644077e-02  6.39139935e-02 -6.76983967e-02  5.05672693e-02
  5.15832081e-02 -3.92000712e-02 -3.79509479e-02  8.93637165e-02
  1.10108582e-02  1.35203274e-02  1.29151763e-02  7.78744072e-02
  5.21324985e-02  3.64927365e-03 -9.20912102e-02 -2.34471692e-04
 -4.47659567e-02 -1.85144302e-02  1.73853803e-02  1.56320073e-02
  2.97148041e-02  2.92242803e-02 -4.98153903e-02  2.75189485e-02
  3.98966037e-02  7.07158297e-02 -1.14460457e-02  6.32881597e-02
 -1.59438718e-02 -1.17542734e-02 -1.18430480e-01  1.01640336e-01
 -6.14620792e-03 -1.57138277e-02 -3.53179537e-02  7.34913424e-02
  6.42871186e-02 -6.33935072e-03  1.09025259e-02 -2.73516551e-02
  2.35495400e-02  2.91683222e-03  3.44741121e-02  7.11129904e-02
  7.06081316e-02 -3.49089727e-02  2.59103253e-02 -6.68818206e-02
  6.26530051e-02  6.63709175e-03  2.10286846e-04 -2.49491259e-02
 -4.49614078e-02 -3.00859530e-02 -7.46852383e-02 -2.31090989e-02
 -2.10627206e-02 -5.49500696e-02 -3.45338844e-02 -1.93947572e-02
  1.91529989e-02  5.06311059e-02 -1.00618862e-02 -8.74161348e-03
 -4.34187753e-03 -1.84681699e-01 -3.52718197e-02 -4.15901616e-02
  1.27768433e-02  2.73059146e-03  1.23272322e-01  6.49656430e-02
  4.37403424e-03 -4.06382307e-02 -3.42651792e-02  2.00955793e-02
 -6.56061545e-02 -3.58818322e-02  4.55282256e-02  4.92658019e-02
  6.92961225e-03  4.85513061e-02 -2.68290862e-02 -6.09290635e-34
  3.31756123e-03  8.00652429e-02 -8.04713890e-02 -3.00983731e-02
 -1.07590452e-01  4.67345081e-02  3.67861204e-02  2.94331945e-02
 -1.44211454e-02 -7.77911171e-02  2.89760064e-02 -4.81144264e-02
 -1.33340433e-01  3.82963270e-02 -4.32142653e-02  1.54747777e-02
  5.40733784e-02  1.69991747e-01  2.38747708e-03  4.07702476e-02
 -7.19667748e-02 -2.22189203e-02  8.19873996e-03 -3.60739008e-02
  5.89151531e-02  2.51907241e-02 -4.02028151e-02 -7.60498196e-02
 -3.85995395e-02 -2.75278650e-02  7.42675886e-02  6.09694468e-03
  6.61760941e-02  1.59838889e-02  3.66480909e-02  3.99912409e-02
  1.68382134e-02 -4.09057513e-02  4.09229919e-02  2.29549315e-02
  2.24861992e-03 -1.29049812e-02  2.76442431e-02 -2.12883782e-02
 -1.02960411e-02  1.59494374e-02 -3.02327070e-02 -1.82713987e-03
 -5.94751090e-02  5.29568009e-02  8.45970437e-02 -3.77355563e-03
 -2.19658110e-02  3.88909504e-02 -6.17926382e-02 -6.82639331e-02
 -7.23382011e-02 -7.31476173e-02  2.56909933e-02 -4.28920463e-02
 -3.17059793e-02 -8.63752514e-02  6.39140978e-03  3.11335828e-02
 -1.81041320e-03 -6.87922724e-03  2.80464087e-02  7.72916153e-02
  3.83861773e-02 -4.92437631e-02 -9.81663391e-02 -2.65791956e-02
 -2.94631608e-02  2.14051176e-02  4.95048985e-02 -2.31303871e-02
 -8.31611380e-02  1.79632269e-02  3.34335379e-02 -8.69598147e-03
 -1.61437243e-02  4.30604368e-02  6.86196908e-02 -9.55865085e-02
 -4.73848209e-02  5.60561605e-02 -2.51282267e-02 -1.98865924e-02
  7.70110637e-02 -6.39532879e-02  2.98210476e-02  1.17873149e-02
 -6.64024707e-03  4.75512743e-02  2.48930641e-02 -2.86670474e-08
  5.71337268e-02 -1.06441118e-01  1.76064856e-02 -2.22180933e-02
 -4.69850898e-02 -6.82829507e-03  1.59998629e-02 -2.00146493e-02
  3.80053744e-02  6.64873719e-02 -2.40277033e-02  1.14704147e-01
 -4.07095365e-02 -2.79060621e-02 -5.06077744e-02  1.24726586e-01
 -2.45460607e-02 -3.54423858e-02  1.07094403e-02  3.43742482e-02
 -3.85623015e-02  2.54907757e-02 -4.41350788e-02  3.14920098e-02
  4.68444303e-02 -7.66419545e-02 -8.62757042e-02  2.27342416e-02
  2.17646938e-02 -6.85681775e-02 -9.31180492e-02  5.45651698e-03
  1.32455828e-03  9.16331448e-03  2.78908969e-03 -1.17436703e-02
  3.33392136e-02  3.63059416e-02  2.21096836e-02 -1.19359121e-02
  5.16315289e-02  6.63684076e-03 -3.71666029e-02 -6.88430592e-02
  2.17777416e-02 -1.38771430e-01  6.93690823e-03 -2.06244132e-03
  5.72666191e-02 -1.03185982e-01 -3.68387178e-02  2.28847116e-02
  4.48571797e-03  5.96287809e-02 -6.66859746e-02 -6.52704537e-02
 -1.95570365e-02  8.28576386e-02  1.54806180e-02 -6.90113232e-02
  1.56852081e-02 -4.61965892e-03 -1.11744545e-01  3.28353681e-02]"
Who is at risk of Yellow Fever?,"Individuals living in or traveling to certain parts of Africa and South America, where the disease is endemic, are at risk.",Those in or visiting endemic regions in Africa and South America are at risk of contracting yellow fever.,"Who is at risk of Yellow Fever? Individuals living in or traveling to certain parts of Africa and South America, where the disease is endemic, are at risk.","[ 4.66617532e-02  1.26324473e-02 -5.29876351e-02  9.51424427e-03
  9.93851349e-02  6.57688081e-02  6.08683787e-02  8.53025541e-03
 -3.26830260e-02  1.02202617e-01  9.91271902e-03 -1.01479210e-01
  5.13385981e-02  5.34632169e-02 -5.04905321e-02 -2.42244825e-02
 -5.50682358e-02 -9.75816324e-02 -2.78390460e-02  4.11709043e-04
  6.22520316e-03  3.65159311e-03 -6.59988681e-03  1.64786484e-02
 -1.04917824e-01 -1.77329220e-02  3.44717763e-02  2.81017553e-02
 -1.65425744e-02  4.10586558e-02 -5.93792945e-02  4.78976816e-02
 -3.03325206e-02 -2.38583293e-02 -2.03160588e-02 -5.18925348e-03
  1.20930616e-02 -2.44498812e-02  6.17912272e-03  6.28203377e-02
  2.99880635e-02  4.44651172e-02  9.53485891e-02 -3.49698327e-02
 -4.50088605e-02 -6.33122995e-02 -6.08670861e-02  4.46879938e-02
  1.43057769e-02 -6.32060170e-02  3.77545245e-02 -7.34272748e-02
 -4.08422612e-02  9.41405725e-03 -3.02274954e-02 -2.26738164e-03
 -7.62168169e-02 -1.66852698e-01 -4.04871479e-02  2.95652226e-02
  7.60734268e-03 -4.47571017e-02  2.03465354e-02  5.26158931e-03
 -1.05099939e-02 -3.29128131e-02 -4.10833992e-02  3.61935794e-02
  3.27724032e-02 -3.35218459e-02  5.50221577e-02 -5.32330312e-02
 -7.45951384e-02  1.31335139e-01  3.48765068e-02 -5.34585619e-04
  6.73155114e-02  2.15014629e-02 -2.06493679e-02 -3.55780534e-02
  3.64006981e-02 -8.09029676e-03  1.03637405e-01 -6.82316646e-02
  8.11997652e-02  6.40273606e-03 -1.64902881e-02  3.50009017e-02
  2.05885805e-02  5.79180568e-03  1.42405052e-02 -1.71553437e-02
  1.20250419e-01  3.06361634e-02 -4.62426096e-02  3.53612415e-02
 -3.66800614e-02 -1.60231572e-02 -6.60172626e-02  3.95615585e-03
 -3.25653963e-02 -1.46628633e-01  6.45535020e-03  4.36257198e-02
 -1.96106229e-02 -2.36574151e-02 -2.14643311e-02 -3.86217237e-02
 -3.64387892e-02 -4.06969301e-02  2.82384641e-02  7.71919712e-02
  9.82055068e-02  7.62483745e-04 -3.43999229e-02 -6.87687751e-03
 -3.38496305e-02 -6.95261434e-02 -6.11766204e-02  2.91891973e-02
  1.35326078e-02 -5.04289567e-02  9.66571795e-04 -6.21989407e-02
 -3.41396332e-02  3.12554017e-02  3.91437486e-02 -1.00575333e-33
  4.81973924e-02  3.04265786e-02  2.04090141e-02  7.36940512e-03
 -6.85859146e-03 -2.82357726e-02 -2.51712427e-02 -1.26311705e-02
  1.83232203e-02 -1.42617851e-01  8.02445859e-02 -3.59086543e-02
 -1.00957593e-02  5.77629246e-02 -2.11993828e-02  1.13013439e-01
  6.32212684e-02 -5.37114870e-03 -1.17400438e-01  7.95001984e-02
 -1.67053603e-02 -2.74903011e-02  2.58496869e-02  4.24124263e-02
  2.50728987e-02 -2.10668053e-03 -5.89822195e-02 -6.48803338e-02
  2.76392102e-02  1.17109083e-02  9.37784556e-03  8.42496306e-02
  2.01570094e-02 -4.72195745e-02 -1.99027508e-02  5.19978181e-02
 -9.10837844e-04 -5.09993779e-03 -5.65153733e-02  6.05934411e-02
 -5.93231171e-02 -3.75536340e-03 -2.68384162e-02  1.24441050e-01
  9.82046276e-02 -1.64667461e-02 -1.21406140e-02  3.92114520e-02
 -4.02345769e-02  1.50499577e-02 -7.56070316e-02 -2.39904150e-02
 -7.31645338e-03  2.31363010e-02  2.59024315e-02 -3.37088411e-03
  4.90385666e-02  4.30757646e-03  4.05806117e-02 -3.91098000e-02
  2.83115003e-02  1.48909474e-02  1.21136326e-02 -3.37352343e-02
  3.06905303e-02 -7.76998699e-02  4.49546687e-02 -4.90964726e-02
 -4.69803438e-02 -4.63698320e-02 -6.61201822e-03 -2.90369336e-02
 -1.78746716e-03  5.48514426e-02 -7.71961315e-03 -1.29929632e-02
  5.03810421e-02 -8.21247995e-02  2.86937356e-02 -4.88045998e-02
 -6.87296167e-02  3.05133574e-02  5.34472317e-02  8.64354074e-02
 -6.11705519e-02 -2.46504229e-02 -3.72223742e-02  3.76521237e-02
 -8.97876918e-02 -4.74998765e-02  5.56980558e-02  5.81285246e-02
  1.32418880e-02  3.01540233e-02 -4.29686569e-02 -1.99782814e-33
 -3.36165130e-02  2.17187442e-02 -4.28318307e-02 -5.12001067e-02
 -1.02886194e-02 -2.46342327e-02  4.98265885e-02 -5.06333895e-02
  4.05592583e-02 -3.44384313e-02 -6.43915236e-02 -2.67750546e-02
  6.92818016e-02  3.55952047e-02  1.87040363e-02  6.07728213e-03
  7.46564381e-03  1.41222045e-01 -6.80588409e-02 -1.82988886e-02
 -6.13534413e-02 -7.59731531e-02 -1.19235655e-02 -2.47173198e-02
 -3.76335010e-02  2.59424504e-02 -5.46834804e-02 -3.94258834e-02
 -9.79181603e-02 -5.54861948e-02 -3.95587869e-02  9.19606462e-02
  1.27905048e-02 -3.13333794e-02 -5.43991104e-03  8.32007527e-02
  1.10103479e-02 -6.11748770e-02  1.62146389e-02  1.43283047e-02
  6.12677820e-02  7.99218416e-02  8.79602786e-03 -7.84259140e-02
 -2.04650629e-02  6.04552738e-02  4.47292551e-02  3.35154049e-02
 -3.17829810e-02  4.53035347e-02  4.41741012e-02  2.05418803e-02
  1.41198491e-03  6.66045323e-02 -7.56679429e-03 -5.00362590e-02
 -4.60323580e-02 -9.73386541e-02  1.28458450e-02  3.63567919e-02
 -1.35064246e-02  2.12841593e-02 -2.52919178e-02  6.42659217e-02
 -2.92654149e-02  2.96156164e-02 -5.69039583e-02  1.25368312e-01
  5.40131405e-02 -5.61849289e-02 -2.66021993e-02 -2.52027474e-02
 -5.86610362e-02 -4.12301905e-02  5.17469971e-03 -4.19094786e-02
 -6.44042268e-02  5.59842288e-02  1.55547038e-02  1.24443462e-02
  9.53894388e-03 -7.50585366e-03  5.93752302e-02 -2.54912656e-02
  1.51443919e-02  5.13676256e-02  1.28826061e-02 -1.14271462e-01
  5.57897389e-02  3.98046011e-03 -7.26758316e-02  3.68174650e-02
 -7.06117824e-02 -7.56834075e-02 -3.71582881e-02 -2.86968120e-08
  1.36452690e-01 -3.20283920e-02  7.14405775e-02 -1.03277806e-02
  3.34054157e-02  2.86766123e-02 -2.15150770e-02 -4.84852679e-02
  9.76441279e-02  1.42045423e-01 -2.63511911e-02  5.37736863e-02
  1.00307398e-01 -6.60207272e-02 -1.91948675e-02  9.68816355e-02
 -3.42461318e-02  1.00253336e-02 -3.32083963e-02  4.64530103e-02
 -5.43319911e-04  1.51866460e-02  1.56149538e-02  5.94732584e-03
  1.69231929e-02 -5.32811135e-02 -4.62728366e-02  2.18541194e-02
  4.15971316e-02 -3.10711283e-02 -1.03470936e-01 -5.81356743e-03
  3.80643900e-03  7.29487389e-02  2.33823620e-02 -1.63248694e-03
  6.85618371e-02  8.20425991e-03  5.04136598e-03 -2.98598688e-02
  6.69352412e-02 -2.00005062e-02  1.43666947e-02 -1.99442101e-03
  5.02188616e-02 -1.14743426e-01 -2.53500883e-02  2.68703774e-02
  5.59986681e-02 -5.91263026e-02 -9.64109451e-02 -6.07134178e-02
  6.47918147e-04  3.76702845e-02 -7.08889142e-02 -9.45629627e-02
 -3.95808816e-02  5.01590930e-02  7.05891615e-03 -4.09028269e-02
 -3.08577009e-02 -2.64922250e-02 -5.40293157e-02  3.50576192e-02]"
How is Yellow Fever diagnosed?,Diagnosis is typically confirmed with a blood test to detect the virus or antibodies against it.,Blood tests are used to diagnose yellow fever by identifying the virus or antibodies.,How is Yellow Fever diagnosed? Diagnosis is typically confirmed with a blood test to detect the virus or antibodies against it.,"[ 4.16247174e-03  6.35618493e-02 -2.00351980e-02 -1.44005874e-02
  6.17281646e-02  2.73294263e-02  5.16028740e-02  1.92332994e-02
 -8.97555891e-03  3.89590301e-02 -6.57830387e-02 -5.66672869e-02
  1.38001153e-02  1.20438188e-01 -7.59475753e-02 -3.73373814e-02
 -5.17453514e-02 -3.64155620e-02  5.16579160e-03 -5.73194399e-02
 -5.77934310e-02  1.01919184e-02 -1.66346859e-02 -1.76931936e-02
 -4.19731140e-02  4.05899435e-02 -8.42397625e-04 -3.09612579e-03
 -2.85424385e-02  4.90678325e-02 -1.63311418e-02  4.09191214e-02
 -2.15006731e-02  1.37566719e-02  3.25915366e-02 -3.16902027e-02
  3.73345017e-02 -3.71548012e-02 -1.01978071e-01  8.64323527e-02
  6.42778724e-02  1.20229637e-02  5.70693426e-02 -1.43316183e-02
  1.30819734e-02  5.00381291e-02 -9.31748226e-02  9.69893709e-02
 -3.56092746e-03 -7.79551864e-02  1.72553379e-02 -9.16561782e-02
  8.84136464e-03  3.32393683e-02 -4.60747071e-02  2.39467248e-02
 -4.17810977e-02 -1.20186664e-01 -2.76053615e-04  2.77785715e-02
 -4.73588742e-02 -1.39064426e-02  3.07792798e-02  2.87002027e-02
  6.37940392e-02 -8.89402349e-03  6.30944828e-03 -2.83790752e-02
  4.48183864e-02 -1.08692922e-01  5.41889071e-02  9.00349487e-03
 -4.91115404e-03  8.72110501e-02 -3.66495587e-02 -3.35376114e-02
  1.07633859e-01  4.43202406e-02  7.61527568e-03 -4.49771155e-03
 -7.94158354e-02  2.04349943e-02  3.12020797e-02 -7.53658265e-02
  3.63887660e-02  4.78459336e-03 -3.27141024e-02  4.68998179e-02
 -6.68375120e-02  7.17766862e-03  3.38580906e-02 -3.89826447e-02
 -4.40828986e-02 -2.64539625e-02 -5.90699017e-02  4.95467335e-03
 -1.90823583e-03 -8.97506811e-03  1.96283665e-02  9.16815363e-03
 -3.08283083e-02 -1.06301442e-01  3.07646710e-02  9.65830404e-04
  1.86312664e-02 -9.99598764e-04  1.44925369e-02  1.28988316e-02
  3.95171419e-02 -6.63223043e-02  1.99112985e-02  3.91836278e-02
  1.42559305e-01 -4.36616167e-02 -8.13846570e-03  5.69907799e-02
 -6.61143214e-02 -1.10551780e-02 -7.70113571e-03  4.73167747e-02
  1.11986689e-01 -5.19678555e-02  2.07933038e-02 -7.32298642e-02
  7.23575950e-02  1.63078904e-01  2.53793895e-02 -5.11779641e-33
  1.94007140e-02  2.75051706e-02  3.61428820e-02  4.24220674e-02
 -5.16085252e-02  1.32635506e-02 -2.07671896e-02  3.68126184e-02
  1.30661214e-02 -7.43862167e-02  1.19550504e-01  5.82177453e-02
  4.48836125e-02  7.04545751e-02 -6.37184829e-02  6.87637478e-02
  2.37066839e-02 -4.52995859e-02 -1.04661189e-01  9.62668061e-02
 -9.34304856e-03  4.83946167e-02  5.16554043e-02 -2.09353790e-02
  3.42412367e-02 -3.20610069e-02 -7.62657598e-02  1.87810194e-02
  6.82198182e-02 -1.25014028e-02  1.33797955e-02  6.07982427e-02
  1.62679497e-02  3.82811502e-02 -4.74428572e-02 -5.88290393e-03
  3.38295177e-02  2.58731842e-02 -1.77885126e-02  3.44329514e-02
  1.09901829e-02 -7.53982663e-02 -8.40090588e-02  5.69351017e-02
  4.23275344e-02 -8.33022874e-03 -1.05116688e-01  4.20607515e-02
  3.86759900e-02 -8.74613598e-03  3.49809490e-02 -6.78189471e-03
 -6.28459128e-03 -1.09807989e-02  3.05067264e-02  7.36171827e-02
  2.14963295e-02 -3.77732292e-02  3.09203919e-02 -4.57494818e-02
  5.10379225e-02  9.87898372e-03 -2.50043012e-02 -2.94049806e-03
 -6.11221902e-02 -4.18422706e-02  2.77326312e-02 -2.62610931e-02
  3.09020327e-03 -3.62572894e-02 -3.36092673e-02  6.28093630e-03
  3.84309813e-02  3.41833085e-02  5.23835085e-02 -1.88952982e-02
 -9.81139671e-03 -1.17972657e-01  7.35386182e-03 -9.13448185e-02
  1.14560938e-02  1.63610075e-02  1.22280128e-01  9.71694738e-02
 -3.18270214e-02 -4.62368131e-02 -7.59563521e-02  7.18151405e-02
 -1.37215585e-01 -8.22542757e-02  5.24820620e-03  7.33615980e-02
 -4.41682003e-02  3.43916491e-02  2.52522491e-02  1.72993426e-33
  2.28699595e-02  6.13200404e-02 -7.55933672e-02 -2.63313926e-03
 -6.66650236e-02 -9.14116576e-03  5.15895896e-02 -2.11973339e-02
 -8.28068797e-03 -4.99668438e-03  4.24759574e-02 -5.08819744e-02
 -8.53455290e-02  6.32157028e-02 -5.51679581e-02  4.81756069e-02
 -5.68464994e-02  8.07935745e-02 -3.91207375e-02  7.57187605e-02
 -1.16371661e-01 -2.26237681e-02  5.45744086e-03 -7.72699043e-02
  2.85581104e-03  6.87329238e-03  1.15840009e-03 -4.48660627e-02
 -5.45825437e-02 -4.98212539e-02  2.46566962e-02  7.18394946e-03
 -4.76296172e-02 -8.22831318e-03  4.46438082e-02  2.99578961e-02
  8.75209421e-02 -1.04148306e-01  4.76473905e-02  3.29199024e-02
 -1.49445357e-02  3.55201140e-02 -3.79417203e-02 -2.89030839e-02
  6.62945118e-03  4.60232943e-02  5.00399545e-02  7.24685937e-02
 -2.45226920e-03  2.17932649e-02  1.47011392e-02  2.00702958e-02
  3.49208713e-02  7.94436336e-02 -8.05148184e-02 -6.59478009e-02
 -1.16593279e-01 -3.49389352e-02 -6.50636703e-02  2.27211900e-02
 -1.25620281e-02 -6.92342818e-02  2.75258184e-03  8.36980045e-02
 -3.09833642e-02  3.82528082e-02  4.88104895e-02  1.10061236e-01
  7.65754357e-02 -5.99180646e-02 -8.80218968e-02  3.95051017e-02
 -3.41980420e-02 -1.25165945e-02  5.90529181e-02 -1.54387234e-02
 -8.94125849e-02 -2.34625749e-02  2.74930932e-02  4.88020387e-03
 -1.34918243e-02 -4.55117673e-02  6.11722246e-02 -2.01799050e-02
  1.10727819e-02 -3.07760783e-03 -2.75512543e-02 -5.00566885e-02
  4.13424782e-02 -2.66758185e-02  3.12493350e-02 -2.88164522e-02
 -5.55634946e-02 -5.01301624e-02  1.08021228e-02 -2.26735555e-08
  7.44915903e-02 -1.48023486e-01  2.63173990e-02 -7.07899928e-02
 -1.35153113e-02  5.21156825e-02  4.95038321e-03 -4.52318303e-02
  8.36263746e-02  6.53723404e-02 -2.19837762e-02 -6.49031310e-04
 -6.15559630e-02 -5.12652509e-02  1.02254702e-03  2.39719115e-02
  7.20186625e-03  4.32202779e-03 -2.76341699e-02  6.10329546e-02
  1.50513360e-02 -1.45903658e-02  2.32913531e-02  4.91076708e-02
  1.50151616e-02 -6.93284199e-02 -4.59209830e-02  3.95258628e-02
 -1.17998794e-02 -1.91463381e-02 -9.37892646e-02  1.22718895e-02
  7.60505348e-03  7.73803191e-03  3.81502882e-02  5.86240226e-03
  4.57681306e-02  5.69848381e-02  5.74181490e-02 -1.81253292e-02
  3.27209458e-02  5.43416990e-03 -5.22012897e-02 -7.37394392e-02
  2.51343362e-02 -8.75416100e-02 -4.23256047e-02 -1.68391094e-02
  3.99758518e-02 -9.92724001e-02 -3.31326202e-02 -1.87109504e-02
 -1.60769485e-02  1.13385469e-02 -1.10097148e-01 -7.31357262e-02
 -1.32324751e-02  4.51900214e-02 -4.20531780e-02 -4.55921404e-02
  5.39472364e-02  2.61363238e-02 -1.33279059e-02 -1.37216114e-02]"
What is the treatment for Yellow Fever?,"There is no specific antiviral treatment for yellow fever. Care is supportive to treat dehydration, respiratory failure, and fever.","Treatment is supportive, focusing on hydration, managing fever, and supporting vital organ functions.","What is the treatment for Yellow Fever? There is no specific antiviral treatment for yellow fever. Care is supportive to treat dehydration, respiratory failure, and fever.","[-3.06166578e-02  4.64865193e-02  5.71864732e-02 -4.55508009e-02
  1.31216077e-02  1.73237212e-02  1.94211155e-02  3.48849930e-02
 -2.41848454e-02  4.21001352e-02 -1.04346417e-01 -2.91393306e-02
  2.64913067e-02  8.35923031e-02 -2.38234438e-02 -7.70932622e-03
 -1.48325402e-03  4.19317186e-02 -2.28865501e-02 -1.31739778e-02
 -3.98251675e-02  8.65810644e-03  3.61153483e-02 -9.75362665e-04
 -1.05756246e-01  5.31954095e-02 -9.43761040e-03  1.67794488e-02
  2.84556707e-04 -2.55604740e-02 -9.06072836e-03  5.91188520e-02
 -1.31908839e-03 -6.35052025e-02 -4.33530286e-02  2.36472841e-02
 -5.24779260e-02 -7.39428494e-03 -1.11128822e-01  9.10757855e-02
  4.01490740e-02  1.15044154e-01  1.76436342e-02 -2.52340659e-02
  1.96801554e-02  2.28248350e-02 -1.23627715e-01  6.19572550e-02
  5.06135933e-02 -3.38304415e-02  4.39162254e-02 -7.54150376e-02
  8.94087739e-03  6.48206398e-02 -1.65644251e-02  5.28482720e-02
 -5.04289158e-02 -7.11568221e-02 -2.05619484e-02 -2.19265744e-02
  1.11595588e-02  4.73701730e-02  2.35040598e-02 -2.59127375e-02
 -3.58064100e-02 -5.73529415e-02 -1.53108900e-02  2.22823173e-02
  3.86692099e-02 -8.02212581e-02  1.79062169e-02 -1.72603596e-02
  2.54128054e-02  9.12684500e-02 -5.32704070e-02 -2.35406030e-02
  1.15034238e-01 -3.03493664e-02  3.06412224e-02 -2.98583750e-02
  2.29643881e-02 -2.64499895e-02  8.37302133e-02 -4.70246002e-03
  3.23528424e-02 -2.01732405e-02 -5.27779087e-02 -8.56388547e-03
  2.45989710e-02  1.37943877e-02  4.12921868e-02  1.50312148e-02
  4.71643135e-02 -4.92913090e-02 -6.68195039e-02  1.07192760e-02
 -2.62479223e-02 -3.02089122e-03 -5.19906692e-02  8.50658212e-03
  3.39597650e-02 -1.03410423e-01 -1.67178996e-02 -2.69234441e-02
  2.93607954e-02 -3.19763906e-02  4.17123921e-02  3.18701528e-02
 -2.83610411e-02 -7.27231354e-02 -1.30176079e-02 -7.40514789e-03
  5.22324629e-02 -1.00799249e-02 -1.65853109e-02  9.12074000e-02
  2.41089333e-02 -1.76955592e-02 -1.78622324e-02  9.77183972e-03
  1.05724752e-01 -3.87980859e-03  3.09803151e-02 -8.67705271e-02
  7.97691988e-04  6.15929589e-02  8.98056030e-02 -1.07196691e-33
 -2.30486263e-02  2.91686058e-02  2.49515641e-02  4.61428650e-02
  2.04298226e-03 -2.50228234e-02  3.14687453e-02  2.36922745e-02
  3.20724919e-02 -1.75688609e-01  7.89329037e-02 -4.22054291e-04
  4.10882905e-02  8.31821859e-02 -7.36319423e-02 -7.36603001e-03
  3.42817903e-02 -2.34401561e-02 -2.57367343e-02  3.90276760e-02
  6.66370988e-02  7.15560541e-02  6.11185730e-02  2.53175981e-02
  8.61586109e-02 -5.79152033e-02 -5.94599508e-02  1.72131439e-03
  4.86441776e-02 -2.33788248e-02  3.23557034e-02  1.04663856e-01
  2.03355644e-02 -3.02067096e-03 -8.18358660e-02 -4.48288023e-02
  1.13038048e-02 -9.57672019e-03 -3.70855480e-02  4.80302908e-02
 -6.23714440e-02 -2.27467380e-02 -7.54525587e-02  9.10213888e-02
  3.62401456e-02 -4.75117983e-03 -7.79427737e-02  7.88039416e-02
  3.95485312e-02 -4.46173251e-02  8.29406828e-02 -1.53780691e-02
 -4.82322164e-02 -1.38951875e-02  3.96317476e-03  1.97308455e-02
  5.69088459e-02  3.62080731e-03  2.89797373e-02 -7.55034462e-02
  5.99028505e-02 -3.38200480e-02 -3.85499606e-03 -7.83141702e-03
 -2.27777120e-02 -8.41291770e-02  4.71828738e-03 -5.16628474e-02
 -4.92328107e-02 -6.17749356e-02 -7.22000077e-02 -2.28005107e-02
  5.91840371e-02  7.01075345e-02 -5.87339688e-04 -6.15293570e-02
  3.08731925e-02 -1.41265735e-01 -4.53657378e-03 -2.97999680e-02
 -2.99496464e-02  2.31634895e-03  1.12890728e-01  9.62269902e-02
  1.66794565e-02 -6.51452094e-02 -7.18029886e-02  8.03459510e-02
 -4.55703698e-02 -9.69603211e-02  2.38297507e-03  3.63783389e-02
 -2.77316049e-02  7.20983744e-02  2.34735887e-02 -1.00129004e-33
  5.23972511e-02  3.06165274e-02 -3.41023915e-02  4.25048508e-02
 -5.32480590e-02  8.80009681e-02  9.70802456e-03 -9.52605084e-02
  6.83407485e-02 -3.95778641e-02 -3.15235257e-02 -5.98304681e-02
 -3.66480015e-02  2.31701694e-02 -6.12818189e-02  1.56043358e-02
 -1.73390638e-02  8.97275060e-02 -1.11698322e-01  6.95377588e-02
 -5.97039349e-02 -4.98867631e-02  2.33644433e-03 -5.33668250e-02
  7.89097995e-02 -1.77023057e-02  1.28470280e-03 -4.08618078e-02
  8.36503133e-03 -1.01581356e-03 -4.70589148e-03 -4.24165465e-02
  2.09785793e-02 -6.72865584e-02  3.80123109e-02  5.06152399e-02
  6.60509467e-02 -8.12674686e-02 -3.96290943e-02 -4.23406344e-03
  4.13479023e-02 -7.18943849e-02 -3.18987248e-03  8.86672921e-03
  2.25347001e-02  6.97634742e-02 -6.88034818e-02  2.87306570e-02
 -3.26821022e-02  2.75004767e-02  6.37520552e-02 -3.57921459e-02
  9.31130443e-03  1.08631290e-01 -6.02227123e-03 -7.47876912e-02
 -5.14459386e-02 -4.97439057e-02 -6.14674855e-03 -3.46394256e-02
 -1.70753077e-02 -6.65349960e-02  1.54074160e-02  3.76519412e-02
 -1.48994960e-02  7.59264082e-02  4.06382829e-02  1.37498423e-01
  4.09764685e-02 -1.54379502e-01 -6.66793957e-02  2.71050781e-02
  1.09427460e-02  6.04093960e-03  9.75180510e-03 -3.07079987e-03
 -3.18389423e-02 -7.37903491e-02  3.79363745e-02  1.04590468e-02
  7.10976776e-03  1.55422324e-02  4.03824225e-02 -4.68327142e-02
 -1.96441878e-02  8.41826797e-02  3.51323426e-04  1.47437928e-02
  3.99846621e-02 -2.38011759e-02 -1.18692759e-02 -5.14716581e-02
  2.82259518e-03  2.43753269e-02  3.76575775e-02 -2.62815032e-08
  1.03508964e-01 -8.48323852e-02  5.16267456e-02 -1.00749563e-02
 -4.72875535e-02 -2.10941769e-02 -2.45949794e-02 -1.29402261e-02
  6.63189441e-02  1.16666354e-01 -7.46881515e-02  1.01708859e-01
  3.07510886e-02 -2.15537641e-02 -2.44913343e-02  3.23376618e-02
 -2.38672383e-02  1.98958870e-02 -1.85430907e-02  7.16566620e-03
 -4.06357683e-02 -1.49219139e-02 -4.64515649e-02  1.51693132e-02
  3.04750409e-02 -3.96690220e-02 -6.43857047e-02 -1.62887424e-02
  1.68339368e-02 -1.53314903e-01 -7.50527084e-02  1.06136519e-02
  4.44172509e-02 -1.58696598e-03  6.01768568e-02  3.48030366e-02
  8.45121667e-02  1.14656556e-02  4.31120135e-02 -1.53654777e-02
  5.68977632e-02  3.01189208e-03 -1.26859853e-02 -6.64922521e-02
  4.69380356e-02 -8.21952298e-02 -2.58740615e-02 -1.26892487e-02
  2.02205721e-02 -7.43464157e-02  2.98605431e-02  2.67014410e-02
 -8.64172447e-03  1.33601651e-02 -8.13170075e-02 -4.01720777e-02
 -7.11073205e-02 -1.84676517e-02  2.75207032e-02 -3.23649421e-02
 -2.26157773e-02 -3.39715742e-02 -4.16862667e-02  4.71942164e-02]"
Can Yellow Fever be prevented?,Vaccination is highly effective for prevention and is recommended for people living in or traveling to endemic areas. Mosquito control measures are also important.,Vaccination and mosquito control are key measures to prevent yellow fever.,Can Yellow Fever be prevented? Vaccination is highly effective for prevention and is recommended for people living in or traveling to endemic areas. Mosquito control measures are also important.,"[-1.61598623e-02  1.15394525e-01  4.00494486e-02 -3.88990529e-02
  7.85976425e-02  1.19575977e-01  8.61891732e-02 -5.65988384e-02
 -3.41889821e-02  6.91867322e-02 -1.93913691e-02  3.01396418e-02
  3.30778882e-02  7.82787800e-02  1.56476144e-02  6.85381517e-03
  3.13000791e-02  2.65759248e-02 -8.77070706e-03 -4.75042276e-02
 -7.51800016e-02  4.53715175e-02  4.56129164e-02  1.66811552e-02
 -1.57511517e-01 -2.79235207e-02 -3.61039885e-03 -3.80815566e-03
 -2.58025695e-02 -1.02306874e-02 -1.11470036e-02  5.89134928e-04
 -9.91915241e-02 -6.67610094e-02 -8.20338726e-02  1.27762528e-02
 -4.18568961e-03 -7.31921056e-03 -8.96381363e-02  8.25544447e-02
 -8.71533435e-03  6.82676584e-02  1.78115126e-02 -6.22975565e-02
 -4.66067810e-03  4.42240015e-02 -5.51661216e-02  5.06065637e-02
  2.49438919e-02 -1.00883543e-01  1.94572918e-02 -8.17840472e-02
  3.73505466e-02  4.05474566e-02  3.78792770e-02  1.59706722e-03
 -6.11819103e-02 -7.12704957e-02 -2.23876014e-02 -1.87719855e-02
 -3.53954211e-02 -5.52187581e-03 -4.57856990e-03 -8.84321984e-03
 -3.34236026e-02 -1.33119831e-02 -5.34413643e-02 -2.77720913e-02
  5.38955592e-02 -1.37269283e-02  2.84959376e-02  3.51682976e-02
 -4.81238076e-03  1.08791076e-01  1.87995620e-02  4.73674797e-02
  5.28767183e-02  2.10147891e-02  3.85726653e-02  2.58258693e-02
  3.33242514e-03 -1.75168887e-02  1.02340296e-01 -2.46789325e-02
  8.16842169e-02 -1.80896539e-02 -2.43868493e-03 -3.34960110e-02
  1.33734038e-02 -2.50680605e-03  6.28829077e-02  3.17283231e-03
  1.03246726e-01 -1.07770204e-03 -9.31140259e-02  6.70261402e-03
 -2.29455084e-02 -6.98389066e-03 -4.15517539e-02  1.60700977e-02
  3.52823138e-02 -1.53296515e-01 -3.51452231e-02 -2.07145538e-04
  2.78177243e-02 -3.50215733e-02  4.87357341e-02 -2.42339000e-02
 -2.28721350e-02 -2.79262401e-02 -1.66258123e-02  6.62708730e-02
  7.03244507e-02 -3.32356477e-03 -4.17255238e-02 -2.20807991e-03
  3.07939630e-02 -2.05687508e-02 -2.33428571e-02 -7.46298768e-03
  7.58062005e-02 -8.32275078e-02  7.75249908e-04 -5.11191599e-02
  3.50354910e-02  1.94552075e-02  6.11617006e-02  2.75680654e-34
 -1.30839059e-02  3.06134224e-02  4.93396148e-02  4.30844054e-02
 -2.87492219e-02 -7.44299265e-03 -3.56838256e-02 -8.24909005e-03
  3.38489637e-02 -1.83265477e-01  5.14233150e-02 -1.74918137e-02
  3.26716341e-02  9.02553648e-02  3.21203880e-02  5.32819331e-02
  3.66530195e-02 -3.19068767e-02 -3.41487378e-02  3.57094519e-02
  1.07198022e-02 -6.31218329e-02  3.85965183e-02 -5.53693669e-03
  5.80882318e-02  2.49860007e-02 -4.27095816e-02  3.10331979e-03
  3.09496075e-02  1.86496340e-02 -7.42855540e-04  6.09592795e-02
 -6.18386827e-03  2.42373161e-02 -5.30434698e-02  1.53705515e-02
 -6.44431124e-03 -2.74866633e-02 -5.29240109e-02  5.10356911e-02
 -5.90423457e-02  2.67924573e-02 -3.56735662e-02  6.99437633e-02
  8.30020830e-02  6.94834907e-03 -4.08933125e-02  1.90142225e-02
 -3.09729446e-02 -5.50549887e-02  3.42601649e-02  1.07808178e-02
 -5.04424982e-03 -4.83570732e-02  4.25234288e-02  9.81402956e-03
  5.65590151e-02 -1.30245574e-02  4.45482507e-03 -7.69523233e-02
 -1.08105792e-02 -5.93600571e-02  4.36687879e-02 -1.86682474e-02
  2.65804064e-02 -2.25365143e-02  5.39422557e-02 -6.33525029e-02
 -1.21567827e-02 -7.91497901e-02  6.80496974e-04  3.56044830e-03
 -1.50281191e-02 -2.51344237e-02 -7.81780407e-02 -5.88585101e-02
  4.16774265e-02 -1.20141082e-01  4.97439727e-02 -1.37396129e-02
  9.45183821e-03 -8.67278606e-04  6.55517951e-02  7.18785822e-02
  7.47643085e-03 -7.85303339e-02 -1.33922873e-02  5.28525934e-02
 -4.29301597e-02 -6.60714507e-02  5.17189912e-02  9.40659270e-02
 -1.13159791e-02  5.54382987e-02 -3.30050811e-02 -1.52452480e-33
  3.44996937e-02  5.93684427e-02 -4.41456363e-02 -4.30460609e-02
 -3.97021100e-02  3.94858420e-02  6.01808913e-02 -9.09317359e-02
 -1.36104599e-02 -3.64747941e-02 -1.78698413e-02 -4.52232659e-02
  2.69740485e-02  2.57313810e-02 -4.05697450e-02 -8.61138850e-03
 -6.49882806e-03  9.93960872e-02 -9.38091725e-02 -2.21568681e-02
 -1.03031561e-01 -3.47430706e-02  4.78083417e-02 -7.18171820e-02
 -3.40163312e-03  3.03270086e-03 -1.37914926e-01  3.63817774e-02
 -3.35622244e-02 -1.95970535e-02 -3.14384289e-02  1.56001970e-02
  3.55395526e-02 -4.59823646e-02  1.19005004e-02  3.01763546e-02
  8.24623704e-02 -3.76201198e-02  4.26939912e-02  5.27474955e-02
  4.05566804e-02  9.26175807e-03 -2.99713798e-02 -9.57202166e-02
  2.48705838e-02  9.46944356e-02  5.01590185e-02  7.51285106e-02
 -2.65459046e-02  4.78625000e-02  3.37420702e-02 -1.74313523e-02
 -4.53696325e-02  3.17185745e-02 -4.52454127e-02 -9.00628492e-02
 -5.83902486e-02 -8.27263147e-02  4.19816514e-03 -2.88595017e-02
 -2.50292532e-02 -3.30770649e-02 -3.81336990e-03  6.09726384e-02
  9.59296804e-03  8.17369372e-02  1.17053539e-02  1.86134934e-01
  8.25819373e-02 -1.28484830e-01 -4.94672544e-02 -4.07637842e-03
 -1.72565505e-02 -4.94373264e-03 -6.67486638e-02 -5.91949634e-02
  3.23663913e-02 -4.74982616e-03  2.52213553e-02  8.60515684e-02
 -2.64688879e-02  7.52662483e-04  1.65169761e-02 -8.26945081e-02
 -7.73150381e-03  3.44943516e-02 -3.53998281e-02 -1.12025753e-01
  7.35500781e-03  6.54905103e-03 -5.39065227e-02 -1.13534294e-02
  1.45140132e-02  2.90368963e-02 -1.04839671e-02 -2.71362381e-08
  1.14347987e-01 -7.37051517e-02  2.91090515e-02  8.79647210e-03
 -5.93442135e-02 -5.21340072e-02 -2.42843162e-02 -3.90847661e-02
  7.20069036e-02  1.00696534e-01 -2.41650902e-02  8.64270553e-02
  6.81730583e-02 -6.31959504e-03 -1.38382355e-04  3.86011861e-02
  3.63030024e-02 -1.13679999e-02 -6.14029802e-02 -7.07463361e-04
  2.23667640e-02  2.43074056e-02 -3.97171080e-02  6.25975057e-02
  4.45302799e-02 -5.15800677e-02  6.64752396e-03 -3.41015607e-02
  4.84681204e-02 -5.04641421e-02 -1.43683016e-01 -3.17419204e-03
  3.48399915e-02  3.83286029e-02  9.04045999e-04  2.51724031e-02
  6.47556037e-02  5.33736236e-02  2.51053963e-02 -3.05333026e-02
  4.28856984e-02 -3.27967107e-02 -2.65442301e-04  1.14367111e-02
  2.87998584e-03 -8.05680230e-02  8.07931181e-03  4.55073733e-03
  1.57499425e-02 -1.54948020e-02 -5.29440343e-02  1.92961823e-02
  2.75162850e-02  2.96242740e-02 -1.46382660e-01 -7.67262280e-02
 -4.53652777e-02  6.25727884e-03 -1.11556356e-03 -7.78303072e-02
  1.56117920e-02 -1.47425719e-02 -2.34089438e-02  4.37955223e-02]"
Is there a vaccine for Yellow Fever?,"Yes, there is a safe and effective vaccine that provides lifelong protection after a single dose for most people.",A single-dose vaccine offers lifelong protection against yellow fever for most individuals.,"Is there a vaccine for Yellow Fever? Yes, there is a safe and effective vaccine that provides lifelong protection after a single dose for most people.","[-2.25396510e-02  5.74878082e-02  8.42761807e-03 -2.47927271e-02
  4.31125946e-02  7.97766671e-02  3.06972321e-02 -1.10047627e-02
 -3.60936709e-02  4.82696481e-02 -8.13018437e-03 -3.58022912e-03
  6.00296147e-02  8.35995972e-02  4.20869179e-02 -1.26486765e-02
 -4.03869040e-02  2.36688033e-02 -4.04453883e-03 -4.30991910e-02
 -1.21325925e-01  2.48404332e-02  1.58537109e-03  2.09329538e-02
 -1.20061107e-01 -2.78118420e-02  6.60724472e-03 -1.09856306e-02
 -1.60486270e-02 -2.18952075e-02 -6.06869459e-02 -2.56485771e-02
 -5.58135062e-02 -5.29377759e-02 -2.40211864e-03 -2.63207103e-03
  5.54992491e-03 -1.52847329e-02 -7.63302520e-02  9.63000506e-02
 -9.27298609e-03  9.57541689e-02  2.74543464e-02 -3.35133448e-02
  1.24747222e-02  4.72180732e-02 -9.36273187e-02  4.33018729e-02
  5.37455603e-02 -5.88574372e-02  1.15897963e-02 -1.23282366e-01
  8.31801668e-02  5.48551679e-02  4.33846973e-02 -3.56587358e-02
 -7.92651772e-02 -7.65341893e-02 -1.07873427e-02  3.59535441e-02
 -7.85065889e-02 -1.96279753e-02  1.86360981e-02  2.49039996e-02
 -2.38023307e-02  9.92487650e-03 -7.47318938e-02 -1.98837388e-02
  7.70182908e-02 -2.83545759e-02  2.76521081e-03  2.79504638e-02
  1.83653794e-02  1.06940918e-01 -3.73709784e-03  1.61530264e-02
  7.01916963e-02  2.51989346e-02  2.69494355e-02  2.76879035e-02
 -1.45165501e-02 -3.31025161e-02  5.49425371e-02 -3.53838094e-02
  9.60982367e-02 -2.45732702e-02 -7.09684845e-03  6.97733164e-02
  8.07361118e-03 -4.97931847e-03  1.00009283e-02  9.16602649e-03
  6.61337078e-02 -3.44003104e-02 -8.97160396e-02 -4.11002114e-02
 -4.62905280e-02  1.58014745e-02 -6.93095103e-02  3.17394064e-04
 -1.21297790e-02 -1.76942796e-01 -2.39537582e-02 -2.29060426e-02
  2.38240492e-02 -1.19106937e-02  1.24010425e-02 -2.59500276e-02
 -1.57399699e-02 -2.33343728e-02 -1.65172275e-02  3.75138856e-02
  9.75126550e-02 -2.96976753e-02 -3.23046036e-02  5.35632446e-02
 -2.25649197e-02 -5.54569997e-02  4.11721878e-02 -3.21349595e-03
  9.32614654e-02 -4.22118828e-02 -2.07980536e-02 -5.43394908e-02
  6.46756357e-03  6.76762611e-02  1.43337682e-01 -1.08675647e-33
  1.52874384e-02  8.33325833e-02  3.82427014e-02  5.64673729e-02
 -7.24985898e-02 -3.94193176e-03 -5.90218883e-03  4.39760759e-02
 -9.16056614e-03 -1.98626965e-01  7.69707412e-02 -2.47687707e-03
  3.77901108e-03  7.47929886e-02 -2.69164387e-02  6.08719587e-02
 -1.22683169e-02 -3.47943194e-02 -5.12272492e-02  3.27280909e-02
  6.37476100e-04  3.73963490e-02  1.80356614e-02  5.93851507e-03
  6.61499575e-02  1.07621076e-02 -3.83639615e-03  7.86255300e-03
  2.08335817e-02  1.58009138e-02 -4.29655127e-02  9.14400965e-02
 -1.37910768e-02  1.18270442e-02 -6.85416535e-02 -2.75060777e-02
  2.50178874e-02  5.15237497e-03 -3.89008224e-02  7.77464062e-02
 -2.74581332e-02  2.10029986e-02 -4.69281934e-02  7.64811710e-02
  2.81454977e-02 -5.44533134e-02 -9.70329195e-02  3.11524253e-02
 -1.39334835e-02 -6.29900992e-02  2.95299962e-02 -5.50252851e-04
 -3.20283994e-02 -7.02656358e-02 -8.88761878e-03  1.81464031e-02
  2.64612399e-02  3.15276161e-02  3.83324660e-02 -6.12659529e-02
  2.15297788e-02 -1.74967311e-02  1.16170304e-04  6.69576321e-03
 -1.70685295e-02 -7.66878994e-03  2.59947665e-02 -7.55357742e-02
 -1.53641030e-02 -4.85626198e-02  2.69109216e-02 -4.29549143e-02
  4.48890869e-03 -4.22584377e-02 -6.30657822e-02 -4.55173627e-02
  7.89318234e-02 -1.29852936e-01  4.01018225e-02 -2.11295988e-02
  1.94358900e-02  2.73973937e-03  8.56952146e-02  1.17759973e-01
  1.71555672e-02 -7.71380588e-02 -5.39068580e-02  4.09826338e-02
 -7.23522007e-02 -3.81928869e-02  2.67275367e-02  4.56342734e-02
 -1.43133514e-02  3.00988723e-02 -3.52181047e-02 -9.18944821e-34
  2.76853163e-02  2.65618078e-02 -4.48680781e-02  2.20179632e-02
 -5.02091609e-02  3.90857980e-02  5.61163537e-02 -3.79651901e-03
 -8.98829103e-03 -2.97596604e-02 -3.14540556e-03 -7.95085654e-02
  3.09048668e-02  5.92186078e-02 -2.32019238e-02  3.85039225e-02
 -2.98035722e-02  1.40734166e-01 -9.48585644e-02 -1.93406340e-05
 -8.73418152e-02 -5.20579964e-02  4.65438068e-02 -7.06836358e-02
  3.82763855e-02  3.53125781e-02 -7.75540024e-02  1.89199243e-02
 -3.69164869e-02 -1.96795724e-02 -5.56228012e-02 -6.54535089e-03
  9.85485502e-03 -5.07819131e-02  2.57505360e-03  5.60779497e-02
  1.06065184e-01 -7.16700703e-02  2.83628106e-02  3.42781134e-02
 -5.38093783e-03 -3.33836488e-02  1.54311294e-02 -2.40787473e-02
  2.36292891e-02  5.28896526e-02  2.48824954e-02  5.05379215e-02
  3.22784297e-03  8.81697237e-02 -9.45909414e-04 -3.89876403e-02
 -5.43788634e-03  3.15945223e-02 -6.87741190e-02 -1.01036131e-01
 -7.59972930e-02 -7.33357817e-02  9.43855103e-03 -2.88703088e-02
 -4.68780985e-03 -6.53201044e-02 -4.24754024e-02  3.62911075e-02
  2.28151903e-02  8.10367391e-02  2.03951243e-02  1.28510371e-01
 -2.90071126e-02 -7.35401884e-02 -3.04985940e-02  3.72336097e-02
 -1.07946657e-02 -2.26992108e-02 -2.98143718e-02 -1.72910094e-02
 -7.16477260e-03 -1.44762332e-02  2.35679690e-02  6.26915693e-02
  2.57506073e-02 -1.09608676e-02  3.74136269e-02 -3.48984413e-02
  5.27327396e-02  3.47563811e-02 -1.62795074e-02 -6.85472935e-02
  3.47846858e-02 -3.08627263e-03 -1.67331900e-02 -1.59064438e-02
  1.16372965e-02  1.40162855e-02 -1.26601597e-02 -2.74883156e-08
  1.82462230e-01 -4.90723364e-02  3.21348608e-02  2.55331658e-02
 -1.32835535e-02 -2.45366339e-02  6.42421562e-03 -5.42519204e-02
  4.97389287e-02  1.13263160e-01 -2.50487607e-02  1.23975806e-01
  7.72534758e-02 -3.12926508e-02 -4.95060347e-02  4.47776765e-02
 -1.75755238e-03 -5.70368906e-03 -2.45758947e-02  3.08956634e-02
  1.47813628e-03 -2.60563847e-03  3.03315534e-03  2.64177155e-02
  1.07547883e-02 -1.50843235e-02 -2.10634638e-02 -2.57873926e-02
  3.90693881e-02 -1.25119269e-01 -1.44078091e-01 -3.14113311e-02
  1.00773042e-02  1.27906119e-03  2.44407468e-02  1.67803746e-02
  5.43467402e-02  1.01033144e-01  1.63274072e-02 -3.50974910e-02
  3.53437737e-02  2.17544567e-02 -1.25874300e-02 -2.71140803e-02
  4.52541886e-03 -6.93000481e-02 -7.06647336e-02 -4.48093377e-02
  4.05235738e-02 -3.13316509e-02 -2.89659072e-02 -1.15943421e-02
  3.65173966e-02  1.72339808e-02 -1.25262246e-01 -7.14574307e-02
 -4.45463397e-02 -7.14457501e-03  1.81881320e-02 -6.92652836e-02
  1.25163635e-02 -2.26112455e-02 -2.45282636e-03  8.07423964e-02]"
What are the long-term effects of Yellow Fever?,"Survivors of severe disease may experience long-term organ damage, including liver and kidney problems, and other complications.",Severe cases can result in chronic organ damage and other lasting health issues,"What are the long-term effects of Yellow Fever? Survivors of severe disease may experience long-term organ damage, including liver and kidney problems, and other complications.","[ 2.48671807e-02  1.79175977e-02  9.37311202e-02  5.00234542e-03
  8.34005699e-02  9.10604447e-02 -4.10382487e-02  4.64682765e-02
 -4.84097227e-02 -6.83156773e-03 -6.63288012e-02  2.38571595e-03
  4.75057848e-02  6.36415556e-02  7.87432771e-03 -3.01999152e-02
 -5.89204207e-02  2.10886132e-02 -8.09927881e-02 -4.60093953e-02
 -6.37116376e-04 -2.06847638e-02 -6.81765825e-02 -1.36101861e-02
 -5.35509512e-02 -1.47863282e-02  2.26836856e-02  3.05671245e-02
 -4.14047483e-03 -1.62394217e-03 -9.20803025e-02  6.45520613e-02
  3.89984921e-02 -1.79581326e-02 -3.55686508e-02  1.82262473e-02
 -1.21468408e-02 -3.78920957e-02 -9.52778682e-02  2.18474939e-02
  1.72549114e-02  3.47769037e-02  5.30778021e-02 -2.34614015e-02
 -2.31122617e-02 -3.07184793e-02 -5.87215796e-02 -1.87234730e-02
  1.61470510e-02 -1.53760957e-02 -4.00040718e-03 -6.39451146e-02
  4.55404930e-02  4.11471985e-02  2.77036168e-02 -2.04301458e-02
 -8.15068111e-02 -8.41779411e-02 -8.40325728e-02 -2.56314222e-02
 -7.00120479e-02 -1.91484243e-02  2.15500202e-02 -4.02792692e-02
  3.12931538e-02 -2.83307210e-02 -1.59024298e-02 -5.31076863e-02
  5.02464511e-02 -1.26894638e-02 -2.67498568e-02 -7.34929070e-02
 -9.13357437e-02  6.24534069e-03 -4.89188805e-02  4.11546975e-03
  6.98541999e-02 -2.01628711e-02  4.62501356e-03 -3.33730839e-02
  3.95598039e-02  1.09052528e-02  6.78309277e-02 -3.63061875e-02
  3.38748656e-02 -6.27070712e-03 -4.20489646e-02  4.81079035e-02
 -9.82395709e-02  9.57716554e-02  4.40239348e-02 -6.02423586e-02
  1.34102479e-01 -4.51333225e-02 -4.17768434e-02  2.68386416e-02
 -8.74943659e-02 -6.03167340e-02 -2.94050165e-02 -2.26081349e-02
 -2.91413125e-02 -9.43107530e-02 -4.56983969e-02 -1.24566937e-02
  2.88254917e-02  6.99837925e-03  2.22653728e-02 -8.99643544e-03
 -1.06208790e-02 -1.44304633e-02  5.10560274e-02  7.55123720e-02
  8.84586498e-02 -2.95918882e-02 -1.06021268e-02  3.74113545e-02
 -3.80999222e-02 -5.80118708e-02 -3.75976600e-02  2.78793648e-02
  7.54557922e-02 -6.85611144e-02 -5.96074387e-03  5.14317350e-03
 -2.99629066e-02  1.00478083e-01  7.09237680e-02 -2.74776011e-33
  2.26100925e-02  2.68046930e-02 -1.95561685e-02  8.21973160e-02
  3.58323418e-02 -3.46932523e-02  3.00741717e-02  3.55444886e-02
  5.97142801e-02 -1.48277387e-01  1.00770824e-01  4.10617888e-02
  1.02339732e-02  5.64405099e-02 -4.41710837e-02  7.63826370e-02
  1.18099153e-02  3.75850387e-02 -2.64784507e-02  5.18502779e-02
 -2.06090137e-02 -5.88162802e-02  2.46666502e-02  8.54694396e-02
  1.14316896e-01 -4.54940200e-02 -6.38644323e-02  4.99491170e-02
 -3.27914990e-02 -1.07887508e-02 -3.61203663e-02  4.45496775e-02
 -3.01107932e-02  3.07466537e-02 -7.02321902e-02  4.90092635e-02
  4.02492657e-02  5.61717972e-02 -4.22135592e-02  7.10910335e-02
 -4.35040146e-02 -3.89706180e-03 -3.66090797e-02  9.40019563e-02
  2.57483553e-02 -6.13602810e-02 -4.40301299e-02  8.99742916e-02
  9.54249781e-03  2.29282454e-02 -3.54146436e-02 -3.41262780e-02
 -3.73635702e-02  1.88713111e-02  1.70645043e-02  5.58032691e-02
  5.14602624e-02 -7.20317438e-02 -2.01115552e-02 -6.38713911e-02
  3.75575311e-02  3.20690870e-02  3.61319222e-02  3.47354002e-02
  3.82234389e-03  2.12232005e-02 -8.63351393e-03 -3.76888663e-02
 -4.71802503e-02 -5.10639027e-02 -4.33055237e-02 -4.85897809e-02
  3.08492426e-02  3.26529471e-03 -3.08508165e-02 -3.59037966e-02
 -2.50269677e-02 -1.16863728e-01  1.29777854e-02 -3.09895929e-02
  2.49200780e-02  1.96368527e-02  9.11997855e-02  5.85973747e-02
  3.42485011e-02 -8.77277367e-03  2.38329414e-02 -3.60360779e-02
 -5.35067990e-02 -7.41379410e-02  5.22874892e-02  5.00466265e-02
 -4.39363979e-02  7.99144804e-02 -1.60793699e-02  1.22635595e-34
  2.31319224e-03  1.55667486e-02 -7.70683363e-02 -4.97522727e-02
 -3.44619974e-02 -4.59239911e-03 -2.69270446e-02  1.13048732e-01
  4.29599509e-02 -8.66715610e-02  3.34674641e-02 -3.54001895e-02
 -4.82198894e-02  1.86965987e-02 -2.88424361e-02 -3.46516296e-02
  1.59967858e-02  1.09970167e-01 -5.44433706e-02  5.84332123e-02
 -6.98614866e-02 -9.83087197e-02 -3.88474353e-02 -1.67834815e-02
 -2.26534493e-02  3.66990454e-02 -4.97355647e-02 -8.18420798e-02
 -2.15198584e-02 -1.92842782e-02  3.70192192e-02  5.45645766e-02
 -9.64908488e-03 -3.23048607e-02  8.47785994e-02  7.15076327e-02
  4.13844250e-02 -8.76227617e-02  1.55867329e-02 -1.62412375e-02
  7.99493268e-02 -1.20927393e-02  7.45484978e-02 -7.14148059e-02
  6.18060492e-02  3.38680693e-03 -2.42674239e-02  1.12762181e-02
 -1.53225614e-03  5.66008501e-02  8.04093182e-02 -3.61197777e-02
 -4.74319793e-03  5.01638390e-02 -2.48361118e-02 -8.78486112e-02
 -4.29632924e-02 -7.88529515e-02  2.50925217e-02 -1.67310182e-02
 -7.45571405e-02  4.63201758e-03  1.54470615e-02  5.66721559e-02
  1.26630338e-02 -1.84798501e-02  1.07572721e-02  5.96409589e-02
  4.87545319e-02 -3.52481902e-02  1.36566795e-02 -2.42814142e-02
 -7.17992485e-02  5.29813357e-02 -5.02649695e-03 -3.96951362e-02
 -9.82629657e-02  6.06385432e-02  9.79651604e-03  4.66162190e-02
 -3.54906321e-02  1.96327213e-02  2.20073350e-02 -5.56167699e-02
 -2.95204073e-02  3.88242081e-02 -2.95925289e-02  2.11885106e-02
  7.28483126e-02 -6.52946755e-02 -2.90324423e-03 -1.19692963e-02
 -6.50962591e-02 -2.55246647e-02  2.61881016e-02 -2.60218940e-08
  9.43694487e-02 -4.10826243e-02 -1.28760654e-02  3.51935253e-02
 -1.13394652e-02 -3.82374898e-02  6.42727315e-02  1.84890605e-03
  6.97277933e-02  1.20402664e-01 -5.87467775e-02  1.56337366e-01
  6.87469319e-02 -4.91572507e-02 -7.53161088e-02  1.26568422e-01
 -5.23717701e-02 -7.48275816e-02  2.03732029e-02  3.25717591e-02
 -3.51800360e-02 -2.51020100e-02  3.17820522e-04  3.89783457e-02
 -9.12600663e-03 -3.76047380e-02  9.66980355e-04  6.42654300e-02
 -8.02373886e-03 -8.19497858e-04 -9.95692760e-02  8.96758866e-03
 -4.59288340e-03  9.35426578e-02  3.23885120e-02 -1.80938952e-02
  7.44516030e-02  2.94959005e-02  4.04673778e-02  5.59867136e-02
 -6.55652769e-03 -1.01563090e-03 -5.02949543e-02 -4.37040105e-02
  4.67380211e-02 -1.24694012e-01  2.80064135e-03  3.71112563e-02
  3.03412862e-02 -4.56648953e-02  1.08999088e-02  5.54391518e-02
 -2.44078953e-02  4.52664644e-02 -5.24647348e-02 -4.40722182e-02
  8.56966060e-03  8.76361579e-02  7.31612295e-02 -5.49613200e-02
  4.44451310e-02  6.75883004e-03 -1.04647554e-01  2.63820216e-02]"
How can Yellow Fever outbreaks be controlled?,"Outbreaks are controlled through vaccination campaigns, mosquito control efforts, and public health education on preventing mosquito bites.","Vaccination drives, mosquito eradication, and awareness are the main strategies to control outbreaks.","How can Yellow Fever outbreaks be controlled? Outbreaks are controlled through vaccination campaigns, mosquito control efforts, and public health education on preventing mosquito bites.","[-2.28811819e-02  7.72832781e-02  3.57569456e-02 -5.08056313e-04
  4.80171517e-02  1.04447320e-01  4.23771068e-02 -7.61993378e-02
 -2.25942419e-03  1.02868244e-01  1.21849645e-02 -3.45242769e-03
  4.05555777e-02  2.17302516e-02  1.25737758e-02  8.00010283e-03
 -9.21101309e-03 -1.12441927e-02 -6.82497546e-02 -1.60381128e-03
 -1.59604307e-02  2.91420780e-02  4.43331525e-02  4.16975506e-02
 -1.56138286e-01  8.40852037e-03  2.74879020e-03 -3.61383110e-02
 -3.03415991e-02 -1.71691440e-02  2.24633422e-02 -1.26638217e-02
 -7.10019916e-02 -1.79610513e-02 -7.29876384e-02 -1.72018558e-02
  2.12522540e-02 -2.40495354e-02 -6.63075149e-02  9.67742875e-02
  7.99351651e-03  2.94468105e-02 -2.74244752e-02 -4.60248701e-02
 -1.91709008e-02  4.16731499e-02 -7.05964565e-02  9.71322581e-02
 -1.61865000e-02 -1.16900116e-01  9.75187588e-03 -1.31981373e-01
  1.52194407e-02  6.67139050e-03  1.50465090e-02 -5.15962429e-02
 -2.80157235e-02 -3.98706682e-02  2.64165848e-02 -1.62805896e-02
 -1.59812625e-02 -1.72425173e-02 -3.50388922e-02  8.65315180e-03
 -4.02565636e-02  9.50463023e-03 -4.89402115e-02  4.22848463e-02
  6.50276765e-02 -6.20299205e-02  6.65563643e-02  2.91216951e-02
 -8.91385041e-03  7.30407760e-02  5.23692444e-02  1.24946246e-02
  3.32341827e-02  6.50935546e-02  1.04671381e-01 -3.76327448e-02
  2.53030797e-03 -5.31648137e-02  1.61547005e-01 -1.28333829e-02
  4.03441824e-02 -1.19506726e-02 -7.91586284e-03 -4.45417268e-03
  6.53713793e-02  3.60076874e-02  1.35765448e-02 -4.76929778e-03
  1.18113689e-01 -6.59232400e-03 -9.85537544e-02  6.53614402e-02
 -4.32665879e-03 -6.43856172e-03  1.15065183e-02  3.63356434e-02
  4.55288440e-02 -1.16736136e-01 -4.77176346e-02  2.46814894e-03
 -1.73581988e-02 -4.70480397e-02 -2.95151165e-03 -1.22695295e-02
 -2.54269782e-02  1.11664401e-03  7.90899340e-03  4.32867445e-02
  9.31589603e-02 -1.44984238e-02 -1.81707051e-02 -4.43685278e-02
 -8.87625664e-03 -8.15231539e-03 -2.68310006e-03 -9.62262508e-03
  6.34897500e-02 -8.84487703e-02  8.44116695e-03 -4.26452272e-02
  1.52532095e-02  5.37942387e-02 -1.46772675e-02  1.64142505e-33
  8.76525789e-03  2.61714589e-02  5.59551045e-02  4.71614078e-02
 -2.07811575e-02  1.54030812e-03 -6.62313551e-02  2.23546401e-02
 -9.08648875e-03 -1.23601995e-01  1.22679748e-01 -1.48543064e-02
  8.54738872e-04  1.02575295e-01  2.67386418e-02 -1.01939077e-02
  1.94059238e-02 -3.01903114e-03 -3.99704874e-02  3.45252939e-02
 -2.87989229e-02 -4.01543453e-02  2.59821434e-02 -2.49464717e-03
  3.63182575e-02  3.78075242e-02 -6.34865984e-02  2.66754627e-02
  4.16070037e-02  2.18332987e-02  4.27989475e-02  4.87381145e-02
  1.96826439e-02  6.19617337e-03 -5.23343869e-02  3.75158638e-02
  2.31395680e-02 -4.00472432e-02 -4.84909713e-02  2.06656773e-02
 -3.98493707e-02 -1.34374620e-03 -5.58971018e-02  9.81222540e-02
  7.37369135e-02  4.64939214e-02 -4.74257246e-02  3.34266052e-02
 -1.85830221e-02 -4.63927388e-02  1.37734246e-02  2.97277998e-02
 -2.46445555e-02 -5.46729229e-02  5.81570230e-02  2.42541060e-02
  1.25486189e-02 -2.77434401e-02 -2.28191819e-02 -5.76010793e-02
  6.04386255e-02 -1.66102611e-02  3.94485928e-02  1.16111934e-02
  4.49983701e-02 -5.35418577e-02  6.63915053e-02 -3.78375053e-02
 -1.77228786e-02 -6.23464957e-02 -2.80478932e-02  4.37470376e-02
 -4.21473347e-02 -3.64828184e-02 -8.58455151e-02 -9.59425345e-02
  2.66255978e-02 -6.65884838e-02 -1.07865520e-02  7.10707204e-03
 -2.06190199e-02 -2.72954553e-02  1.34607926e-01  7.33968541e-02
  4.46948316e-03 -1.00105964e-01 -2.33747717e-02  1.20369092e-01
 -2.84745153e-02 -4.24755700e-02  2.65966523e-02  5.52639440e-02
  1.32664964e-02  8.39650258e-02 -1.54378349e-02 -2.04582394e-33
 -6.81982283e-03  7.84388632e-02 -9.82081965e-02 -2.09275726e-02
 -2.58920323e-02  2.25197710e-02  1.40482737e-02 -1.03226274e-01
  2.06771586e-02 -2.75467038e-02 -5.13733067e-02 -4.05944251e-02
 -4.36810777e-03  7.83791859e-03 -6.55394271e-02 -6.00504018e-02
  3.65482941e-02  8.19389597e-02 -1.33599892e-01 -3.23487334e-02
 -1.54017642e-01 -6.74785674e-02  2.88037118e-02 -5.06477468e-02
 -4.90934178e-02  4.28624917e-04 -8.92836228e-02  8.96105543e-02
  2.26958375e-03  2.18831655e-02 -4.52495925e-02 -2.43616868e-02
  2.98194401e-02 -2.58149579e-03 -6.40272275e-02  3.27492692e-02
  7.75741264e-02 -3.39757241e-02  4.72181849e-02  1.00589022e-02
  4.76568639e-02 -1.31001156e-02 -1.03317395e-01 -7.43515119e-02
  2.48913318e-02  1.00901634e-01  1.67351551e-02  9.85534862e-02
 -5.06475717e-02  2.57586725e-02  1.40260709e-02 -2.26746853e-02
 -4.77172881e-02  1.73434243e-02 -6.59316555e-02 -1.12152420e-01
 -1.08865267e-02 -8.28367323e-02  2.79034711e-02 -1.79671496e-02
 -3.58757600e-02 -2.81598922e-02 -1.44270854e-02  1.06683917e-01
  1.51500925e-02  3.36616486e-02  2.61927899e-02  1.24642439e-01
  7.05458596e-02 -1.03242271e-01 -6.06894754e-02  8.14087503e-03
  1.08371377e-02 -5.18240333e-02 -1.74083132e-02 -4.96101566e-02
 -2.55506579e-02 -4.21426594e-02  1.96495913e-02  2.34603826e-02
  4.57679592e-02 -2.02034432e-02  4.41214070e-02 -7.20806196e-02
 -1.93386413e-02  8.19045231e-02  1.81142781e-02 -6.69187605e-02
  9.10095777e-03  4.34450693e-02 -4.83647846e-02 -2.85196342e-02
  3.22672501e-02  3.91291082e-02 -6.50430704e-03 -2.48705128e-08
  1.11871995e-01 -6.46091178e-02  5.17721102e-02  1.16032977e-02
  1.10309497e-02  1.31596252e-02 -2.73259636e-02 -1.93474740e-02
  8.64342079e-02  9.68373194e-02 -3.33807543e-02  5.76876849e-02
  4.08701748e-02 -2.57291924e-02  1.71999168e-02  1.16849467e-02
 -1.02871703e-02  1.52139692e-02 -6.61932454e-02 -4.73344214e-02
 -1.94884129e-02  1.39099779e-02  1.95242800e-02  5.98232225e-02
  7.20209628e-02 -7.66490996e-02 -7.31705921e-03  3.02196667e-02
  5.38740642e-02  3.37461680e-02 -9.04603973e-02 -2.77405437e-02
  1.61781795e-02  3.58527228e-02 -6.43011462e-03  1.85749598e-03
 -2.16899179e-02  5.98979592e-02  9.74321812e-02 -2.45629549e-02
  4.12350101e-03  2.35563386e-02 -2.68680807e-02  4.12372081e-03
 -8.68786592e-03 -4.05774601e-02 -2.87662446e-02  5.10474388e-03
  5.48860878e-02 -1.35315750e-02 -1.28981331e-02  7.56164314e-04
  7.97907859e-02  3.94971073e-02 -1.24018066e-01 -6.92084432e-02
 -2.88175065e-02  4.80512762e-03  1.67664010e-02 -2.14640740e-02
  1.11304158e-02 -2.15213541e-02 -2.68582962e-02  5.39066195e-02]"
How long is the incubation period for Yellow Fever?,The incubation period for Yellow Fever typically ranges from 3 to 6 days after being bitten by an infected mosquito.,Symptoms of Yellow Fever usually appear 3 to 6 days post-infection.,How long is the incubation period for Yellow Fever? The incubation period for Yellow Fever typically ranges from 3 to 6 days after being bitten by an infected mosquito.,"[-5.10127805e-02  2.91416608e-02 -1.01023931e-02 -5.88412806e-02
  8.56600478e-02  1.13781625e-02  2.04532128e-02 -2.39519458e-02
  2.98697148e-02  6.48602247e-02 -1.85295511e-02 -4.85599786e-02
  4.11466397e-02  3.51169147e-02  1.68491509e-02  4.42930311e-02
 -7.09554702e-02 -7.14964867e-02 -1.03899930e-02 -1.88243557e-02
 -1.75269041e-02  2.71402374e-02 -1.19979493e-02 -5.23580052e-02
 -4.90112901e-02  2.33889651e-02  3.70363854e-02 -2.77585350e-02
  2.51154788e-02  3.54073457e-02 -4.69338633e-02  2.77267452e-02
 -2.28848439e-02 -4.70879003e-02 -6.02734322e-03 -1.11172618e-02
  3.06376368e-02 -1.08556166e-01 -8.99269879e-02  7.53882155e-02
  5.25091588e-02  1.40219033e-01  1.51585527e-02 -4.67784777e-02
 -1.52748516e-02  1.67251676e-02 -5.26755229e-02  6.69398308e-02
  4.40093055e-02 -1.26464278e-01  3.08085084e-02 -1.20349504e-01
  2.97061610e-03  2.85397731e-02 -1.18486751e-02  8.37941319e-02
 -8.45005289e-02 -4.40348089e-02  1.24878148e-02  3.71520929e-02
 -2.75762323e-02  2.11268812e-02  4.56802621e-02  2.36186571e-02
 -5.18191326e-03 -7.26855034e-03 -3.18441354e-02 -3.00457962e-02
  5.06357066e-02  1.42331328e-02 -1.41377524e-02  6.52504293e-03
 -8.41022059e-02  1.46987643e-02 -1.31375715e-02  1.44231934e-02
  1.23342358e-01  6.01960681e-02 -2.29112506e-02 -1.11047372e-01
 -6.67920560e-02 -1.65838525e-02  9.18961018e-02 -3.93463634e-02
  2.73313224e-02 -3.10434252e-02  1.78083479e-02  1.05325110e-01
  3.07263713e-02  8.92238766e-02  5.80181926e-02  1.94265302e-02
  1.78162325e-02  9.58691118e-04 -6.55823424e-02  5.86964600e-02
  2.33469326e-02  7.23395273e-02 -1.11679500e-02  1.91761404e-02
 -2.80955937e-02 -8.77832696e-02 -1.00342527e-01  1.86701044e-02
  3.70791815e-02 -3.13421898e-02  2.81410627e-02 -1.38093811e-02
 -5.59264049e-02  4.05070698e-03 -2.43051555e-02  3.51556540e-02
  1.64780334e-01 -3.86147313e-02  1.35440202e-02 -8.12539756e-02
 -2.85547115e-02  4.25037667e-02  7.40891397e-02 -2.55391616e-02
  1.14598274e-01 -7.52910525e-02 -2.29813382e-02 -7.63156042e-02
 -2.49376167e-02  9.19410214e-02  7.75871724e-02  5.69264501e-34
 -1.41032180e-03  2.08132546e-02  5.11565134e-02  7.61685055e-03
 -3.45580205e-02 -7.01402500e-03 -2.88160015e-02  3.92697565e-02
  5.25196232e-02 -1.12516426e-01  2.06406899e-02 -4.02014181e-02
 -1.82123315e-02  2.74613127e-02 -4.94691469e-02  8.27544332e-02
  7.65477270e-02 -3.42246294e-02 -8.73139966e-03  7.12827966e-03
 -2.59525422e-02 -3.49866375e-02  7.91254104e-04 -3.27530019e-02
  7.36338571e-02  4.55546081e-02 -4.72065471e-02 -2.35897955e-02
 -1.36963306e-02  7.82422908e-03  1.04278393e-01  5.04782125e-02
  2.76681082e-03  1.37226125e-02 -5.08543551e-02 -6.55657379e-04
  9.88653675e-02  3.70477736e-02 -8.66215397e-03  5.31632341e-02
  4.66612959e-03  5.59951784e-03 -4.15817350e-02  2.83564869e-02
 -9.90710128e-03  7.44225411e-03 -5.64085469e-02  1.17624037e-01
  5.75485528e-02 -6.47772923e-02  7.77513441e-03  1.21812215e-02
  4.58631217e-02 -2.70982496e-02  1.58199370e-02  9.89670083e-02
  3.39502431e-02 -3.37626562e-02 -1.23826191e-02 -8.04747269e-02
  8.41754023e-03  1.96198598e-02  6.84292242e-02 -2.71684192e-02
  3.80336456e-02 -3.59024666e-02 -2.71408149e-04 -4.61341627e-02
  4.93618473e-03 -1.02566101e-01  2.27272976e-02 -6.91979600e-04
 -2.24187430e-02 -6.43890947e-02 -3.79116312e-02 -5.48463352e-02
  5.88490851e-02 -1.57469898e-01 -6.04881942e-02 -2.04010662e-02
  6.53232709e-02 -7.85654224e-03  6.09974638e-02  2.71836240e-02
 -2.16431245e-02 -9.17435437e-02  8.45241640e-03  4.29197364e-02
 -5.28510734e-02 -2.26752218e-02  1.69085953e-02  4.58407849e-02
  1.63217988e-02  1.63707435e-02  1.74465310e-02 -9.28182462e-34
  6.94605485e-02  3.96094508e-02 -9.52189043e-02  6.09258714e-04
  3.02286558e-02 -2.16702488e-03  5.34496084e-02  8.46915022e-02
 -4.41118255e-02 -4.09821011e-02 -4.06845892e-03 -5.16617633e-02
 -5.93013056e-02  3.12084649e-02 -1.91650242e-02  1.77128296e-02
  4.16172110e-02  9.72316265e-02 -6.14958517e-02 -7.31762312e-03
 -3.04320659e-02 -9.58687589e-02 -2.65522278e-03 -7.99378306e-02
  4.08605579e-03  2.13573966e-02 -1.07692871e-02  3.78393084e-02
 -5.36986887e-02 -3.44820991e-02 -1.25831254e-02  7.04226363e-03
  9.74211376e-03 -1.08806668e-02 -2.79938877e-02 -2.08934466e-03
  3.89086418e-02 -5.63206561e-02  7.12596923e-02 -7.50343502e-03
 -5.49416000e-04  1.40197873e-02 -2.94240881e-02 -1.46362111e-01
  4.25121523e-02  7.12196380e-02  3.76092382e-02  1.86211336e-02
 -4.33851499e-03  2.12311260e-02  3.03732213e-02 -3.37490849e-02
 -2.53689624e-02  2.73312684e-02  1.54761756e-02 -7.14055225e-02
  1.64732449e-02 -1.14355311e-01  4.59410623e-02 -7.07507133e-02
 -1.44708613e-02 -5.20070381e-02 -2.05937568e-02  1.05956249e-01
 -2.41653509e-02  5.07381298e-02  4.33603041e-02  1.11176506e-01
  2.15423126e-02 -1.42449468e-01 -6.04615919e-02  1.10992072e-02
 -3.36343870e-02 -3.83597575e-02 -6.09159358e-02 -2.45227553e-02
 -6.61633629e-03 -5.53557947e-02  4.58383858e-02  1.08927414e-02
 -8.64117742e-02 -2.07578531e-03  4.07360634e-03 -8.00437629e-02
 -2.89477818e-02  4.25532237e-02 -1.79636921e-03 -1.64682660e-02
  4.98193651e-02 -1.73652954e-02 -9.95153841e-03  1.38898399e-02
  6.46017566e-02  4.08822335e-02  1.38950162e-02 -2.15407194e-08
  9.05454233e-02 -4.13121656e-02  2.46951003e-02  5.17187640e-02
  5.53129874e-02  4.13651811e-03 -7.38136051e-03 -3.50753069e-02
  2.66451612e-02  2.26143412e-02 -1.43692410e-03  1.87563002e-02
  7.75415972e-02  2.86888089e-02 -2.71831974e-02  7.84614086e-02
 -3.77718471e-02 -1.16356462e-01  1.94633454e-02 -6.07588962e-02
 -2.54566614e-02  3.98335010e-02 -3.16580161e-02  1.25817405e-02
  1.06007312e-04 -2.19187103e-02 -2.44377926e-02  1.64586641e-02
  3.74387763e-02 -2.09824108e-02 -1.60362855e-01  6.18357882e-02
  1.20058991e-02 -1.78502360e-03 -2.82953549e-02  1.72664574e-03
  2.95752008e-02  6.32927418e-02  5.23854606e-02 -2.44208984e-02
  3.11808921e-02 -1.41967488e-02  1.60263181e-02 -6.37918413e-02
  5.77339046e-02 -8.69775414e-02  1.18090436e-02  6.15109652e-02
  4.77901399e-02 -6.47128150e-02  4.48922478e-02  1.79100819e-02
 -3.48274671e-02  1.51575692e-02 -2.33145226e-02 -8.21370557e-02
 -6.67814612e-02  1.30501098e-03 -1.76294036e-02 -4.15550433e-02
 -3.40433903e-02 -3.54140736e-02 -9.00292993e-02  1.15212062e-02]"
Can Yellow Fever recur?,"Once recovered, individuals are generally immune to future infections of Yellow Fever, and recurrence is not common.",Recovery from Yellow Fever typically grants lifelong immunity; recurrence is rare.,"Can Yellow Fever recur? Once recovered, individuals are generally immune to future infections of Yellow Fever, and recurrence is not common.","[-7.03500137e-02 -3.99783067e-02  3.91587019e-02 -4.08625184e-03
  8.76505487e-03  6.94585145e-02  1.56163350e-02 -3.57665904e-02
 -6.48240699e-03 -6.95710257e-03 -4.74046618e-02  6.59906343e-02
  5.09892665e-02  1.03792101e-01 -2.52731983e-03 -1.83633845e-02
 -5.27405404e-02  4.07062434e-02 -1.76794939e-02 -1.83655787e-02
 -1.03948921e-01  3.24747600e-02 -4.75978479e-02 -4.28057648e-02
 -7.33429715e-02  3.82427103e-03 -1.41891027e-02  3.93506438e-02
 -2.21495256e-02 -3.27986181e-02 -7.95483068e-02  2.73296628e-02
 -6.76601306e-02 -7.65426010e-02 -1.40731577e-02  1.97911337e-02
 -1.91647522e-02 -1.03683528e-02 -5.46429716e-02  8.10726956e-02
 -2.05059052e-02  6.51342645e-02  1.83894020e-02 -6.12230748e-02
  3.38738412e-02  1.51057029e-02 -6.54821843e-02  4.40118536e-02
  2.50395555e-02 -6.35304749e-02  4.44010980e-02 -4.41424223e-03
  1.40397558e-02  8.46261755e-02  3.40703800e-02  9.21243355e-02
 -4.44032475e-02 -4.36803922e-02 -9.17363819e-03  1.17910700e-02
 -2.86763366e-02 -1.24792336e-02  1.84158757e-02 -2.93035503e-03
  2.48032380e-02 -2.43852567e-02 -1.87134296e-02 -3.90479378e-02
  6.51059076e-02 -2.80783884e-02  5.56949805e-03  9.61820222e-03
  5.36068343e-03  7.00297058e-02  4.86137047e-02  5.97019158e-02
  6.69727474e-02  2.70899963e-02 -3.90472673e-02  6.54926598e-02
 -4.91330996e-02  1.59920864e-02  8.58826339e-02 -2.35437248e-02
  2.42756754e-02 -1.26406923e-01 -1.32101998e-02  4.00145724e-02
  1.55194802e-03  4.85660136e-02  8.67381040e-03  2.95399819e-02
  1.19390085e-01 -2.82879267e-02 -3.19910422e-02  1.67344939e-02
 -1.55207571e-02 -8.16389732e-03 -1.69820171e-02  2.80476920e-03
 -9.09437090e-02 -8.88405442e-02 -2.03290340e-02 -4.62045856e-02
  4.66916448e-04 -1.49135999e-02  1.62798706e-02  4.50881943e-03
 -3.91125679e-02 -4.50196899e-02  2.46920623e-02  3.55493873e-02
  1.39010206e-01 -1.86881498e-02  3.88098285e-02  4.21457551e-02
 -5.96936084e-02 -7.63025731e-02 -5.12080304e-02  2.76952852e-02
  3.70171554e-02 -5.70162684e-02  2.57969126e-02 -5.90335466e-02
 -9.89248045e-03  6.49155304e-02  1.18393853e-01 -5.48342033e-34
 -6.30862564e-02  4.81118299e-02  3.98812890e-02  2.61549763e-02
 -1.44297825e-02 -5.78055494e-02 -9.74214636e-03  7.72744324e-03
  5.94767556e-02 -2.01297060e-01  7.84991533e-02  3.83682884e-02
  1.29531743e-02  5.32684736e-02 -8.11209306e-02  8.44296888e-02
  7.38521144e-02  1.01270853e-02 -8.44018310e-02  3.78106721e-02
 -1.26293991e-02  4.98909764e-02  2.42413860e-02 -6.30758144e-03
  6.22819774e-02  1.13654183e-02  4.43994766e-03  3.52933072e-02
 -5.90296136e-03 -3.50595526e-02  3.35245505e-02  1.00005746e-01
  7.23763322e-03 -1.11894784e-02 -6.05727993e-02  2.44376753e-02
  1.09451070e-01  6.99118823e-02 -1.74348876e-02  3.99243198e-02
 -2.35994216e-02  4.84456383e-02 -7.08702058e-02  6.33577779e-02
  3.27945570e-03 -1.16766050e-01 -1.79303661e-02  1.25236772e-02
 -4.59592193e-02 -5.05224206e-02  4.64985222e-02  5.62424324e-02
 -3.67912352e-02 -2.77658906e-02  1.19792446e-02 -5.17730415e-02
  5.04156128e-02  3.96665968e-02  2.44102121e-04 -2.49486938e-02
  6.81388155e-02  3.72832045e-02 -9.12573945e-04  2.83476934e-02
  5.40847424e-03  1.42856885e-03  3.44969742e-02  3.09121590e-02
 -9.22332332e-02 -2.57947426e-02  4.30956632e-02 -3.94241512e-02
 -6.53557852e-02 -2.19549444e-02  5.64486906e-03 -7.56144971e-02
  5.83176129e-02 -1.27961457e-01  2.43777670e-02 -4.02295217e-02
 -3.84814925e-02 -1.69264860e-02  5.98301142e-02  8.28503892e-02
 -3.31930853e-02 -3.90815064e-02 -1.14730084e-02 -7.67534180e-03
 -1.05926478e-02 -7.71811232e-02  7.36469775e-02  1.49127957e-03
 -1.13320565e-02  8.45722333e-02 -1.68119662e-03 -1.56839599e-33
  3.81934494e-02  4.23197635e-02 -8.70344117e-02 -2.79026758e-02
 -2.99720950e-02  6.03171438e-02  4.72041406e-02  7.74479583e-02
 -3.76169495e-02 -5.64205460e-02  2.93898722e-03 -6.98783472e-02
  1.12506580e-02  8.73282179e-02 -3.71265858e-02  1.80161446e-02
 -1.60815567e-02  1.13449521e-01 -1.19686760e-01  1.50956828e-02
 -4.50681783e-02 -6.00153506e-02  2.35932916e-02 -8.42059627e-02
  4.05477651e-04  7.79326633e-02 -5.88877909e-02  3.53365950e-02
 -2.23784633e-02 -5.14711738e-02  3.87080982e-02 -6.05221018e-02
 -1.31398728e-02 -1.99417397e-02  9.59853232e-02  2.22713035e-02
  6.39578700e-02 -9.46141034e-02  2.73461565e-02  4.80223186e-02
  5.33301607e-02  7.99180381e-03  4.76203077e-02  3.65217216e-02
  6.89650029e-02  6.13246597e-02  2.52750050e-02  3.16074528e-02
  4.89559323e-02  1.34430528e-02  4.70236689e-02 -6.97672181e-03
  4.86537488e-03 -3.24030854e-02 -7.99390450e-02 -4.92916666e-02
 -2.44402047e-02 -3.97509933e-02 -3.50017212e-02 -3.23802345e-02
 -5.51278293e-02 -7.10379854e-02 -2.21898649e-02  4.79732938e-02
  6.08057305e-02  8.96255544e-04  3.17948777e-03  4.83281612e-02
  1.17931338e-02 -8.09203237e-02 -3.25779282e-02  3.75433788e-02
 -4.95887809e-02 -6.68534711e-02  2.18755640e-02 -2.27842238e-02
 -1.09365463e-01  3.42380218e-02  2.32100785e-02  3.81180309e-02
 -3.24092731e-02  2.44318526e-02  6.50877655e-02 -8.56981501e-02
  3.07489261e-02 -1.21498797e-02 -1.62732061e-02 -6.20152690e-02
  7.34042898e-02 -4.81528491e-02  2.90063093e-03 -4.20841947e-02
  6.77335961e-03  1.89419580e-03 -1.33154560e-02 -2.45407232e-08
  8.97835717e-02 -3.84101793e-02  1.39000379e-02  7.87168443e-02
  2.31605284e-02 -1.29167270e-02 -3.55216600e-02 -5.21088354e-02
  6.77415282e-02  4.40985672e-02 -6.41718805e-02  4.80471626e-02
  6.80286214e-02 -9.32116900e-03 -3.76102664e-02  3.98649387e-02
 -1.31913181e-02 -1.03334449e-01  8.96672904e-03  5.86036779e-03
 -2.31159832e-02 -2.41782237e-02  2.31010374e-02  8.87225196e-02
 -7.12231779e-03  2.15967894e-02 -3.33239250e-02 -3.91814345e-03
 -1.46480026e-02 -1.17898516e-01 -8.14344957e-02 -4.69263468e-04
  3.54834944e-02  4.14976776e-02 -2.61429721e-03 -6.96096942e-02
  7.85159618e-02  2.64715776e-02  2.32678801e-02 -1.11359693e-01
  4.76052947e-02  3.05395070e-02 -1.07922796e-02  9.21240728e-03
 -9.83060990e-03 -1.37969673e-01 -4.89669815e-02 -2.25855671e-02
  6.10717386e-02 -1.29762709e-01 -4.42518480e-02 -3.75961550e-02
 -2.40549799e-02 -1.54493712e-02 -6.20975904e-02 -4.79099564e-02
 -3.24922390e-02  6.04987182e-02 -1.47311799e-02 -4.28683534e-02
 -2.05373690e-02  2.29821261e-03 -6.31358624e-02 -1.11856321e-02]"
What are the stages of Yellow Fever?,"Yellow Fever progresses in two phases: the ""acute"" phase with initial symptoms, and the ""toxic"" phase for more severe cases, which can involve organ damage.","The disease has an acute phase with flu-like symptoms and, in severe cases, a toxic phase with organ damage.","What are the stages of Yellow Fever? Yellow Fever progresses in two phases: the ""acute"" phase with initial symptoms, and the ""toxic"" phase for more severe cases, which can involve organ damage.","[ 8.50226544e-03 -2.46031117e-02  5.68151362e-02 -1.67905241e-02
  4.10843827e-02  3.66097651e-02 -6.56667277e-02 -3.43750673e-03
  1.67119899e-03  1.80938095e-02 -5.42119965e-02 -6.52455464e-02
  8.78075659e-02  7.02541918e-02  4.85945754e-02 -5.52277453e-02
 -5.77419475e-02 -4.42940146e-02 -4.88291569e-02  1.68577693e-02
  3.20750102e-02 -7.24927871e-04 -3.42375077e-02 -3.71922255e-02
 -6.91488832e-02  6.16417564e-02  4.10605595e-02 -2.76632025e-03
  9.60537884e-03 -5.67487739e-02 -3.70973237e-02  5.75147979e-02
 -2.89812707e-03  8.02705437e-03  1.56946424e-02 -1.66632421e-02
  7.22046271e-02 -3.59836072e-02 -6.87720999e-02  5.79571612e-02
  3.07644438e-02  3.67808267e-02  1.37559352e-02  1.82019956e-02
  4.94248904e-02  3.71645647e-03 -4.65497635e-02  2.73022503e-02
  1.43376822e-02 -9.40423831e-02 -1.40295476e-02 -9.15136561e-02
  2.55303476e-02  1.36948317e-01 -4.22883146e-02  3.38648707e-02
 -4.52916510e-02 -6.73081130e-02 -2.00264398e-02  1.87326912e-02
 -8.39493424e-02 -2.59616580e-02 -3.20462510e-03 -4.49504554e-02
  2.03139875e-02 -8.04964080e-03  3.04525398e-04 -2.63411589e-02
  5.50244562e-02  1.48003595e-02 -6.03731722e-03 -5.38210981e-02
 -1.11395502e-02  1.45010231e-02 -3.37021649e-02  1.42641254e-02
  9.54081342e-02  5.24054794e-03 -2.30459534e-02 -4.85007614e-02
 -4.00082357e-02 -8.32309853e-03  7.44725466e-02 -4.89963777e-02
 -2.51719635e-03 -2.46660747e-02 -3.52393202e-02  3.77383009e-02
 -3.76124233e-02  5.32423519e-02 -3.13006975e-02  1.46015137e-02
  4.85968888e-02 -5.74017912e-02 -1.35943452e-02  5.65219857e-02
 -2.32840870e-02 -5.19098043e-02  9.60425511e-02 -2.15192959e-02
 -9.03340057e-03 -1.19269140e-01 -4.39275289e-03 -3.82316448e-02
  6.15698136e-02 -5.87622747e-02 -8.13025981e-03  2.24421546e-02
 -6.50203153e-02 -3.81091237e-02  3.78380828e-02  4.14412692e-02
  1.77247658e-01 -9.00820419e-02  6.92779869e-02  5.61517701e-02
 -4.63581048e-02 -1.73312705e-02  3.07215136e-02  4.36428487e-02
  1.00476757e-01 -9.50174034e-02  1.01699764e-02 -2.90769129e-03
 -6.11250736e-02  5.78904897e-02  3.50947417e-02 -2.92876273e-33
  7.76866172e-03  6.95718778e-03  1.80433858e-02  1.01025872e-01
 -2.56655738e-02 -3.56222391e-02  2.95210537e-02  1.91290081e-02
  5.40576838e-02 -1.10357307e-01  1.20366968e-01 -5.12219639e-03
 -3.65404896e-02  7.72134587e-02 -2.67852787e-02 -3.72913107e-03
  5.20228967e-02  1.74060538e-02 -3.08093075e-02  3.54871452e-02
 -1.83581319e-02 -2.38716207e-03  3.83107252e-02 -2.64554266e-02
  8.73288810e-02  1.65730957e-02 -7.00644627e-02  1.05992593e-02
 -3.61262634e-02 -4.81810700e-03  5.72985150e-02  4.02812809e-02
 -5.50590083e-02  7.58830160e-02 -6.57817349e-02 -1.58928260e-02
  3.80598903e-02  7.21855015e-02 -1.87474899e-02  2.53323931e-02
 -6.06348217e-02 -6.24211840e-02 -3.39433737e-02  8.17393139e-02
  3.28134261e-02  1.12178212e-03 -9.85025838e-02  1.01103716e-01
  6.93829060e-02 -4.14814655e-04  4.47137840e-02 -1.29846288e-02
  3.30458283e-02 -9.71174706e-03  7.69136148e-03  6.75052777e-02
  2.33862828e-02 -9.33670923e-02 -4.88528870e-02 -2.14567278e-02
  1.03698075e-01  3.73012759e-02 -6.13440797e-02  3.70654184e-03
 -3.09376735e-02 -3.88923548e-02 -2.26317607e-02 -5.62446043e-02
  2.21896986e-03 -4.05153669e-02 -3.43275741e-02 -2.79672332e-02
  4.97610569e-02  3.32837529e-03 -5.94262918e-03 -2.13418528e-02
  1.26657933e-02 -1.03679165e-01 -6.88507222e-03 -4.26678024e-02
 -4.18069586e-02  4.70103435e-02  5.94590828e-02  4.46649641e-02
 -1.32604744e-02 -3.75892334e-02  4.66824090e-03  3.91433947e-02
 -1.07527256e-01 -5.19993566e-02 -4.86849435e-03  5.01074344e-02
 -7.02499179e-03  1.39999375e-01  3.57097164e-02  3.69435260e-34
  8.91282782e-02  1.53763620e-02 -8.62177759e-02 -5.90518955e-03
 -7.69560263e-02  1.85241681e-02 -2.33961158e-02  5.54151945e-02
  8.15689266e-02 -3.46614905e-02 -1.21669360e-02 -4.50662412e-02
 -5.83829768e-02  1.57986023e-02 -7.07084015e-02 -5.07744625e-02
  8.37437361e-02  1.38337106e-01  1.45379212e-02  4.50789668e-02
 -6.53798729e-02 -8.59668553e-02 -9.28729028e-02  5.27903903e-03
  3.30436341e-02  1.32586621e-02 -3.04455049e-02 -2.79177725e-02
 -1.46821821e-02  5.95877282e-02  2.06364039e-02  1.19316913e-02
  4.85997833e-02  2.76651364e-02 -2.52225604e-02  6.82694167e-02
  1.43986791e-02 -1.35081500e-01  4.66822833e-02 -2.95347925e-02
  5.40122800e-02 -5.48784155e-03  1.82565879e-02 -1.32766133e-02
  5.83335683e-02 -2.53000725e-02  4.98607233e-02  5.14356233e-02
 -3.02327797e-02  2.43254341e-02  4.22136262e-02 -3.29788551e-02
 -1.48662841e-02  3.31200995e-02 -3.70255299e-02 -5.80637045e-02
 -6.45719171e-02 -1.02127060e-01  3.72636877e-02 -1.85106825e-02
 -2.24159993e-02 -2.07890235e-02 -4.79742773e-02  6.01774566e-02
 -7.06737563e-02 -2.53671072e-02 -1.97168775e-02  4.52816300e-02
  4.88766991e-02 -5.43504693e-02 -8.78975317e-02  4.94050905e-02
 -2.78967414e-02 -3.53390127e-02  4.01399583e-02 -4.53352667e-02
 -8.32184032e-02 -1.23612639e-02  2.51551103e-02 -5.91396093e-02
 -2.19186340e-02  1.38205076e-02 -3.50301154e-02 -2.56767217e-02
 -2.24961508e-02  6.41297176e-02 -3.78171797e-03  9.67686065e-03
  9.47698802e-02 -1.01820365e-01  1.20372185e-03 -2.76100915e-03
 -3.03317104e-02  9.09358487e-02 -8.19048006e-03 -3.15789670e-08
  1.14256203e-01 -5.05655855e-02 -5.16646635e-03 -4.66328263e-02
  1.78379193e-02  3.75073738e-02  3.32361832e-02 -1.82869490e-02
  9.15490985e-02  7.03475922e-02 -7.63030797e-02  9.49875340e-02
  3.72416116e-02 -7.33314902e-02 -9.16594788e-02  9.37061235e-02
 -2.55050268e-02 -8.51058215e-03  3.24968435e-02  3.19683515e-02
 -1.32523198e-02 -3.34053226e-02  6.88773999e-03 -1.52203562e-02
  5.26888706e-02 -3.29786092e-02 -3.47768888e-02  3.24145369e-02
 -3.49959396e-02 -4.24263021e-03 -6.21683635e-02  1.52520684e-03
 -2.47940589e-02  6.65528327e-02  3.31402221e-03  5.89104667e-02
  1.67812295e-02  6.95929974e-02  4.94704209e-02 -8.00772663e-03
  6.51632026e-02 -3.66885476e-02 -1.92547459e-02 -8.18076432e-02
  4.48536463e-02 -6.30064011e-02 -7.03235194e-02  6.41023973e-03
  8.31676871e-02 -1.21165536e-01 -2.81238016e-02  2.61902269e-02
 -9.10073426e-03  1.37903215e-02 -5.27941734e-02 -4.73611988e-02
 -7.59443268e-03  3.72600332e-02  2.17570104e-02 -1.57302283e-02
  6.42131045e-02  5.50588854e-02 -5.94488233e-02  3.08747031e-02]"
How does Yellow Fever affect the liver?,"The ""yellow"" in Yellow Fever refers to the jaundice that occurs when the virus causes liver damage, leading to yellowing of the skin and eyes.","The virus can cause liver damage, resulting in jaundice, which gives the skin and eyes a yellow tint.","How does Yellow Fever affect the liver? The ""yellow"" in Yellow Fever refers to the jaundice that occurs when the virus causes liver damage, leading to yellowing of the skin and eyes.","[ 3.80229019e-02  1.12441406e-02  5.31867668e-02 -1.84610933e-02
  5.30852042e-02  5.64757064e-02  3.03869788e-02  3.21081616e-02
 -6.20985925e-02  5.92246540e-02 -8.95395353e-02 -5.85680306e-02
  7.67774135e-02  3.80933546e-02 -7.09589384e-03 -4.00387775e-03
 -2.95760930e-02 -2.14952733e-02 -4.35676873e-02 -4.53178361e-02
  7.95619417e-06 -3.44394073e-02 -3.31422426e-02 -5.71802296e-02
 -4.08315733e-02 -1.15005942e-02  7.94572309e-02  3.71332876e-02
 -1.61774699e-02 -1.66738108e-02 -8.23101327e-02  4.42675501e-02
 -2.36678449e-03 -7.39014074e-02 -3.61355022e-02 -6.25415146e-02
  1.34652201e-02  5.53178824e-02 -1.18091896e-01  8.79938379e-02
 -2.07218900e-02  1.14290603e-01  3.37162465e-02 -2.34568608e-03
  1.08507099e-02 -2.99368054e-02 -5.07076904e-02  5.24579212e-02
  3.88909876e-02 -3.77863683e-02 -6.85012639e-02 -9.53819156e-02
  3.61485295e-02  6.87366910e-03  1.63888764e-02  3.64356376e-02
 -4.40470725e-02 -9.97512937e-02 -7.83788692e-03 -6.80811564e-03
 -9.81294960e-02 -6.04517795e-02  8.35495144e-02 -3.65781747e-02
  4.85113226e-02 -6.14986457e-02  4.30309027e-02 -2.80831773e-02
 -3.08923218e-02 -1.06617421e-01 -3.75568564e-03 -5.13772592e-02
  2.97881872e-03  3.45685929e-02 -5.88759445e-02 -1.24577191e-02
  2.19413843e-02  3.29156965e-02  6.72733486e-02  3.00302226e-02
 -4.54024896e-02 -6.76772231e-03  6.89988509e-02 -5.43825813e-02
 -4.82476316e-02 -2.05928236e-02 -7.85700008e-02  2.44315825e-02
 -4.09803577e-02  1.05337307e-01  1.83184370e-02 -2.34277528e-02
  6.80511445e-02 -2.84683257e-02 -8.41859579e-02  2.06643697e-02
 -3.36274765e-02  6.65595336e-03 -3.86008099e-02 -3.52540426e-02
  3.44262384e-02 -3.13332118e-02 -4.23093326e-02  2.36924551e-02
  4.06625457e-02  6.54859561e-03  1.70432664e-02  4.53134589e-02
 -3.29017639e-02 -6.42274097e-02  3.22747156e-02  1.52479140e-02
  5.88056594e-02 -5.90541027e-02 -4.66639176e-02  1.04214706e-01
  1.88616607e-02 -1.90014113e-02 -2.43527852e-02  5.04065268e-02
  7.04460889e-02  1.95788667e-02  3.26861106e-02 -1.73034221e-02
  7.88484141e-03  4.35717292e-02  7.84409866e-02 -3.88837662e-33
  5.82829379e-02  4.66484912e-02 -1.61433592e-02  3.86593416e-02
  5.39648384e-02 -8.74903426e-02  1.51987281e-02  8.51837918e-02
  1.49592180e-02 -1.47408575e-01  6.12067878e-02  2.03367509e-02
  1.45148467e-02  5.90054840e-02 -6.91859424e-02  7.66305476e-02
  4.36473452e-02 -2.61237733e-02 -7.58713931e-02  4.06594835e-02
 -6.44065440e-02 -4.08494473e-02  3.68129052e-02  6.47957027e-02
  4.74764779e-02  7.61210453e-03 -6.88149557e-02  4.74842414e-02
 -1.98748782e-02 -9.69732553e-03  3.43822315e-02  6.22961149e-02
  3.72623093e-02  5.62656000e-02 -3.08668073e-02  4.21836786e-02
  2.14207713e-02  2.90563740e-02 -8.38219523e-02  1.17234342e-01
 -3.24025303e-02 -2.74072513e-02 -3.33382115e-02  4.49094884e-02
  5.42388111e-02 -2.92946473e-02 -8.86553973e-02  8.42331648e-02
  1.83890108e-02  2.37129480e-02  2.61782408e-02 -1.89020354e-02
  2.95788664e-02  2.73817685e-02  3.74506451e-02  2.37277243e-02
  6.93821535e-02 -1.95616223e-02 -1.13430787e-02 -2.01634131e-02
  4.28277887e-02  1.68538233e-03  2.03160942e-02  9.20639485e-02
  2.14094594e-02 -3.92639339e-02 -5.73990010e-02 -3.28226350e-02
 -7.25633353e-02 -3.02264802e-02 -3.44274342e-02  1.65011752e-02
  2.74608172e-02  3.63588966e-02 -2.59600002e-02 -7.64782727e-03
  1.19867772e-02 -1.49383724e-01 -2.23642737e-02 -6.72046617e-02
 -5.29342256e-02  4.92465915e-03  1.04534373e-01 -6.74691843e-03
 -1.53492158e-02 -2.06876453e-02  4.91272286e-03 -3.28737590e-03
 -6.24782480e-02 -9.05683786e-02  2.01144964e-02  6.92972168e-02
 -8.70871618e-02  7.47279748e-02  1.78430136e-03  1.43380510e-33
 -3.65347937e-02  7.31808739e-03 -1.00818403e-01  1.49416664e-04
 -4.65101935e-02  1.62056554e-02  4.79714796e-02  5.56515949e-03
  8.02115276e-02 -5.73804379e-02  2.00191308e-02 -4.71516065e-02
 -8.14981386e-02  2.30416693e-02  1.19684730e-02 -4.90587912e-02
  8.23645815e-02  1.43438980e-01 -6.30379692e-02  2.40085814e-02
 -1.17786214e-01 -4.38273326e-02  1.73111062e-03 -7.69602731e-02
  2.13067811e-02 -1.76998861e-02 -2.96181627e-02 -8.96216631e-02
 -5.74061312e-02  3.68608199e-02  1.85970943e-02  2.24429760e-02
 -1.28696738e-02  3.04683186e-02  3.15866806e-02  8.00705254e-02
 -1.09672062e-02 -1.03940561e-01  3.61534879e-02  1.48787966e-03
  1.25676673e-02  2.48208060e-03  1.55029781e-02 -2.43131388e-02
  2.19080560e-02  2.01002769e-02 -5.06306887e-02  1.04060173e-02
  5.53488324e-04 -2.38667373e-02  5.85865565e-02 -6.37366762e-03
  3.32618132e-02  8.67248476e-02 -6.40807822e-02 -3.94573212e-02
 -3.64018455e-02 -1.01335486e-02  5.72386645e-02  2.26317253e-03
 -4.83135507e-02  2.07242928e-02 -4.66217436e-02  6.24439791e-02
  9.12442687e-04 -3.60089238e-03  4.82335512e-04  6.84875250e-02
  7.88966417e-02 -7.49414265e-02 -2.23654471e-02 -3.31620723e-02
 -1.89530551e-02  7.25686103e-02 -1.31574729e-02 -4.61617000e-02
 -2.65938006e-02  6.52803928e-02  2.30871909e-03  3.40781398e-02
  1.48056885e-02  4.79768068e-02  7.56784454e-02 -8.93556140e-03
 -5.11765201e-03 -1.70706715e-02 -4.62735370e-02  2.17929743e-02
  7.93293640e-02 -4.57468964e-02 -2.44703609e-02  2.45044641e-02
 -7.36020058e-02 -3.61259468e-02 -1.51966643e-02 -2.62823399e-08
  9.20596346e-02 -1.05442986e-01 -1.93487238e-02  4.28710692e-02
 -3.01120635e-02 -2.21726093e-02  3.79522517e-02 -4.70604785e-02
  4.73327786e-02  6.59361631e-02 -4.91456240e-02  1.85725823e-01
 -7.06443982e-03 -4.46622968e-02 -8.99493881e-03  1.11468375e-01
 -6.98095039e-02  8.48604646e-03  1.17211733e-02  3.82448547e-02
 -3.58645245e-02 -6.07508793e-02  3.24350856e-02  5.70954978e-02
  1.22115333e-02 -7.07546324e-02 -3.01848892e-02  7.80874640e-02
  1.38578573e-02  6.23915158e-03 -7.39348233e-02 -4.10864828e-04
  3.30770761e-02  1.70907211e-02 -2.18852945e-02 -4.72956803e-03
  3.57686467e-02  2.99626477e-02  3.62243913e-02  1.63075682e-02
  2.05854420e-02 -4.95859683e-02 -3.70106064e-02 -1.07060820e-01
  9.57881752e-03 -9.57635045e-02 -5.14550461e-03  1.08263604e-02
  5.23626953e-02 -4.43603396e-02 -4.87087704e-02  2.19470467e-02
 -3.24071897e-03  3.99776846e-02 -5.71559034e-02 -1.06563956e-01
  4.16468121e-02  4.16752473e-02  3.25010493e-02 -5.98915890e-02
  4.58400697e-02  9.04067531e-02 -4.73301625e-03  1.15431789e-02]"
What mosquito species spread Yellow Fever?,"The Aedes aegypti mosquito is the primary species that transmits Yellow Fever, especially in urban and semi-urban areas.",Aedes aegypti mosquitoes are the main vectors of Yellow Fever in urban areas.,"What mosquito species spread Yellow Fever? The Aedes aegypti mosquito is the primary species that transmits Yellow Fever, especially in urban and semi-urban areas.","[ 1.61369704e-02  6.42100722e-02  1.24401087e-02 -2.64463630e-02
  1.14448443e-01  1.36568705e-02  3.99210490e-02 -6.12053797e-02
  2.24766582e-02  8.35224912e-02  7.11072749e-03 -1.15705788e-01
 -4.99225571e-04  4.70837690e-02  2.52298545e-02  1.57583156e-04
 -3.96861695e-02 -4.97011691e-02 -2.57822573e-02 -4.82406951e-02
 -3.29122716e-03  8.09762031e-02  6.84054866e-02 -4.27039107e-03
 -1.46367982e-01 -2.39366218e-02  4.30814922e-02 -6.30890718e-04
  1.62852164e-02 -2.24867482e-02  7.43691344e-03  3.33165750e-02
 -5.18883951e-02 -2.80395579e-02 -2.33658645e-02 -9.29224305e-03
 -2.54872032e-02 -4.52259257e-02 -3.69666815e-02  1.37961224e-01
  6.09587766e-02  5.91950715e-02  6.92555904e-02 -7.23441392e-02
 -3.60074937e-02 -1.69790294e-02 -4.29560840e-02  8.46653804e-02
  8.76496509e-02 -1.10776588e-01  6.04537278e-02 -9.34428871e-02
 -6.43270975e-03  1.08824342e-01 -2.20012479e-02  1.66468881e-02
 -1.18453309e-01 -1.07505143e-01 -1.15250871e-02  3.10543980e-02
  1.24742398e-02  7.30223060e-02 -8.89264699e-03  3.44275981e-02
 -8.74002948e-02  1.73843410e-02 -5.85612794e-03  4.10003923e-02
  1.96331423e-02 -6.57219589e-02  5.32580493e-03 -6.98318239e-03
 -6.30019233e-02  1.31078452e-01  2.77174227e-02 -8.31080973e-03
  1.02639087e-01  2.28514727e-02 -7.04429392e-03 -4.84153889e-02
 -5.90356365e-02 -3.80864553e-02  1.17285311e-01 -2.96724681e-02
  8.21714625e-02 -2.82269213e-02 -1.38692572e-04  8.72374475e-02
  3.55778709e-02  7.74133801e-02  6.39822856e-02  3.20501858e-03
  4.85592522e-02 -2.03112401e-02 -5.96096516e-02  7.32552772e-03
  5.93162626e-02 -2.15999819e-02 -2.99911294e-03  1.43971741e-02
 -6.31868988e-02 -1.31803453e-01 -3.61134559e-02  8.06294847e-03
  8.30580108e-03 -3.89283299e-02  2.55227126e-02 -4.54546511e-02
 -7.20006367e-03 -4.79653738e-02 -1.89793278e-02  1.48699451e-02
  6.92813247e-02 -4.52748463e-02 -1.23750176e-02 -1.13900110e-01
 -3.06896959e-02  6.23165816e-03 -7.64401746e-04  3.40606757e-02
  2.39722375e-02 -8.66954029e-03 -6.24035373e-02 -7.21083581e-03
  3.49927781e-04  6.05851896e-02 -4.90311570e-02 -8.32354050e-34
  1.40407952e-02 -1.13551579e-02  3.92165296e-02  2.11748257e-02
 -1.86676178e-02  4.40309616e-03 -2.28749439e-02  2.76252218e-02
 -1.38176233e-02 -1.61671907e-01 -2.54237354e-02 -3.71302441e-02
 -3.69219631e-02  1.21677145e-01  5.36039509e-02  8.10727179e-02
  3.61567885e-02 -1.93199681e-04 -4.19284254e-02  2.60089599e-02
 -4.89677116e-02  6.32717907e-02  4.32734601e-02 -3.94855589e-02
  2.29068547e-02  1.77529566e-02 -2.66262069e-02 -3.68614332e-03
  1.88737847e-02  3.29829380e-02  4.92937937e-02  1.64796058e-02
  1.12837180e-02  2.43958384e-02 -4.98925634e-02  1.08273543e-01
 -7.11398385e-03 -3.91270481e-02 -3.44464816e-02  6.99746162e-02
 -2.65928265e-02 -9.32235178e-03 -5.90547733e-02  5.32707311e-02
  6.84268475e-02  1.80736110e-02 -3.31507251e-02  1.45653239e-03
  6.75779656e-02 -4.39127684e-02 -9.93230846e-03  2.12403201e-02
 -2.37747524e-02 -8.46982282e-03 -2.66115312e-02  5.79868332e-02
  5.62860109e-02 -1.22448774e-02  3.31188068e-02 -2.63417084e-02
 -5.34075312e-02  2.10019667e-02  3.48183699e-02 -4.47981358e-02
  1.23835772e-01 -5.98129630e-02  2.28750985e-02 -4.50375378e-02
 -8.47000778e-02 -3.54931019e-02  5.46132959e-03  4.87258360e-02
  2.99168508e-02 -2.40087155e-02  2.29633763e-03  1.90089631e-04
  9.01620649e-03 -1.27567247e-01  3.21270176e-03 -2.40360107e-02
 -7.34450296e-02 -2.03544348e-02  1.37474433e-01  3.46300192e-02
 -2.54192669e-02 -4.50572968e-02 -2.61692759e-02  3.33984792e-02
 -1.95129309e-02  1.17795803e-02  8.32862686e-03  3.50811891e-02
 -2.84216031e-02  3.25196534e-02 -6.88976492e-04  5.81190236e-35
  4.63860482e-03  2.51628272e-02 -8.74398276e-02 -6.15108013e-03
 -4.05752026e-02  7.74258226e-02  5.12088276e-02  3.25276218e-02
  1.00989221e-02  1.62853915e-02 -2.53009726e-03 -2.78738085e-02
  3.61470436e-03 -3.15490998e-02  3.80626880e-03 -1.56611800e-02
  5.35236411e-02  1.36054456e-01 -3.26570531e-04 -2.64017433e-02
 -6.76532909e-02 -4.18822356e-02  5.81095330e-02 -1.05286799e-01
 -5.97612374e-03 -1.17317876e-02 -6.87505752e-02  8.50562900e-02
 -5.09076826e-02 -9.85809416e-02  9.60080978e-03  2.61184461e-02
  2.44091079e-02 -3.49439420e-02 -2.49019526e-02  5.45100272e-02
  2.94076540e-02 -7.90359005e-02  5.79729788e-02  3.13042477e-02
  2.71690320e-02 -1.68976374e-02 -8.73519573e-03 -4.27268930e-02
  8.99931043e-03  6.71689287e-02 -1.82268508e-02  2.12172121e-02
 -2.13564653e-02 -4.25412208e-02  5.50284162e-02 -2.48255990e-02
 -2.24156361e-02  3.53616141e-02  6.76665921e-03 -5.91017231e-02
 -3.70864905e-02 -1.38187734e-02  1.36166140e-02 -6.90676048e-02
  6.16080081e-03 -6.55281171e-03 -2.23414078e-02  5.67426570e-02
  1.34255365e-02  1.86820235e-02  4.05498594e-02  6.56235963e-02
  1.13018258e-02 -3.39941382e-02 -2.80458722e-02 -9.22997482e-03
  6.58879895e-03 -4.57239188e-02 -2.12570950e-02 -1.95674095e-02
 -3.34592513e-03 -6.34888411e-02  8.37735310e-02  2.79334281e-02
  5.42772114e-02 -8.55098851e-03  3.69414240e-02 -3.11231688e-02
 -1.64978020e-02  3.26869115e-02  7.74380984e-03 -6.56984970e-02
  4.75455746e-02  5.27229011e-02 -1.67905670e-02  4.71760035e-02
  2.76119411e-02  6.03777729e-03 -1.72836557e-02 -2.43492089e-08
  8.55310559e-02 -4.82951663e-02  7.82129541e-03  1.42767150e-02
  8.21290945e-04 -2.62064878e-02 -4.10579192e-03 -7.39336107e-03
  3.77202779e-02  4.25338186e-02 -4.47209030e-02  1.39159802e-02
  1.46213278e-01  3.14680040e-02  2.95087770e-02  4.60836291e-03
 -1.82184651e-02 -1.06059097e-01  6.44691347e-04 -4.43141349e-02
 -3.42904218e-02  1.62879992e-02 -1.18067442e-02  3.49411182e-02
  6.69063115e-03 -6.85736462e-02 -4.26430292e-02 -8.07347521e-03
  8.24300796e-02 -1.43612158e-02 -1.62518159e-01  1.93756185e-02
  1.59415584e-02  4.07620966e-02  7.63927028e-03  5.77791855e-02
 -4.67490125e-03  1.33909313e-02  5.33358790e-02 -4.71601449e-03
  4.54787947e-02 -2.11850312e-02  5.74841350e-02 -2.83129718e-02
  4.13658842e-02 -9.17188078e-02  2.92345639e-02  2.15153061e-02
  3.31367999e-02 -1.15876019e-01  1.22689269e-02 -7.98967574e-03
  9.30256583e-03  4.17175842e-03 -1.42902493e-01 -1.35829031e-01
 -1.05231255e-01 -1.39306169e-02  2.74886042e-02 -3.58944274e-02
 -2.55962159e-03 -2.92537697e-02 -5.31565212e-02  1.04817979e-01]"
Are there any travel restrictions related to Yellow Fever?,Many countries require proof of vaccination for Yellow Fever if travelers are coming from or have transited through an endemic area.,Proof of vaccination may be required for travel to or from regions where Yellow Fever is present.,Are there any travel restrictions related to Yellow Fever? Many countries require proof of vaccination for Yellow Fever if travelers are coming from or have transited through an endemic area.,"[ 5.81275411e-02  1.22451186e-02 -3.37474584e-03 -2.86943577e-02
  1.01259001e-01  4.56340015e-02  4.56005409e-02 -4.40741442e-02
 -4.99151051e-02  4.80829850e-02  2.78720334e-02 -3.84304710e-02
  1.80605706e-02  1.77402288e-01  4.61385325e-02 -4.20017764e-02
  1.44833772e-04 -4.85842451e-02 -5.11665419e-02 -3.14951017e-02
  7.96105433e-03 -2.33591534e-02 -1.32516911e-02  9.06368811e-03
 -1.05560094e-01 -4.81258966e-02  1.95645839e-02 -8.47973788e-05
 -2.27965284e-05  4.21379730e-02 -8.18583891e-02 -5.95038291e-03
 -1.16189614e-01 -4.03460301e-02  2.94182096e-02 -2.70107351e-02
  2.67012529e-02 -3.35925110e-02 -3.03572696e-02  9.91005823e-02
  1.78616885e-02  3.07042096e-02  8.38969648e-02 -8.34687334e-03
  3.40033509e-02  5.76954102e-04 -3.22609842e-02 -6.35619462e-03
 -1.23530151e-02 -3.35565135e-02  2.68941503e-02 -4.85725217e-02
  2.40921061e-02  3.45507786e-02 -2.47773412e-03 -5.05960174e-02
 -7.20115285e-03 -8.01627189e-02 -4.01132032e-02  3.74033265e-02
 -3.75363678e-02 -2.74089985e-02 -3.22345980e-02 -2.20481660e-02
 -4.98833023e-02  1.68283358e-02 -9.85772759e-02  1.75099690e-02
  5.02055772e-02 -2.17317473e-02 -1.99798923e-02  1.94598157e-02
 -3.84276323e-02  1.15395442e-01  1.94607750e-02 -5.06417302e-04
  1.47558935e-02  5.88270798e-02  2.50346735e-02 -6.48064315e-02
 -4.95002791e-03 -2.44428534e-02  6.84865788e-02 -6.80698603e-02
  6.44409880e-02 -2.99261715e-02 -4.24098559e-02  1.70894470e-02
 -1.41919954e-02 -1.92160271e-02  8.77399668e-02 -1.59484092e-02
  1.08421564e-01 -9.90314595e-03 -5.17797954e-02 -3.05519253e-02
  3.98349715e-03 -7.59914867e-04 -5.68614341e-03 -1.53867425e-02
 -4.30731452e-04 -1.36734843e-01  2.51525417e-02  5.53161763e-02
  1.11661609e-02  2.58475486e-02  1.81527436e-02 -3.82962041e-02
 -2.70719826e-02  3.38602215e-02  5.21358894e-03  9.77624729e-02
  1.28937736e-01 -6.93425611e-02 -5.22303656e-02  1.77867450e-02
 -7.14683440e-03 -5.46660572e-02  1.18920989e-02  4.68387874e-03
  2.20957194e-02 -9.57612693e-02  1.90584436e-02 -7.80023187e-02
  1.47388335e-02  4.11072634e-02  6.83087707e-02  5.44696440e-34
  2.02865489e-02  3.80014032e-02  3.13128904e-02  5.04043400e-02
  3.58798332e-03  9.41338440e-05 -7.69747347e-02 -3.08098365e-02
  3.40247825e-02 -1.79627761e-01  4.92177904e-02 -1.07918754e-02
 -1.37513280e-02  3.53759900e-02  5.09981252e-02  1.16750129e-01
  1.08771682e-01 -3.04830354e-02  5.67139999e-04  6.33849055e-02
 -9.56993550e-03 -1.19843550e-01  2.65482664e-02  7.24281743e-02
  3.29123400e-02  4.38152514e-02 -5.41054793e-02 -3.84711511e-02
  5.17769307e-02  8.50981940e-03 -3.59754078e-02  7.09168315e-02
  4.30285595e-02  2.95918388e-03 -3.97598669e-02  6.27387464e-02
  1.48258964e-02 -3.07108834e-02 -6.93136873e-03  8.10266063e-02
 -5.39237913e-03 -2.75261626e-02 -5.24369106e-02  8.46489444e-02
  3.54752839e-02 -2.22284417e-03 -3.10007520e-02 -8.57173000e-03
 -7.91665539e-03  3.19112651e-02 -7.12952390e-02 -2.33402625e-02
 -5.30061722e-02 -1.04003780e-01  4.71092016e-02 -1.96526404e-02
  1.51005639e-02  2.09579896e-02  7.04445839e-02 -1.96665097e-02
  9.96860326e-04  1.56477876e-02  5.30275963e-02 -8.37660395e-03
  6.21355884e-02 -4.83919354e-03  9.01010295e-04 -3.32894176e-02
 -5.78225292e-02 -5.54203279e-02 -2.60655358e-02  6.26992295e-03
 -5.18253446e-02  6.77126786e-03 -1.98902562e-02 -5.63267693e-02
  2.74685584e-02 -1.16048604e-01  3.40107419e-02 -5.93743660e-02
 -4.31343615e-02 -7.19496561e-03  7.43250549e-02  6.48078918e-02
 -4.64949161e-02 -6.47586212e-02 -5.69098145e-02  6.86765835e-02
 -7.91237652e-02 -1.11724004e-01  2.33037006e-02  5.47738858e-02
 -1.91891156e-02  3.17289755e-02  1.31113909e-03 -2.55452169e-33
  2.83480696e-02  4.93618734e-02 -5.50323687e-02 -5.91396242e-02
 -1.81730017e-02  6.89216778e-02  1.10878445e-01 -2.76091564e-02
  2.87355185e-02 -7.47482060e-03 -4.67186123e-02 -6.19979203e-02
  5.18741123e-02  1.10923471e-02 -4.11628820e-02 -1.79404281e-02
  1.16784591e-03  1.52677387e-01 -4.54586707e-02  3.11662704e-02
 -1.09815791e-01 -5.51400259e-02  1.52946496e-02 -5.39767556e-02
  2.30896864e-02  3.76162976e-02 -1.13010101e-01 -1.73930265e-02
 -8.25561881e-02 -6.13056421e-02 -2.01304387e-02  1.98802780e-02
  5.71305864e-03  1.47747118e-02 -4.79867272e-02  1.39633501e-02
  5.25014289e-02  1.76813081e-02  4.65422049e-02  6.02755733e-02
 -1.22404378e-02 -1.02651753e-02  4.14467491e-02  1.61876194e-02
 -3.76146883e-02  6.65440708e-02  4.63196971e-02  4.58049513e-02
  2.89366618e-02 -2.09630933e-02  6.64927438e-02  1.89220086e-02
 -1.31069804e-02  4.79544215e-02 -4.72054482e-02 -2.91034132e-02
 -7.96328038e-02 -5.91632910e-02  4.73647416e-02 -5.17438091e-02
 -4.85448819e-03 -4.71686125e-02 -5.65068051e-02 -6.30184496e-03
  2.68547200e-02  1.70767196e-02  1.11639472e-02  1.38062462e-01
  5.82342222e-02 -7.50871375e-02 -4.67321724e-02 -3.66687849e-02
  1.54131996e-02  1.49582960e-02  9.52144153e-03 -3.95029262e-02
  3.17342281e-02  4.12500240e-02 -6.73956284e-03  4.41690013e-02
  4.83467570e-03  4.28834232e-03  2.23088041e-02 -4.56241630e-02
  5.96450828e-02  2.37447349e-03 -3.79734393e-03 -1.46582097e-01
  3.47570553e-02 -1.60640422e-02 -4.65324782e-02  3.28252055e-02
 -3.24552171e-02 -2.72509493e-02 -5.68946451e-02 -2.57431232e-08
  1.22775100e-01 -3.45911421e-02  3.06167137e-02 -1.22124562e-02
  2.44373106e-03  3.21270972e-02  1.11686699e-02 -7.42270872e-02
  6.11048266e-02  1.57258570e-01 -2.43515540e-02  8.35975409e-02
  3.94479446e-02 -1.92864742e-02 -3.19238566e-02  7.80237988e-02
 -3.13679390e-02 -1.16852941e-02 -2.83392146e-02  4.75694649e-02
 -6.40446320e-02 -1.14231911e-02 -2.82245222e-02  4.58887070e-02
  4.44328748e-02 -4.40314412e-02 -6.62115440e-02 -3.98771167e-02
  8.97466093e-02 -5.03744185e-02 -1.11062065e-01 -1.56890862e-02
  3.34024839e-02  1.72174722e-02 -1.98668074e-02 -1.76852371e-03
  5.63016534e-02  2.93994248e-02 -1.87217332e-02 -6.33794442e-02
  5.88804148e-02 -1.86254773e-02  1.62435751e-02  1.63928252e-02
  2.23319642e-02 -9.28884968e-02 -4.86558713e-02 -1.78241245e-02
  1.06101232e-02 -2.71927603e-02 -1.04702152e-01 -2.15756763e-02
  3.06015462e-02  1.58825666e-02 -9.26641896e-02 -3.75602320e-02
 -4.02053595e-02  6.96148677e-03  3.28347944e-02 -9.09457821e-03
  1.49726430e-02 -2.82521080e-03 -5.97418193e-03  2.35940330e-02]"
What public health measures reduce Yellow Fever transmission?,"Public health measures include vaccination, reducing mosquito populations, and educating the public on the use of insect repellent and protective clothing.","Vaccination, mosquito control, and personal protective measures are key public health strategies.","What public health measures reduce Yellow Fever transmission? Public health measures include vaccination, reducing mosquito populations, and educating the public on the use of insect repellent and protective clothing.","[ 1.75386928e-02  1.24391928e-01  8.41802880e-02  1.37115410e-02
  1.10101402e-01  7.02288225e-02  8.14391226e-02 -5.18311411e-02
 -2.71802768e-02  8.17445144e-02  1.36297522e-03 -6.97729066e-02
  3.92460683e-03  3.52901854e-02  2.97768395e-02 -2.92505808e-02
  1.17540285e-02  7.31233582e-02 -4.59665023e-02 -7.30947591e-03
 -1.72866918e-02  4.16042134e-02  6.00663647e-02  4.99036647e-02
 -1.47189513e-01 -1.76998805e-02 -5.86793292e-03 -7.86469206e-02
 -5.03934287e-02 -1.94386914e-02  1.56103102e-02  4.50494792e-03
 -3.13014425e-02 -2.98579223e-02 -5.71173579e-02 -8.67148116e-03
  6.23725541e-02 -5.19280694e-02 -8.03075731e-02  1.00608170e-01
  2.55839918e-02  2.93903742e-02  2.38324944e-02 -4.15557027e-02
 -1.01785399e-02  5.29657044e-02 -6.48864219e-03  3.06516811e-02
 -8.48222896e-03 -1.21532358e-01  3.32098082e-02 -4.16466966e-02
 -1.43040251e-02  5.41917719e-02  1.97872799e-02 -4.81341705e-02
 -7.88875446e-02 -9.83405635e-02 -2.35853586e-02  9.58558172e-03
 -7.96131603e-03 -1.62518024e-02 -2.03213636e-02  1.99777354e-02
  1.81149300e-02 -2.86498852e-02 -5.81959309e-03  3.60086523e-02
  3.50362211e-02 -6.59579635e-02  1.30975461e-02  4.07426916e-02
 -1.06109763e-02  8.27920958e-02  2.83078589e-02  2.96637695e-03
 -2.07928219e-03  4.38144729e-02  5.87420687e-02 -9.09703039e-03
 -2.97288001e-02 -4.06025387e-02  1.02651559e-01  4.32460755e-02
  8.13207328e-02  1.23405727e-02 -4.16539749e-03 -1.91806033e-02
 -5.87418675e-02 -4.85611847e-03 -4.17029625e-03  2.10882928e-02
  6.86643273e-02  2.80198753e-02 -1.33172825e-01  3.71676348e-02
 -1.63357593e-02 -2.68779714e-02  7.57909566e-03  4.57814708e-02
 -5.72491288e-02 -9.04210061e-02 -4.57180105e-02  2.31377929e-02
  2.90209916e-03 -2.58590113e-02  3.01754829e-02 -3.28898132e-02
 -1.40786190e-02  3.45008448e-02  9.09069926e-03  1.34997219e-02
  5.27437851e-02 -1.71097815e-02 -1.51642831e-02 -3.01531479e-02
  1.82416383e-02 -4.11739573e-03  5.88804390e-03 -2.31037568e-03
  6.69350326e-02 -8.11144263e-02 -4.38871002e-03 -2.42699143e-02
  5.69190234e-02  7.04179332e-02  3.17180790e-02  1.74119935e-33
 -2.05265023e-02  4.65781912e-02  1.06068626e-01  2.23845709e-02
  1.58767612e-03  4.83195623e-03 -4.73479591e-02 -3.54387015e-02
  1.07308440e-01 -1.10746585e-01  5.68553098e-02  1.54587561e-02
  7.92967901e-03  1.10328056e-01  2.74661668e-02 -2.39025219e-03
  1.24026826e-02  2.10830867e-02 -2.19268259e-02  4.18604724e-02
 -4.59819660e-02 -6.45955056e-02  2.72076055e-02  3.56214531e-02
  7.68977776e-02 -9.04498273e-04 -3.56371403e-02 -1.21454727e-02
  1.60819273e-02  4.48907679e-03  6.23307638e-02  6.61788955e-02
  1.06078740e-04  1.63681526e-02 -5.50573654e-02 -1.24224077e-03
 -6.78802826e-05 -1.33771414e-03 -5.86651526e-02  1.28541980e-02
 -4.98238094e-02 -1.02732908e-02 -3.18542123e-02  7.33336508e-02
  7.95465186e-02 -1.46343093e-03 -2.00360306e-02  4.37743776e-02
  3.85218416e-03 -5.06418273e-02  3.84161696e-02  2.57874392e-02
 -1.88110908e-03 -7.93914497e-02  1.01147471e-02  2.71123592e-02
  8.21239650e-02 -1.95918586e-02 -2.70300582e-02 -5.78407086e-02
  3.67871905e-03 -1.24086696e-03  3.84985618e-02 -3.18716690e-02
  9.40165669e-02 -6.33399338e-02  2.78170351e-02 -8.07899982e-02
 -9.78171080e-03 -9.32961628e-02  4.93062427e-03  3.96077409e-02
 -4.17007953e-02  1.32307345e-02 -5.13556525e-02 -3.78814377e-02
 -3.74784041e-03 -1.12759963e-01  2.03629546e-02 -2.30618697e-02
 -2.61288937e-02 -1.68555919e-02  1.08624756e-01  1.63155682e-02
  3.63544598e-02 -4.39655930e-02  1.87751111e-02  1.02076709e-01
 -4.93353419e-03 -8.27279910e-02  1.07766408e-02  4.88806590e-02
 -2.76180655e-02  7.03909174e-02 -1.10244993e-02 -1.38381812e-33
  2.39028502e-03  6.42803833e-02 -1.10286854e-01  2.54083257e-02
 -3.09674516e-02 -7.22928019e-03  5.81550486e-02 -7.87376836e-02
  3.48611288e-02  2.16072705e-02  1.27806822e-02 -5.25524989e-02
 -7.60692824e-03  1.84423644e-02 -1.08771084e-04  4.09818487e-03
  4.54944707e-02  5.29065505e-02 -1.15260504e-01  1.12034976e-02
 -1.13076508e-01 -1.42169250e-02  2.16981731e-02 -2.45202221e-02
 -6.41924292e-02  8.95696692e-03 -1.00020789e-01  5.62653597e-03
  2.09399201e-02 -8.18052962e-02 -4.48421314e-02  5.51646948e-03
  1.71277374e-02 -1.20454002e-02  9.42661986e-03  1.75446877e-03
  9.37554836e-02 -2.71959491e-02  3.28745949e-03  3.73401046e-02
  5.99772185e-02 -1.72807686e-02 -1.73010211e-02 -6.95400387e-02
  2.22652871e-03  1.06265180e-01 -5.38699552e-02  3.34352180e-02
 -6.87943324e-02  3.32788564e-02  7.37120807e-02 -1.44628221e-02
 -6.96196407e-02  5.69205098e-02 -1.51772061e-02 -6.75676093e-02
 -4.98947836e-02 -1.16292238e-01 -9.69674904e-03 -5.41460095e-03
 -2.59707328e-02 -9.69519373e-04 -8.14399421e-02  1.07102424e-01
  3.78802652e-03  1.89008808e-03  3.20442505e-02  1.16999470e-01
  4.82226685e-02 -8.50333646e-02 -2.87925731e-02  4.06792434e-03
  6.36546090e-02 -8.63012746e-02 -3.44910026e-02 -3.91967483e-02
 -1.44644761e-02  1.57508049e-02  2.52560209e-02  1.16499387e-01
  1.33302845e-02 -4.02039886e-02 -4.12859321e-02 -1.12440884e-01
 -1.87425744e-02  3.83837298e-02 -1.97239197e-03 -9.84672159e-02
 -1.18894260e-02  4.23233546e-02 -6.73577785e-02  4.11382550e-03
 -1.09086353e-02  4.29261662e-02 -8.48294050e-03 -2.84808639e-08
  9.73675847e-02 -9.21653509e-02  3.56893167e-02  3.58130620e-03
  2.95855151e-03 -2.49909330e-02 -7.16566071e-02  7.29863718e-03
  5.38189374e-02  5.42297550e-02 -4.14951332e-02  8.50993767e-02
  1.06692195e-01  6.26550391e-02  5.08827791e-02 -2.83806887e-03
 -1.58392899e-02 -4.70590144e-02 -5.67971803e-02 -2.96900291e-02
 -2.44037751e-02  1.68959959e-03 -1.23727238e-02  6.78139925e-02
  4.01723869e-02 -4.60240543e-02  4.60558124e-02 -1.33811403e-02
  5.39420173e-02 -1.11582987e-02 -9.04069990e-02  1.61048770e-02
  2.85420865e-02  5.69898821e-02 -1.69265121e-02  5.40952459e-02
  5.69081381e-02  6.05200157e-02  6.09429255e-02  5.76923825e-02
  2.93833334e-02 -5.55197708e-03 -5.41624017e-02 -8.52268562e-03
  5.41381985e-02 -1.02817357e-01  1.03230216e-02  4.85628545e-02
  3.26899975e-03 -7.97109306e-02  9.13229492e-03 -1.16186747e-02
  3.17555889e-02  1.35764461e-02 -1.46820024e-01 -6.34343252e-02
 -1.43366978e-02  4.92230989e-02  4.92964359e-03 -5.41969314e-02
  5.69795817e-02 -4.35750671e-02 -1.10575400e-01  6.40408844e-02]"
How is the Yellow Fever vaccine produced?,"The vaccine is a live, weakened form of the virus and is produced in specialized laboratories due to its complexity.","The vaccine is a live, attenuated virus strain, manufactured under controlled conditions.","How is the Yellow Fever vaccine produced? The vaccine is a live, weakened form of the virus and is produced in specialized laboratories due to its complexity.","[-3.80062945e-02  3.70012969e-02 -5.84332272e-02 -1.68159213e-02
  6.72871917e-02  3.68807502e-02  5.27353259e-03  9.24785901e-03
 -5.71185490e-03  8.82659853e-02 -6.36879578e-02 -3.33960354e-02
  9.04854015e-02  2.34383270e-02 -7.04743266e-02 -2.54385639e-02
 -2.90834457e-02 -7.33471513e-02 -5.04927374e-02 -6.28818050e-02
 -6.90340763e-03  2.83112880e-02  5.51267248e-03  1.35622565e-02
 -5.96612878e-02  2.73482222e-03  1.12195918e-02  1.24844918e-02
  5.61750084e-02 -4.56323512e-02 -3.64657454e-02 -2.40172874e-02
 -2.53848452e-02 -8.79405141e-02 -8.95375572e-03 -9.01117548e-03
  3.51831205e-02 -1.18982913e-02 -1.05515867e-02  7.25547001e-02
  3.34668569e-02  7.02695400e-02  4.82003242e-02 -2.23401561e-02
  5.27577735e-02  7.82423615e-02 -7.00102821e-02  3.79302464e-02
  9.25087743e-03 -4.62595783e-02 -8.13061818e-02 -9.74498838e-02
  1.08316811e-02  2.26772483e-02 -2.97292862e-02 -1.77779254e-02
 -1.12705775e-01 -5.71481772e-02 -2.85709538e-02  6.32735938e-02
 -7.08594397e-02 -1.11030578e-03  1.62287690e-02  1.13017941e-02
  5.26576117e-02 -5.55122457e-02 -1.15369773e-02 -3.83086652e-02
  3.94701846e-02 -1.19124942e-01 -3.04410525e-04  5.11915982e-02
 -8.43438879e-02  1.28257602e-01 -1.45073207e-02 -1.25245964e-02
  9.65635180e-02  5.93147241e-02  5.49383722e-02  4.44261245e-02
  4.84217517e-02 -2.36682482e-02  9.14326345e-04  1.95198487e-02
  1.59044657e-02 -1.75321680e-02  4.62971441e-02  2.76702810e-02
  4.48678099e-02  2.64101084e-02 -2.29797848e-02  1.24268355e-02
  2.32802406e-02 -2.32165437e-02 -8.25220421e-02  3.89170386e-02
 -2.44558193e-02  6.09305799e-02  4.33474965e-02  9.04420484e-03
 -2.82574371e-02 -1.26442403e-01  9.65230691e-04 -8.36672410e-02
  9.46324132e-03 -1.77791081e-02 -2.21157297e-02  5.40603958e-02
  1.97486896e-02  3.68709788e-02  1.61244220e-03  6.58417940e-02
  4.83485796e-02 -3.34429443e-02  4.90049191e-04  1.00238048e-01
 -6.16276450e-02 -6.10607825e-02 -2.63656992e-02 -1.90438447e-03
  8.37553889e-02 -3.57769877e-02 -1.31668886e-02 -3.92914303e-02
 -2.12984085e-02  5.11390045e-02  1.05510920e-01 -4.61299322e-33
  1.24163842e-02  4.09401879e-02  5.09585626e-02  9.36053023e-02
 -8.83381292e-02  2.50648241e-03  1.57786291e-02  2.00302768e-02
 -6.15969161e-03 -1.33713514e-01  7.96174332e-02 -3.77652906e-02
 -1.83479413e-02  1.34760633e-01  2.30854750e-02  2.73614824e-02
  3.68156936e-03 -5.29298782e-02 -3.14286165e-02  8.48680362e-02
 -5.51092736e-02  1.04567282e-01  2.93297023e-02 -1.06293689e-02
  5.95262423e-02  7.87611306e-02 -4.75558043e-02  2.55757086e-02
 -4.68245894e-02 -1.24137709e-02  2.13594735e-02  6.57200366e-02
 -4.25501689e-02  7.07521616e-03 -2.46937331e-02 -3.85741517e-02
  4.44536656e-02 -2.48415787e-02 -8.04506999e-05  9.58067477e-02
  8.14376771e-03  2.68435199e-03 -2.28783414e-02  5.41171655e-02
  3.71279158e-02 -3.83338239e-03 -5.33503219e-02  2.59464364e-02
  6.71389773e-02 -3.91947068e-02  6.14777543e-02  1.22076795e-02
  5.19795977e-02 -3.65195759e-02  1.14136273e-02  2.90336050e-02
  1.36085534e-02 -2.38081627e-02  4.17524651e-02 -1.07841520e-02
  6.05631201e-03  2.25264095e-02 -1.04533648e-02  8.68398026e-02
 -4.71796608e-03  6.84644049e-03  4.08740761e-03 -5.88812009e-02
  7.32656121e-02 -4.31145914e-02  3.22733121e-03 -4.46744487e-02
 -4.43026423e-02 -8.61753300e-02  1.58038549e-02 -3.57938856e-02
 -4.10480844e-03 -9.67965573e-02  3.31076160e-02 -3.68242530e-04
 -2.62462348e-02  2.58053392e-02 -1.89612955e-02  6.51475862e-02
 -2.21959259e-02 -3.92668135e-02 -6.24627434e-02  2.94609498e-02
 -3.49966474e-02 -1.79073382e-02 -2.18643416e-02  2.11803317e-02
 -2.71231942e-02  3.07771545e-02  1.65650789e-02  2.15814298e-33
  2.24221237e-02  1.47433188e-02 -1.10016599e-01  2.66564488e-02
 -1.06057204e-01  4.53674272e-02 -3.94302905e-02 -3.42361815e-02
 -6.32336875e-03  3.16394567e-02 -6.42999783e-02 -7.65756071e-02
 -1.74399894e-02  7.41961449e-02 -4.59621213e-02 -4.91761342e-02
  3.25651630e-03  1.40643269e-01 -1.04209147e-01 -6.49474515e-03
 -2.76558902e-02 -6.40504388e-03  3.87698933e-02 -6.76814988e-02
  4.23681550e-02  4.14262637e-02 -3.00154500e-02  6.05382174e-02
  3.99547704e-02 -2.02880776e-03 -2.56313011e-02 -8.11969414e-02
  2.80975867e-02 -6.21913990e-04 -1.82089824e-02  6.90506399e-02
  5.55508882e-02 -7.99138620e-02  8.42753723e-02 -8.89782012e-02
 -2.52435775e-03  2.08245330e-02 -4.98182923e-02 -2.16609444e-02
  3.30757312e-02  4.82189842e-02  2.88524237e-02  3.31855305e-02
  1.06778610e-02  4.53842543e-02  7.08055273e-02 -2.15469059e-02
 -4.22593951e-03  1.78336147e-02 -9.06368196e-02 -9.06311199e-02
 -5.80401681e-02 -3.26552466e-02  1.69372633e-02 -1.29386717e-02
 -2.36802287e-02 -6.85739145e-02  7.37458048e-03  1.77553017e-02
  2.59953551e-02  7.77947903e-02  1.76012572e-02  1.38731405e-01
 -1.95671339e-02 -6.25330210e-02  5.66244731e-03  6.56333491e-02
  1.92848612e-02 -3.33049707e-02  1.80469621e-02  2.78953444e-02
 -5.04280291e-02 -1.85418166e-02  4.77428921e-02  2.82029975e-02
  5.35331704e-02 -5.97609058e-02  6.27444014e-02 -2.33699270e-02
  1.91259682e-02  6.18534386e-02  9.97710973e-03 -5.51639833e-02
  5.89257441e-02  4.44449224e-02 -1.26176318e-02 -9.94772557e-03
 -4.13478054e-02  5.20457365e-02 -7.75165670e-03 -2.66619384e-08
  1.44708037e-01 -1.30754307e-01  2.28612162e-02 -1.93586536e-02
 -6.29270729e-03  4.56308313e-02  1.81952603e-02 -7.93772265e-02
  6.94547445e-02  7.50190467e-02 -6.26393110e-02  2.40739118e-02
  1.06116151e-02 -1.01571037e-02  2.60636248e-02  8.38906690e-02
 -7.41295144e-02  4.13346589e-02 -4.97195497e-02  2.30560103e-03
  1.12568475e-02 -4.12385240e-02  1.35453129e-02  8.36545378e-02
 -4.19880450e-03 -6.03981093e-02 -6.19233921e-02 -3.41415666e-02
  2.02694703e-02 -6.68796897e-02 -1.05551481e-01  7.10211555e-03
 -8.85956548e-03  3.80853936e-02 -4.82710525e-02  2.36576027e-03
  1.90697480e-02  2.44635176e-02  3.71414982e-02 -5.43360300e-02
 -4.07451279e-02  3.80329341e-02 -2.64139976e-02 -5.81771396e-02
 -6.78534154e-03 -4.54876907e-02 -8.75024572e-02 -5.57639971e-02
 -1.70517229e-02 -2.84442678e-02 -5.31315915e-02 -2.61373166e-02
  6.09690584e-02 -4.48033847e-02 -1.41767487e-01 -7.86227733e-02
 -4.74479496e-02  1.78542605e-03  4.63344976e-02 -3.86148319e-02
  1.53415315e-02  4.06973064e-02  1.17895022e-01  9.68866944e-02]"
What is the 'Yellow Fever Zone'?,'Yellow Fever Zone' refers to areas where the disease is endemic or where there is a permanent risk of transmission.,The 'Yellow Fever Zone' denotes areas with persistent disease transmission risk.,What is the 'Yellow Fever Zone'? 'Yellow Fever Zone' refers to areas where the disease is endemic or where there is a permanent risk of transmission.,"[ 4.88912687e-02  3.86011638e-02 -1.13709318e-02  2.80296546e-03
  7.67142549e-02  4.62208092e-02  4.84391339e-02  1.85229909e-02
  5.91841992e-03  2.75350437e-02 -1.73540469e-02 -6.59332350e-02
  7.02782944e-02  4.74257395e-02  1.79570448e-02 -6.55946434e-02
 -5.77559136e-02 -4.53176722e-02 -1.42038427e-02 -4.67821443e-03
  3.99429947e-02  5.48972599e-02  1.17350798e-02 -1.97579134e-02
 -1.45132646e-01  2.62316279e-02  3.89977880e-02  4.60885055e-02
 -1.85895432e-02  7.14189708e-02 -5.18106930e-02  1.30279019e-01
 -2.86136870e-03 -3.05999070e-02 -2.81514432e-02 -1.82378814e-02
 -4.79067340e-02 -3.56493071e-02 -8.25129300e-02  1.04833454e-01
  2.42733601e-02  3.70722115e-02  7.63472691e-02 -5.41218044e-03
 -2.19881069e-02  4.56528775e-02 -4.66800109e-02  5.90588376e-02
  3.99011225e-02 -9.58467498e-02  5.87344468e-02 -9.78560150e-02
 -1.07009411e-02  7.70053118e-02 -7.05146138e-03  1.68572720e-02
 -4.56105731e-02 -1.07428804e-01 -3.67037617e-02  1.69067513e-02
 -1.06171547e-02  5.14369085e-03  3.72280404e-02  9.17248521e-03
  2.77944338e-02 -1.54110594e-02 -2.61989255e-02  6.69223517e-02
 -1.68776698e-02 -5.21375239e-02 -1.84041783e-02  9.32052173e-03
 -1.34705622e-02  8.19394439e-02 -5.10570174e-03 -1.51597820e-02
  2.18059756e-02  3.36559266e-02 -8.97984114e-03 -5.07268794e-02
 -1.03310803e-02  2.12413557e-02  9.99604911e-02 -9.55306813e-02
  9.07677878e-03 -5.71339987e-02 -1.17362821e-02  8.88962764e-03
  4.51292060e-02  4.73485589e-02 -2.04682769e-03 -2.34846957e-02
  8.96821320e-02 -6.80588232e-03 -6.20960966e-02  1.21893240e-02
  1.07113905e-02  1.33785540e-02 -9.90600046e-03 -8.24967325e-02
  6.93166396e-03 -1.23920187e-01 -6.71189725e-02  4.34085280e-02
  2.18436848e-02 -2.05501970e-02 -1.74748115e-02  3.62380743e-02
 -4.23213318e-02 -1.14823841e-02 -1.52587742e-02  5.16611449e-02
  1.16389602e-01 -9.76797566e-02  5.64943580e-03  3.67310233e-02
 -6.47059232e-02 -4.96947952e-02 -3.81125025e-02  9.52046886e-02
  9.18556657e-03 -2.43362486e-02 -2.03318894e-02 -3.25991213e-02
 -2.17987522e-02  4.49230112e-02  2.03646123e-02 -5.54920026e-33
  4.85703126e-02  3.46209854e-02  1.59926694e-02  1.47279827e-02
 -6.28547091e-03 -2.75339931e-02  1.24460254e-02 -2.98345964e-02
  4.81743366e-02 -1.08307235e-01  1.15437873e-01  3.17137390e-02
  1.44170709e-02  1.11252196e-01  5.91296144e-03  1.15266852e-01
  8.52696970e-02 -7.07988488e-03 -4.44674827e-02  7.04082474e-02
 -5.62732741e-02  5.77540845e-02  3.87946963e-02  2.69126333e-03
  1.21671120e-02  1.87936611e-02 -6.72565550e-02 -2.94254608e-02
 -1.15219662e-02 -2.68935761e-03 -1.81207713e-02  7.86653608e-02
 -4.27968428e-03 -3.84944268e-02 -2.01727394e-02  1.00094266e-02
  6.40544966e-02  4.82391985e-03 -5.54206781e-02  1.45392977e-02
 -5.30000515e-02 -4.97312285e-02 -7.17629790e-02  1.05258584e-01
  7.80095160e-02  3.93346231e-03 -2.91111805e-02  2.69502308e-02
  2.82769874e-02 -2.54475623e-02 -5.14872465e-03 -5.28928917e-03
  3.92338447e-02 -2.79810932e-02  2.74201878e-03 -1.15247467e-03
  3.16082016e-02 -2.70924326e-02  7.89548177e-03 -1.01640867e-02
  6.96187653e-03 -1.61140779e-04  1.85585879e-02 -2.21801060e-03
  5.66140190e-02 -7.74775222e-02  3.42371799e-02 -5.78718306e-03
 -5.06855212e-02 -2.31599975e-02 -2.10779253e-02 -1.11964429e-02
  1.51646966e-02  8.61246958e-02 -9.08083562e-03 -9.92909912e-03
  8.04982334e-03 -1.25224695e-01 -2.73479465e-02 -5.55130392e-02
 -1.00510165e-01  2.84923799e-02  1.24011580e-02  2.06392612e-02
 -3.14157456e-02 -1.41703906e-02 -4.26671878e-02  4.02684547e-02
 -1.10298969e-01 -9.01792347e-02  4.53104600e-02  4.65137474e-02
 -2.37033470e-03  9.37996134e-02 -2.05397140e-02  1.87423923e-33
  9.20701493e-03  4.60611135e-02 -1.35160848e-01 -1.92866046e-02
 -2.88948268e-02  4.50769514e-02  5.39399907e-02  4.36299779e-02
  9.13672056e-03 -6.07834489e-04 -5.79574108e-02 -3.66449729e-02
 -2.90871318e-02  3.16807389e-04 -1.51216248e-02 -2.17829067e-02
 -2.10788622e-02  1.47936940e-01 -1.17000446e-01  4.35932204e-02
 -5.14774136e-02 -1.11623414e-01 -1.06780278e-02 -2.47360803e-02
 -4.64104638e-02  2.37684865e-02 -8.84979963e-02 -1.93823408e-02
 -1.06768385e-01 -2.91096605e-02 -1.61688551e-02 -1.64995566e-02
  8.43929220e-03 -1.11420099e-02 -8.54383805e-04  3.97382863e-02
  8.68891999e-02 -1.32063344e-01  2.50405390e-02 -2.62420494e-02
  1.52510749e-02  3.29209045e-02  2.14370117e-02 -7.10924640e-02
 -7.59825949e-03  5.28809987e-02  1.61761343e-02  7.67916068e-02
 -2.30606813e-02  3.27400491e-02  4.50185649e-02 -1.47632621e-02
 -7.36985635e-03  4.83301133e-02 -5.19743711e-02 -6.29184693e-02
 -1.05059721e-01 -4.11164835e-02  6.65034950e-02  6.88707642e-03
  4.46514674e-02 -2.80734003e-02 -6.00239933e-02  7.39650428e-02
 -2.02359147e-02 -3.11772269e-03  2.34718528e-02  1.17265843e-01
  5.18905558e-02 -3.95410806e-02 -7.01534003e-02  7.53612742e-02
 -4.73746322e-02 -1.37391519e-02  3.52256782e-02 -1.14664892e-02
 -9.10044368e-03 -1.29049190e-03 -5.74089726e-03  3.62688676e-02
  1.00042103e-02 -2.41596764e-03  6.55762926e-02 -1.57407038e-02
  3.68512049e-02  5.78097664e-02  2.69698929e-02 -6.47937655e-02
  6.56143427e-02 -3.91768813e-02 -8.14738311e-03 -3.05187050e-03
 -9.40052569e-02  2.05835868e-02 -8.38451087e-04 -2.94241271e-08
  1.09731637e-01 -7.84658939e-02 -5.32690482e-03 -3.72513533e-02
  8.81790183e-03 -2.11120564e-02 -5.00451513e-02 -5.12377620e-02
  1.04087904e-01  1.16343737e-01 -2.92764585e-02  5.58258854e-02
  1.44618629e-02 -8.49502981e-02 -5.11068814e-02  5.10168634e-02
 -3.20990793e-02 -1.55560998e-02  5.39935846e-03  4.84422222e-02
  2.19334271e-02 -4.00944613e-02  1.49497790e-02  2.44069956e-02
  6.22233525e-02 -9.67188701e-02 -1.95682645e-02  1.23535711e-02
  2.64823921e-02 -6.52042627e-02 -7.47450739e-02 -3.84906791e-02
  1.39905708e-02  7.22075775e-02 -1.51987525e-03  4.65690717e-02
  5.17667718e-02  9.38820373e-03 -1.57706179e-02 -5.10402359e-02
  7.04527721e-02 -5.54386526e-02  1.63104627e-02 -4.58553061e-02
 -7.28079863e-03 -6.77280873e-02 -1.51327578e-02  2.14708913e-02
  7.96822235e-02 -1.07053459e-01 -6.54722378e-02  1.43353175e-02
  1.95906144e-02  2.51986012e-02 -9.11305025e-02 -9.42616537e-02
 -5.38669862e-02  3.95267643e-02  2.95813289e-02 -3.31460685e-02
  3.08708753e-02  3.73221897e-02 -7.01177716e-02  2.69740652e-02]"
Can urbanization affect Yellow Fever spread?,"Yes, urbanization can increase the risk of Yellow Fever outbreaks by facilitating the spread of the Aedes mosquito due to increased population density and stagnant water in cities.",Urban growth can lead to more Yellow Fever cases by aiding the mosquito vector's proliferation.,"Can urbanization affect Yellow Fever spread? Yes, urbanization can increase the risk of Yellow Fever outbreaks by facilitating the spread of the Aedes mosquito due to increased population density and stagnant water in cities.","[ 6.99617416e-02  3.55868749e-02  4.84167822e-02 -1.38202021e-02
  9.76545140e-02  5.68351187e-02  5.83751872e-02 -6.81842044e-02
 -7.76801482e-02  8.24403986e-02  1.15757268e-02 -4.05774191e-02
  9.06185247e-03  6.15061410e-02  2.66056899e-02  9.68466792e-03
 -4.03983705e-02  1.48287732e-02 -8.42781514e-02 -3.44252475e-02
 -3.94814461e-02 -8.54234444e-04  2.99614836e-02 -3.40469182e-03
 -9.19577703e-02  1.91778522e-02  4.03753147e-02  2.18530633e-02
 -1.31718153e-02 -8.47097300e-03 -8.51268508e-03  6.88267648e-02
 -1.15417149e-02 -5.45644946e-02 -1.94971170e-02 -2.26328503e-02
 -2.03057122e-03 -1.51065725e-03 -5.74054122e-02  9.41935331e-02
  7.41938725e-02  4.88330331e-03  3.70456912e-02 -4.75648306e-02
 -5.52885570e-02 -4.62724976e-02 -3.74884382e-02  9.18101221e-02
 -6.07090490e-03 -1.28530443e-01  6.02142289e-02 -7.52991810e-02
  2.12441534e-02 -2.19336059e-03 -3.66902202e-02  2.41460782e-02
 -6.96952268e-02 -4.31340151e-02 -1.16943810e-02  1.44267268e-02
 -2.70038340e-02  7.12050572e-02  1.83570608e-02  3.17410976e-02
  5.20961694e-02 -2.86467131e-02 -1.13559337e-02  2.62001399e-02
  2.17507631e-02 -1.73413344e-02  5.34229837e-02  4.42183390e-03
 -4.27820981e-02  4.50048260e-02  5.74102551e-02 -1.42688900e-02
  8.24276940e-04  3.17376442e-02  3.15764733e-02 -2.32999604e-02
 -1.39522618e-02 -4.55429330e-02  7.88748115e-02 -6.17862642e-02
  1.29436003e-02 -2.45176945e-02 -1.29990270e-02  1.32676614e-02
 -1.44535583e-02  3.04351468e-02  8.33677575e-02 -6.72964333e-03
  2.66666561e-02  1.52432639e-02 -7.96537623e-02  1.75236035e-02
 -2.97657419e-02 -5.64479716e-02 -1.45940995e-02 -9.86335147e-03
 -9.18767974e-02 -1.25257000e-01 -2.39518378e-02  1.36748040e-02
  4.91659939e-02 -8.46027285e-02 -1.34868227e-04 -4.26610634e-02
 -6.52010888e-02  8.87822360e-03 -8.85046180e-03  3.38328220e-02
  7.11357072e-02 -2.37195715e-02 -3.55444141e-02 -7.10729808e-02
 -6.16869144e-03 -5.57527468e-02 -4.91425395e-02 -4.27895635e-02
  5.87554686e-02 -8.02762210e-02 -1.09208986e-01 -2.74444651e-03
 -1.51941581e-02  3.03212274e-02 -2.19551101e-03 -1.50773423e-35
 -4.05489989e-02 -7.15485364e-02  4.01668660e-02  7.10057840e-02
  3.69787589e-02 -8.20124820e-02 -1.97797883e-02  1.00962445e-02
  6.12697527e-02 -1.76923051e-01  1.62821990e-02 -1.24235479e-02
  2.26528049e-02  9.47466716e-02  5.38388453e-02  9.97305736e-02
  7.28667080e-02  2.18166653e-02 -3.34340967e-02  5.39260432e-02
 -5.20380847e-02 -3.83746438e-02 -9.56832711e-03 -4.18402031e-02
  2.21888814e-02  1.69358589e-02 -2.24376544e-02 -9.90354829e-03
  3.84490602e-02 -7.45416526e-03  1.58556812e-02  3.48196588e-02
 -2.10878113e-03  5.91423456e-03  2.34252904e-02  1.42877012e-01
  2.95907794e-03 -2.28136163e-02 -4.18635532e-02  9.15222317e-02
 -6.72838688e-02 -1.49028255e-02 -4.64143232e-02  4.46334407e-02
  1.01099581e-01  6.15708455e-02 -2.71662325e-02  1.22546195e-03
  3.16770338e-02 -5.01470305e-02  3.85783426e-02  4.59042266e-02
 -6.45092726e-02  2.04274859e-02  5.14331385e-02  7.23772347e-02
  4.66224402e-02 -3.28806825e-02  3.73985171e-02 -5.06506152e-02
 -7.17500970e-02 -3.96770500e-02  3.68884802e-02 -1.40851671e-02
  1.11238785e-01 -4.94350530e-02  9.53158438e-02  1.20451059e-02
 -1.22647667e-02  1.89654641e-02 -8.71085841e-03  4.72006463e-02
 -9.23314784e-03  1.58521812e-02 -2.23975163e-02 -2.51583522e-03
 -1.22991921e-02 -9.09744278e-02  2.42945962e-02 -3.50820608e-02
 -1.94730405e-02 -6.58992156e-02  5.93973957e-02  4.32031825e-02
  9.74833071e-02 -3.25177819e-03  1.74560864e-02  2.69240532e-02
  2.56488007e-02 -2.45161504e-02  9.12506580e-02  1.96748804e-02
 -2.13914998e-02  4.28648144e-02 -4.04961295e-02 -8.92101948e-34
 -5.32292016e-02  4.27498966e-02 -1.09080590e-01 -1.55562079e-02
 -5.88857979e-02  3.00091784e-02  5.12853302e-02 -6.32211007e-03
  1.24597829e-02 -2.56162863e-02 -4.98440042e-02  9.31675360e-03
  3.99865583e-02  1.49385175e-02 -1.82533525e-02 -3.56330387e-02
  3.62183861e-02  1.15829647e-01 -6.51163459e-02  2.16870718e-02
 -1.23645440e-01 -1.15796193e-01  3.17158848e-02 -7.86298364e-02
 -5.86041957e-02 -9.16869263e-04 -1.29381284e-01  7.20552206e-02
  7.16849649e-03 -4.18533087e-02  1.77413505e-02  5.82283996e-02
 -4.12304886e-02 -6.66510838e-04 -3.45476121e-02  8.30806270e-02
  6.97402507e-02 -6.73497468e-02  7.12639242e-02  2.59728227e-02
 -3.25944349e-02 -2.52283979e-02 -2.65028677e-03 -9.62226763e-02
  2.90570240e-02  9.89477858e-02  6.73179841e-03  2.75661275e-02
 -4.86109667e-02 -4.82180677e-02  9.71779078e-02  8.11955407e-02
 -5.20601161e-02  5.87597676e-02 -4.25128303e-02 -4.74165790e-02
  2.91553196e-02 -8.85209814e-02 -5.51758260e-02 -3.19399983e-02
 -4.22670282e-02  8.89911503e-03 -1.03988871e-02  3.68135832e-02
 -2.33603753e-02 -1.46140065e-02  2.26687342e-02  6.32822588e-02
  5.11720330e-02 -9.19103101e-02 -1.14580505e-02 -4.35625911e-02
 -2.16319896e-02  5.72245102e-03 -3.68209630e-02 -6.71638101e-02
  7.06410781e-02  3.84672545e-02  3.39926779e-02  5.00586294e-02
 -1.47448545e-02  1.10624181e-02  5.01570245e-03 -1.02827050e-01
  1.77085735e-02  2.27549877e-02  1.25852166e-05 -6.32568300e-02
  3.18665951e-02  7.90823847e-02 -5.38366921e-02  4.03362401e-02
 -6.86707557e-04 -3.67251970e-02  2.34959484e-03 -2.23782024e-08
  3.69647667e-02 -9.10905190e-03  5.62060904e-03  3.16017531e-02
  1.39826594e-03 -6.42420782e-04 -1.23318366e-03  2.13294979e-02
  3.01008634e-02  9.30708274e-02 -5.73630705e-02  9.44897160e-02
  9.89512801e-02  2.31743902e-02 -3.53635214e-02  8.25924426e-02
  1.44972922e-02 -8.76142159e-02 -1.62089877e-02 -2.48353593e-02
  1.15337931e-02  5.53759076e-02 -5.00618368e-02  5.55885769e-02
  4.06875163e-02 -3.93124633e-02 -2.58724596e-02  3.67115550e-02
  4.10640538e-02  1.29863666e-02 -1.06435813e-01  8.46738368e-03
  3.53839360e-02  1.04188353e-01  3.65106650e-02 -8.52068141e-03
  4.52983007e-02  4.00127284e-02  5.29113263e-02 -1.14783002e-02
  3.95729169e-02 -4.24462296e-02  2.60863267e-02  4.01035463e-03
  3.13162096e-02 -1.16952039e-01 -1.40972974e-04  2.77489424e-02
  4.77695167e-02 -8.51972476e-02  5.99970575e-03  1.00913094e-02
 -9.59334243e-03 -4.29084321e-04 -6.31250367e-02 -9.89535898e-02
 -8.56455937e-02  3.77990678e-02  3.67224775e-02 -3.82837579e-02
 -4.13337797e-02 -5.82635477e-02 -6.46315664e-02  5.56568541e-02]"
What is Lassa Fever?,"Lassa Fever is an acute viral hemorrhagic illness caused by Lassa virus, endemic in parts of West Africa. It is transmitted to humans via contact with food or household items contaminated by rodent urine or feces.","Lassa Fever is a viral disease from rodent contamination, prevalent in West Africa.","What is Lassa Fever? Lassa Fever is an acute viral hemorrhagic illness caused by Lassa virus, endemic in parts of West Africa. It is transmitted to humans via contact with food or household items contaminated by rodent urine or feces.","[-2.80425455e-02  2.92463955e-02 -5.51378690e-02  5.30795939e-02
  4.78377230e-02 -6.56396449e-02  7.02924356e-02  6.90101534e-02
  1.65083017e-02  1.52848631e-01 -2.50107739e-02  1.71497222e-02
 -2.29845829e-02  2.36075483e-02 -6.42429292e-02 -5.20517863e-02
  1.08698756e-02 -1.57648414e-01 -6.19096048e-02  3.13448571e-02
 -1.18928468e-02  1.01444282e-01  3.76623347e-02  3.91406082e-02
 -6.39980882e-02 -5.26293479e-02  4.58464958e-02  1.66218225e-02
 -2.75867805e-02  4.96667437e-02 -1.25654303e-02  3.05799879e-02
 -3.28495875e-02 -1.38707040e-02 -4.78147063e-03  5.17186113e-02
  2.49557011e-02 -7.75413290e-02 -1.89577974e-02 -1.15384404e-02
  4.23732400e-02 -7.99897239e-02  1.61272418e-02  2.01647561e-02
  4.75469157e-02 -3.50588970e-02 -5.65689348e-04  9.02288482e-02
  1.25063449e-01 -1.37833953e-02  6.70326874e-02 -4.04457301e-02
 -2.17786282e-02  9.42598209e-02 -1.13960370e-01 -7.78025249e-03
 -1.11748111e-02 -2.12389193e-02 -2.54082642e-02  5.98190259e-03
 -6.31905347e-02  2.51101144e-02 -7.33917626e-03  1.43844755e-02
  6.18706783e-03 -1.04414456e-01  2.34714616e-02  5.62909842e-02
 -3.54133220e-03  6.48099789e-03  2.43763551e-02 -4.73074354e-02
 -8.77556279e-02  6.68393746e-02 -4.18498134e-03 -8.91920365e-03
  7.27201402e-02  2.83132098e-03  7.58369043e-02  1.01379648e-01
  4.34602760e-02  1.25361094e-02  1.60216779e-01  3.69166466e-03
  1.48984278e-02  9.79804527e-03  4.28910851e-02  8.09252635e-03
  3.60555612e-02 -1.31015042e-02 -4.82948497e-02 -2.22025216e-02
  4.33504879e-02 -1.94685621e-04 -4.73792702e-02  1.21764494e-02
  8.93409699e-02  4.71545849e-03  3.69709171e-02  4.93422225e-02
 -9.48441848e-02 -1.76323310e-01 -2.22090771e-03  7.94349983e-02
  1.48770036e-02  8.71013030e-02  1.78870149e-02 -5.45467809e-03
  4.41376902e-02 -5.35314791e-02 -1.01997361e-01  6.27490133e-02
  3.40988003e-02 -9.07529087e-04  1.98089667e-02 -3.76516655e-02
  4.14879061e-02 -5.60133494e-02 -7.54621550e-02 -1.22822765e-02
 -9.29318368e-04 -3.23096826e-03  2.37271879e-02 -1.66033152e-02
  3.08530517e-02 -2.38210820e-02 -1.27145424e-02  1.78040705e-33
  8.90226141e-02 -1.82071365e-02  1.92141775e-02 -3.60393599e-02
  1.41915791e-02  7.52071962e-02 -5.79122715e-02  1.94233991e-02
  8.80644191e-03 -2.83424463e-02  2.19435059e-02 -8.99423510e-02
  9.45304483e-02  2.95446385e-02 -1.72573458e-02  5.96254170e-02
  6.02415502e-02 -4.20149369e-03  5.99473752e-02 -1.67431999e-02
  1.57112367e-02  1.23382509e-02  1.01880416e-01 -6.23834617e-02
  4.61354479e-03 -3.12565593e-03 -6.31186366e-02 -6.41888529e-02
  6.15210459e-02  1.19138905e-03 -3.67909647e-03  2.34199129e-02
  1.19879581e-02 -6.97392598e-02 -3.53346020e-02 -1.70859341e-02
  1.20400423e-02 -7.86175206e-03  5.56425890e-03 -1.63003784e-02
 -1.00744274e-02 -2.76743043e-02  1.27680786e-02  8.76225065e-03
 -1.81372855e-02  1.84653178e-02 -4.15183902e-02 -6.59104064e-02
 -3.50234620e-02  1.21170152e-02 -1.71255935e-02  1.29422545e-02
  4.28339690e-02  2.37453319e-02 -3.43855098e-02 -3.15445964e-03
  4.02170643e-02 -1.80968421e-03  6.43663853e-03 -4.21168692e-02
  3.88072953e-02 -4.29908279e-03 -3.99790108e-02 -6.54174015e-02
  2.39872728e-02 -1.29948616e-01  2.83370260e-02  1.51417656e-02
  9.97608062e-03 -2.89067626e-02 -1.61402039e-02  6.80805519e-02
 -1.01852372e-01 -1.49087785e-02 -2.46374570e-02 -2.46406216e-02
  2.78933551e-02 -1.33705577e-02  1.27677536e-02 -3.58177684e-02
 -1.16931535e-01 -3.18500847e-02  1.06882490e-01  7.27335643e-03
 -3.71026173e-02  2.84748953e-02 -2.78369356e-02 -3.97313535e-02
 -8.72792080e-02 -1.06787808e-01  6.40377402e-02  5.26179820e-02
 -2.33662892e-02 -2.72348640e-03  6.36001006e-02 -3.85709819e-33
  6.47839010e-02  1.15360022e-02 -8.75702798e-02 -1.60828810e-02
  4.02879007e-02  2.98418943e-02  1.01070534e-02 -1.49890443e-03
 -5.30408360e-02 -3.04418989e-03 -4.84066596e-03 -6.47376329e-02
 -4.72309031e-02 -2.66209133e-02  5.22177890e-02 -2.78496556e-02
 -2.73271743e-02  2.51840763e-02  9.95520689e-03 -4.04556245e-02
 -5.13605960e-02 -2.92111114e-02  4.74042119e-03 -1.38722554e-01
  1.76939759e-02 -1.04868054e-01 -3.56052183e-02  3.88599373e-03
 -6.27642050e-02  2.47763582e-02  2.56153587e-02  8.53907838e-02
  1.28992619e-02  2.84178602e-03  2.10277196e-02  4.91350852e-02
  2.02101059e-02 -4.98774014e-02  3.76379900e-02 -5.57267219e-02
  1.11471705e-01 -1.14299795e-02  1.81109849e-02  3.45852561e-02
  5.03531098e-02  7.76548088e-02 -6.94109127e-02  8.50696340e-02
 -5.97362872e-03  6.52393028e-02  5.66168018e-02 -5.31403460e-02
  1.53566115e-02  6.33885190e-02  2.76056230e-02 -7.16429055e-02
 -4.95660864e-02 -2.41516791e-02 -5.39062498e-03 -2.27046404e-02
  7.63784423e-02 -2.26884186e-02 -1.14853501e-01  3.72474715e-02
  5.78567535e-02  3.20608797e-03 -8.54493177e-04  1.49122588e-02
  4.04917076e-02 -3.07225548e-02  1.07451953e-01  3.71575058e-02
 -7.91021809e-02 -6.08548895e-03  3.12456377e-02 -5.03812656e-02
 -2.35460866e-02  5.44555066e-03  2.32271645e-02  4.32408322e-03
 -1.99291622e-03  2.40067113e-02  7.68515617e-02 -3.79014909e-02
 -3.14283445e-02 -9.00548790e-03  8.72823596e-02 -4.12297715e-03
 -3.83313820e-02 -2.20813528e-02 -4.28188890e-02 -5.22806346e-02
 -3.47279720e-02  3.72379869e-02  8.08908895e-04 -3.35594166e-08
  8.51063523e-03 -2.13212986e-02 -9.94729102e-02 -2.27542017e-02
  3.76162771e-03  4.00489531e-02 -7.55918026e-02  4.00861762e-02
  1.17812090e-01  6.30982667e-02 -6.85592368e-02  5.61695397e-02
  3.10249906e-02 -2.97257025e-02 -1.31453192e-02  1.41317919e-02
 -3.19298021e-02  1.95202492e-02 -1.04420530e-02 -3.14853303e-02
  2.16979608e-02 -3.86417508e-02 -1.72390938e-02 -9.83340479e-03
  1.69913806e-02 -9.21927169e-02 -7.47069642e-02 -1.37256598e-02
  3.67504843e-02 -1.47407025e-01 -8.29594135e-02  6.40873909e-02
  4.75966260e-02  2.06902903e-02  2.34750099e-04  5.30671291e-02
  5.09200729e-02  1.94397364e-02  2.43535116e-02 -7.92382136e-02
  2.72816997e-02  3.27055831e-03  5.34721278e-02 -9.14269984e-02
 -2.34899987e-02 -5.51062413e-02  3.82149145e-02  3.64689827e-02
  3.41782980e-02 -6.93114027e-02  2.11078748e-02 -3.48950713e-03
  6.00304008e-02  4.06546965e-02 -8.33328366e-02 -8.57391059e-02
 -4.51869704e-02  2.30026599e-02  7.44811445e-02 -3.24649848e-02
  4.53378595e-02 -6.83760196e-02 -4.52036373e-02 -3.37590091e-02]"
How is Lassa Fever transmitted?,The primary mode of transmission is through ingestion or inhalation of particles contaminated with rodent excretions. Human-to-human transmission can also occur via bodily fluids.,Lassa Fever spreads through contact with infected rodent waste and can be transmitted between humans.,How is Lassa Fever transmitted? The primary mode of transmission is through ingestion or inhalation of particles contaminated with rodent excretions. Human-to-human transmission can also occur via bodily fluids.,"[ 6.63492037e-03 -2.77043860e-02 -4.64380085e-02  9.93922632e-03
  4.39530276e-02 -2.50771381e-02  1.11052625e-01  4.89416718e-02
  1.73120871e-02  1.05045974e-01  2.93218046e-02  2.35264804e-02
 -2.87401136e-02  6.92504421e-02 -2.37780437e-02 -3.91797461e-02
  4.03042138e-02 -6.85758963e-02 -3.40476148e-02  2.67410073e-02
  5.58738038e-02  4.70461622e-02  4.59547213e-04  1.67129412e-02
 -3.84794138e-02 -6.14161231e-02  6.07412569e-02 -2.40154490e-02
  3.23153809e-02  1.01455059e-02 -4.25643474e-02  4.46055494e-02
 -1.10249706e-01 -3.50747705e-02 -7.30011910e-02  3.34093310e-02
  5.96434623e-02 -9.38474759e-02  2.89918426e-02 -2.64402782e-03
  4.79128957e-02 -1.27616540e-01 -1.09889116e-02  1.30563378e-02
  2.87591740e-02 -6.22870214e-03 -1.17384791e-02  7.52056539e-02
  9.89632681e-02 -5.94910569e-02  2.88424138e-02  9.65645816e-03
 -1.04937149e-04  1.73597246e-01 -1.21159397e-01  1.54224467e-02
 -1.81220714e-02 -3.65207605e-02 -5.01891971e-02  3.52517553e-02
 -4.68647704e-02  7.05979094e-02 -4.40941639e-02  1.06540928e-02
  3.61171998e-02 -6.54567853e-02 -3.40809301e-02  6.62016273e-02
  1.74637828e-02 -6.66731549e-03 -1.07231671e-02 -4.12633792e-02
 -8.84085000e-02  5.88076934e-02  5.42775318e-02 -5.55991568e-02
  4.81447466e-02  1.38118295e-02  3.28188837e-02  1.03596658e-01
  3.61630656e-02  1.12554496e-02  1.52209818e-01  3.28128189e-02
 -1.03713921e-03  7.41551220e-02  4.52015176e-03  4.58207726e-02
 -4.41438369e-02  3.35468240e-02 -7.62662888e-02 -8.02892447e-03
 -1.80940900e-03 -3.01357228e-02 -5.86198270e-02 -1.11384019e-02
  1.50454519e-02 -1.08827138e-02  1.00598603e-01  3.00181992e-02
 -1.09567225e-01 -1.45602897e-01 -4.58084904e-02  1.61262937e-02
 -1.67059395e-02  4.34464738e-02 -1.81493498e-02 -3.22264731e-02
  1.31818159e-02  2.62732920e-03 -8.76058862e-02  5.92340976e-02
  6.43141419e-02 -2.50045713e-02  2.98627615e-02  2.44674347e-02
 -1.40329786e-02  2.72208229e-02 -2.11667921e-03 -3.93206440e-02
  3.85872163e-02  1.50904793e-03  4.76942062e-02  6.40390674e-03
  8.40869546e-02 -1.33366659e-02  7.16265813e-02  1.10991040e-33
  9.68396515e-02 -2.74133720e-02  5.70886321e-02  6.62520677e-02
 -6.35904893e-02  1.09924294e-01 -1.66141856e-02 -2.94587109e-02
  9.24925208e-02 -1.78811252e-02 -3.65395695e-02 -5.75045645e-02
  1.61959678e-02  8.72585252e-02  5.55885583e-03  1.97918136e-02
  1.12047400e-02 -3.72370183e-02  2.67097503e-02  7.56762316e-03
  5.71754351e-02  6.70636371e-02  5.35876378e-02 -5.78798763e-02
  4.54197228e-02 -1.14223640e-02 -1.11109413e-01 -5.05923852e-02
  9.45259258e-03  1.15286326e-02 -3.49922851e-02  2.32778415e-02
 -3.90726253e-02  4.26765159e-03 -4.51800935e-02  2.33942699e-02
  1.32871252e-02 -2.94898096e-02  1.53924273e-02 -4.02420774e-05
  4.07090522e-02 -5.51758632e-02  1.69515554e-02  7.65929651e-03
 -3.90046872e-02  4.07930790e-03 -3.26734297e-02 -3.40193622e-02
 -3.23688090e-02 -3.85670625e-02  1.97364762e-02 -2.39044428e-02
  2.36963388e-03 -2.45048441e-02 -2.23663766e-02  3.31370719e-02
  4.67094406e-02 -3.12440582e-02 -2.45341137e-02  3.02053560e-02
 -1.50245484e-02  4.55638766e-03  1.18675930e-02 -6.83977008e-02
  3.64267044e-02 -6.65743351e-02 -3.82751673e-02 -6.46934435e-02
 -1.23366772e-03 -1.75594538e-02 -7.11975470e-02  9.26733389e-02
 -9.99820307e-02 -6.96406588e-02 -2.56562531e-02 -4.40322682e-02
 -7.09415693e-03  4.59240600e-02  5.47496751e-02  1.85788646e-02
 -1.39293283e-01 -3.25772585e-03  7.72082433e-02  4.34135795e-02
 -4.38443245e-03  3.47446613e-02  2.20854357e-02 -6.53711110e-02
 -4.25268412e-02 -4.22591008e-02  5.97747192e-02  3.79507206e-02
  7.86342192e-03 -3.38941999e-03  9.28062797e-02 -3.85428398e-33
  3.17579024e-02  5.97401410e-02 -5.52193411e-02  9.09671094e-03
 -4.29515308e-03  4.52600643e-02  4.36735973e-02  3.46274599e-02
  3.22034420e-03  3.22365277e-02 -2.60038823e-02 -6.75511360e-03
 -4.96268347e-02 -3.83351371e-03  2.18608100e-02  3.63546656e-04
  2.94367839e-02  1.56884491e-02 -2.32178159e-02 -8.57073516e-02
 -1.06400326e-01 -6.34878129e-03  3.51085439e-02 -9.36573595e-02
  3.68666388e-02 -1.11757353e-01 -3.19886282e-02  7.44191334e-02
 -4.31629717e-02 -1.82889625e-02  4.47486304e-02  3.98679562e-02
  3.94298462e-03 -8.47643800e-03  1.81869455e-02  6.48615882e-02
  6.46627098e-02 -2.54545026e-02  2.18868488e-03 -6.73258677e-02
  8.36540833e-02  7.54054729e-03 -1.96872652e-02  2.65183151e-02
  1.01272818e-02  8.03439543e-02 -6.87397122e-02 -1.07931122e-02
 -3.79594751e-02  8.56646746e-02  8.95697549e-02 -5.38903885e-02
 -5.06687686e-02 -1.00948960e-02 -6.68985257e-03 -3.25088017e-02
  2.20071208e-02 -7.94280991e-02  4.63463962e-02 -3.69690098e-02
  2.61216983e-02 -5.74010536e-02 -1.28865689e-01 -4.43654554e-03
  3.77448350e-02 -3.61263156e-02  2.30403375e-02  3.26997275e-03
  8.85357987e-03 -5.54128457e-03  5.54496087e-02  5.05718775e-03
  2.32254807e-03 -3.34765315e-02  5.59853725e-02 -7.07621947e-02
 -3.86365503e-02 -3.11435889e-02  3.73583660e-02 -3.60102728e-02
 -1.37649411e-02  1.64235465e-03  3.36361341e-02 -5.12816235e-02
  4.54857722e-02  2.55286563e-02  7.64035806e-02 -6.40281215e-02
 -8.09428003e-03 -5.47802858e-02 -3.37561816e-02 -2.13167183e-02
 -4.46256101e-02  6.09234814e-03  5.09923995e-02 -3.13233102e-08
  1.77371632e-02 -4.00655568e-02 -6.21183775e-02 -1.85871087e-02
 -5.62503189e-03  1.03286363e-01 -2.54267640e-02  2.25124918e-02
  8.70353356e-02  5.97266369e-02 -1.19899228e-01  8.10447708e-02
  6.15800619e-02 -2.41514598e-03  2.92297211e-02  1.82615109e-02
 -2.76178773e-02 -6.90956116e-02 -4.67346124e-02 -1.11837447e-01
  1.04024196e-02 -6.38464689e-02 -4.29831557e-02  5.48925996e-02
  2.51924563e-02 -3.17396112e-02 -4.14117426e-02 -5.50574949e-03
  2.40550246e-02 -7.56724700e-02 -8.96504745e-02  1.67168807e-02
 -4.03754413e-02  8.54844153e-02 -6.60131276e-02  9.26104560e-02
  7.52491057e-02  2.76298579e-02  4.49768119e-02 -4.83553112e-02
  3.90726365e-02 -7.24820467e-03 -2.29698252e-02 -3.50752175e-02
 -2.66561657e-02 -2.15221960e-02  3.51172946e-02  2.65384894e-02
 -3.22128343e-03 -7.60648726e-03  5.84967732e-02 -4.04260717e-02
  9.27687287e-02  2.11385544e-02 -8.90379548e-02 -9.35613215e-02
 -7.62414858e-02 -2.13035978e-02  9.09144431e-02 -3.97386849e-02
 -2.42859256e-02  1.31913694e-02 -9.43453796e-03 -3.18986475e-02]"
What are the symptoms of Lassa Fever?,"Symptoms range from mild, including fever, weakness, and headache, to severe, such as hemorrhaging, respiratory distress, and multi-organ failure.",Symptoms vary from mild fever and weakness to severe bleeding and organ failure in Lassa Fever.,"What are the symptoms of Lassa Fever? Symptoms range from mild, including fever, weakness, and headache, to severe, such as hemorrhaging, respiratory distress, and multi-organ failure.","[ 2.15423927e-02 -6.39113560e-02 -2.05833907e-03  2.40087043e-02
  1.80796981e-02 -3.99699695e-02 -1.41398683e-02  5.33195995e-02
 -3.96069102e-02  9.30367708e-02 -2.08486281e-02 -3.52717340e-02
 -1.67739429e-02  7.33328015e-02  2.35250369e-02 -3.58878784e-02
  5.20426221e-02 -1.35848269e-01 -4.31912132e-02  5.05123734e-02
  2.87300888e-02  2.30020266e-02 -2.11669933e-02  6.93989843e-02
 -4.56383787e-02 -1.35510052e-02  5.03536053e-02  1.96999274e-02
 -7.09024668e-02  1.36462683e-02 -1.05145358e-01  3.64353769e-02
 -8.09851065e-02 -2.10143123e-02  9.73656699e-02  7.55824894e-02
  4.74567637e-02 -7.87853003e-02 -2.58198287e-02 -1.76292900e-02
 -7.40894023e-03 -3.04106046e-02 -4.04712409e-02  2.74058199e-03
  6.77534491e-02 -5.76377846e-02 -7.22719505e-02  5.40063716e-02
  1.10076539e-01  1.10961834e-03  9.81297791e-02 -8.39120746e-02
  2.29725484e-02  3.66789028e-02 -9.38511416e-02  2.75624022e-02
 -6.44183680e-02 -4.24211212e-02 -4.46583480e-02  5.17765507e-02
 -6.97720349e-02  1.25713386e-02 -1.74041428e-02 -1.25952763e-02
  2.30962620e-03 -2.67274193e-02  1.18897231e-02 -3.53271216e-02
  4.54006754e-02  4.85888086e-02 -5.74109629e-02 -4.14635725e-02
 -9.38475877e-02  1.31036490e-02 -3.38413082e-02 -6.96186498e-02
  9.47863609e-02 -8.76120664e-03  3.20277065e-02  4.32207920e-02
  2.19487562e-03  4.79648300e-02  1.17195845e-01  1.15347337e-02
  1.82866789e-02  9.75634158e-03  5.30918464e-02  2.70991027e-02
  2.95265932e-02  4.83929068e-02 -1.70460960e-03 -2.07013134e-02
 -1.23357661e-02 -4.02102619e-02  1.32968649e-02  8.82807374e-02
  1.88231084e-03 -1.13391383e-02 -1.43683776e-02 -1.12965349e-02
 -3.04485410e-02 -1.75842658e-01  2.57597379e-02  4.62684780e-02
  3.54216285e-02  1.09803379e-01 -3.78044462e-03 -4.82056960e-02
  1.17195826e-02 -4.45189886e-02 -7.61035010e-02  8.66069719e-02
  3.61440741e-02 -5.75561915e-03  3.22938152e-02 -4.92766425e-02
  1.53357713e-02  4.16134251e-04 -5.66158183e-02 -2.04350296e-02
  1.60517637e-02 -3.39242555e-02  8.19422007e-02 -2.08946504e-02
  1.49201071e-02  3.94165777e-02 -5.46856858e-02 -2.45503777e-33
  1.30729541e-01 -3.37047852e-03  1.94232948e-02  1.60139240e-02
  2.27651582e-03  5.19980416e-02 -1.22869853e-02  3.39134224e-02
  4.72127547e-04  1.83556098e-02  5.71656227e-02 -3.32983918e-02
  7.22534508e-02 -3.04954555e-02 -2.38165595e-02  4.64072600e-02
  8.20140466e-02 -2.50166040e-02 -9.23801272e-04  1.64772402e-02
 -1.20498249e-02  5.43065518e-02  1.11916646e-01 -1.58350561e-02
  4.15202118e-02 -3.06699723e-02 -1.66656431e-02 -4.42626849e-02
 -4.11302485e-02 -1.94477867e-02 -5.79403378e-02 -7.24982545e-02
  1.62646885e-03 -3.01878396e-02 -2.94280071e-02  3.78392674e-02
 -2.76395422e-03  5.71656674e-02  1.58208944e-02 -2.47929562e-02
  1.35475909e-03  1.97421648e-02 -1.44607909e-02  3.64367589e-02
 -6.90240785e-03  2.18337961e-02  4.78725368e-03 -2.37554535e-02
  4.36799601e-02 -2.85095293e-02 -1.02117732e-02  2.94076316e-02
  1.19488612e-02  3.41961794e-02 -6.26664609e-03  5.55035733e-02
  1.94397755e-02 -4.08917293e-02  1.90837830e-02 -5.71974702e-02
  5.91701679e-02 -4.01513986e-02 -5.24061434e-02 -1.38013437e-01
 -2.16336362e-02 -4.99488749e-02 -7.75964260e-02  2.09063143e-02
 -3.53077725e-02 -7.01696379e-03 -4.03688326e-02  4.20281626e-02
 -6.87320307e-02  1.79683883e-02 -1.43550080e-03  3.30042839e-02
  4.91710044e-02 -2.21701413e-02  4.24307026e-03 -5.87117393e-03
 -6.76917508e-02  1.09268297e-02  1.21296592e-01  9.16337371e-02
  2.12632748e-03  2.12557483e-02  9.39759426e-03 -4.72057648e-02
 -5.08520901e-02 -8.26439559e-02  6.91838712e-02  4.00965288e-02
  2.97148116e-02 -1.51966866e-02  3.15182880e-02 -6.65042954e-34
  4.53684218e-02  5.44632785e-02 -3.49702537e-02 -8.32362287e-03
 -2.44877823e-02  2.23121494e-02 -4.56923209e-02  2.21330076e-02
 -1.28401415e-02 -9.22740474e-02 -1.29704392e-02 -1.69370114e-03
 -1.47138357e-01 -4.04377878e-02 -3.01836599e-02  3.73182073e-02
 -3.21992934e-02  6.87828241e-03  8.59515443e-02  1.42682921e-02
 -7.91563615e-02  2.90956553e-02  9.17541143e-03 -8.55920687e-02
  7.45037496e-02 -7.59207755e-02 -1.07514793e-02 -2.52838582e-02
 -1.46712456e-02 -4.65641469e-02  1.31837741e-01  3.35829444e-02
  7.05503598e-02  4.44022678e-02  2.49000844e-02  4.85928059e-02
 -2.19550654e-02 -5.22904433e-02  2.90148351e-02  4.45823977e-03
  9.15963501e-02 -4.29313481e-02  3.01244278e-02  1.26179457e-02
  5.49449958e-02  3.81462425e-02 -9.98919234e-02  9.62638296e-05
 -7.22565651e-02  1.30690679e-01  4.95167561e-02 -8.57969075e-02
 -2.21264437e-02  8.84061009e-02  4.36210493e-03 -1.06556714e-01
 -1.92215685e-02 -2.80585960e-02  3.22730169e-02 -4.30455878e-02
  2.81405915e-02 -8.38302672e-02 -2.55386699e-02  4.44531068e-02
 -1.22442441e-02 -1.55842293e-03  6.15245849e-03 -3.28647159e-02
  2.04780418e-02 -2.58138659e-03  9.18586645e-03 -5.84154613e-02
 -8.59097838e-02 -8.72381218e-03  9.23022255e-02 -4.85990718e-02
 -9.30170938e-02 -2.08468605e-02  4.03600037e-02  7.41724391e-03
  8.85097962e-03  2.45242305e-02  4.45442647e-02 -5.63639402e-02
 -1.30078373e-02  7.27903247e-02  8.77087638e-02  6.10389886e-03
 -1.12410216e-02 -1.83752831e-02  1.05705075e-02 -2.28244588e-02
 -1.63437799e-02  6.44391850e-02  5.42693064e-02 -2.81967250e-08
 -4.08780649e-02  2.53270175e-02 -5.82338646e-02 -8.22299644e-02
 -5.42348512e-02 -1.64426137e-02 -8.71144794e-03  4.87436838e-02
  3.92114259e-02  8.75096992e-02 -5.87306619e-02  7.01983497e-02
 -4.33544889e-02 -3.60614136e-02 -3.99201661e-02  4.86421697e-02
 -2.87712589e-02  5.28584644e-02 -4.65396978e-03 -6.03312515e-02
 -8.70387070e-03  3.68747227e-02 -3.82078961e-02  8.65720585e-03
  3.51228379e-03 -4.90115657e-02 -6.59598708e-02 -2.25902442e-02
 -3.36054713e-02 -5.50964437e-02 -6.38431236e-02  4.76616472e-02
  5.44115938e-02 -2.37246808e-02 -5.77715924e-03  7.31167570e-02
  2.30533741e-02  3.75934020e-02  3.97734307e-02  3.91878635e-02
  3.74927707e-02 -2.72333231e-02 -3.74116120e-03 -5.98747917e-02
 -5.30213118e-03 -1.07470803e-01  1.26740247e-01  1.00394310e-02
  7.55106360e-02 -4.36407626e-02  8.59254897e-02  1.66704077e-02
  4.56170179e-02  3.19453627e-02 -9.97796133e-02 -3.01378220e-02
 -3.15483175e-02  7.96289891e-02  6.82073310e-02 -6.15743250e-02
  1.54711697e-02 -8.20291936e-02 -1.10296361e-01 -2.27400623e-02]"
Who is at risk of Lassa Fever?,"People living in or traveling to endemic areas of West Africa, particularly in rural communities with poor sanitation, are at risk.",Those in rural West Africa with inadequate sanitation are most at risk for Lassa Fever.,"Who is at risk of Lassa Fever? People living in or traveling to endemic areas of West Africa, particularly in rural communities with poor sanitation, are at risk.","[ 5.10985218e-02  3.96130560e-03 -7.96508789e-02  3.10499985e-02
  5.06697409e-02 -1.22188246e-02  5.07678129e-02  6.21074587e-02
 -3.68074961e-02  1.36394963e-01  3.18340659e-02 -5.49607240e-02
 -9.31310374e-03  4.71175537e-02 -6.54737577e-02 -5.31952903e-02
  1.45622389e-02 -1.48185760e-01 -5.65554649e-02  3.85849848e-02
 -6.90520555e-03  2.62721740e-02  5.98238260e-02  3.87389660e-02
 -7.19738975e-02 -4.03215364e-02  5.26014753e-02  2.37628538e-02
 -6.64909789e-03  3.45575921e-02 -3.93376201e-02  4.00737002e-02
 -4.13734205e-02 -3.15144584e-02 -3.60719324e-03  7.53264055e-02
  2.44556963e-02 -5.29691689e-02  7.04851300e-02 -4.79090912e-03
  1.95590146e-02 -6.40302300e-02  2.32001431e-02 -2.52627283e-02
  2.44461168e-02 -9.50072557e-02 -2.04671249e-02  4.79321107e-02
  7.19031096e-02 -6.38958961e-02  7.38714635e-02 -6.41780570e-02
 -1.24010229e-02  1.71659533e-02 -9.45021659e-02 -6.20461293e-02
 -3.72440778e-02 -9.92692411e-02 -6.87977672e-02  2.26067193e-02
  2.62609520e-03 -4.10319446e-03 -2.38826852e-02  1.79911070e-02
 -6.69043045e-04 -2.76858471e-02 -2.00141151e-03  4.04627174e-02
  3.44243757e-02  1.05122169e-02 -6.08785823e-03 -8.37422907e-02
 -9.68854353e-02  9.03422534e-02  1.12317186e-02 -4.00558338e-02
  7.21884221e-02 -1.75299216e-02  1.84823871e-02  3.40630934e-02
  8.23493227e-02  2.44674310e-02  1.54185519e-01 -2.58988738e-02
  2.00320724e-02  2.75812652e-02  2.13989988e-02 -4.26276028e-02
  7.07779303e-02 -4.30399887e-02  1.86700821e-02 -1.81583669e-02
  7.63680860e-02  1.83141492e-02 -1.60378274e-02  2.52683982e-02
  2.18867548e-02 -8.12973455e-03 -4.28240001e-02  4.32646386e-02
 -1.39874429e-01 -1.88523486e-01  3.60784866e-02  5.67211434e-02
 -2.69172993e-03  4.88899872e-02 -1.28805218e-02 -6.18007369e-02
 -2.12256256e-02 -4.27849256e-02 -7.98937380e-02  1.06499113e-01
  2.67300177e-02  6.90330639e-02  1.21747795e-02 -4.12550308e-02
  5.00503480e-02 -8.93896595e-02 -7.97377825e-02  2.16555838e-02
 -3.05544809e-02 -3.63829583e-02  5.03380410e-02 -3.69121805e-02
  2.44542025e-02  1.47405555e-02 -2.17352924e-03  1.93701678e-34
  1.04120120e-01 -6.44908892e-03  3.39987241e-02 -3.03044021e-02
 -1.94344844e-03  4.70827445e-02 -5.87210245e-02 -9.67182126e-03
  2.29119062e-02 -3.95451859e-02  2.19314881e-02 -1.11675285e-01
  3.97914760e-02 -4.20157388e-02  8.72363709e-03  8.85707662e-02
  7.83643052e-02  1.28934383e-02 -5.88098131e-02  2.02092268e-02
  6.28090696e-03 -2.33480632e-02  7.56363124e-02 -1.24192061e-02
 -1.25547117e-02 -2.97377557e-02  3.77721749e-02 -5.25392890e-02
  6.99518323e-02  1.18171833e-02 -3.25727183e-03 -8.42096657e-03
  9.95392166e-03 -1.04630381e-01 -1.80191398e-02  6.19334243e-02
 -6.46453053e-02 -3.62243410e-03 -3.77716459e-02 -3.42732482e-02
 -6.06212765e-02  2.20227167e-02  4.39897850e-02  5.36163971e-02
  6.89767078e-02 -4.01243847e-03  9.51385591e-04 -5.19098788e-02
 -8.20459947e-02  2.80681606e-02 -7.17165619e-02  2.72836853e-02
 -4.52929214e-02  6.99495301e-02  3.95793980e-03 -1.84878279e-02
  3.55643369e-02 -6.20925613e-03  3.97331566e-02 -4.24068309e-02
  3.32793929e-02 -6.09540232e-02 -6.11498952e-02 -1.03328831e-01
  3.60547788e-02 -7.80958459e-02  5.40762544e-02  1.13666207e-02
 -4.79498953e-02 -6.72473013e-03 -1.88843999e-02  1.60807874e-02
 -1.22492187e-01  5.63108474e-02 -2.16722619e-02  2.62894817e-02
  5.60219102e-02  3.31308581e-02  3.69419530e-02 -1.08103324e-02
 -8.47180858e-02 -9.85339750e-03  3.77045795e-02  9.07805115e-02
 -1.54364100e-02  3.95597145e-02 -1.76575817e-02 -3.21612582e-02
 -5.68667129e-02 -8.20831582e-02  6.93918094e-02  5.59885837e-02
  2.89757773e-02 -6.27740659e-03  7.56632711e-04 -2.91139976e-33
  2.59389617e-02  3.00623383e-02 -2.39915662e-02 -1.50173865e-02
  7.70064518e-02 -1.42659778e-02  8.11749883e-03 -5.40323593e-02
  3.49458680e-02 -9.52723343e-03 -7.23655373e-02 -1.46534760e-02
  5.62041625e-02 -1.65778399e-02  5.54701164e-02  9.81866475e-03
 -5.60072763e-03  3.38632055e-02 -1.36146210e-02 -3.92277651e-02
 -5.27300797e-02 -1.36295101e-02 -8.57892912e-03 -8.85188207e-02
 -2.54091080e-02 -3.17813680e-02 -5.53027876e-02 -8.94435588e-03
 -1.09249882e-01 -3.04052811e-02 -9.35764052e-03  1.14039876e-01
  2.01199781e-02 -8.26751254e-03 -8.32207128e-03  3.67935598e-02
 -2.47010663e-02 -7.28959143e-02 -1.76401269e-02 -4.80862800e-04
  1.41195387e-01  4.09640558e-02 -2.72598099e-02 -1.67975035e-02
  8.48231744e-03  7.68979639e-02 -1.06016388e-02  1.00778975e-02
 -1.79796759e-02  6.94884807e-02  7.89875388e-02  6.07127696e-03
  2.08721459e-02  8.58069658e-02  2.23294105e-02 -4.50391285e-02
  3.47741060e-02 -6.71214461e-02  1.44653581e-02  4.36665751e-02
  4.24237102e-02  2.52852011e-02 -5.76498993e-02  3.72932889e-02
 -8.03016126e-03  1.04931917e-03 -7.11805597e-02  3.07741165e-02
  4.69162613e-02 -2.69735437e-02  7.40535036e-02 -8.23502019e-02
 -9.63547900e-02 -4.89475355e-02 -2.80720536e-02 -5.91263846e-02
 -6.84342831e-02  3.60361710e-02  2.13704612e-02 -2.11499520e-02
  2.54527219e-02 -2.14857664e-02  4.56895158e-02 -9.67985205e-03
  1.60866771e-02  1.94895677e-02  8.21862593e-02 -1.17200300e-01
 -1.88353881e-02  3.88285145e-02 -1.00582168e-01 -3.54791526e-03
 -6.09497875e-02 -6.50751498e-03  3.98398601e-02 -2.75358332e-08
  5.91756590e-02  3.94098796e-02 -3.87060153e-03 -5.16368449e-03
 -1.17827766e-03  3.24383155e-02 -7.43563026e-02  3.33902687e-02
  4.18118685e-02  1.67194426e-01 -2.29571704e-02  8.76112655e-02
  6.20669313e-02 -2.81886254e-02 -3.09034716e-02  5.60411066e-02
 -4.12563533e-02  1.41351167e-02 -5.81095591e-02 -3.05913538e-02
  2.49271858e-02 -4.44033038e-04 -2.20593507e-03 -8.20990559e-03
  1.85213126e-02 -5.17261028e-02 -5.08896075e-02  2.44245771e-02
  1.92331281e-02 -6.39702976e-02 -4.98909466e-02  5.27800433e-02
  3.31141315e-02  5.55614941e-02 -1.24567337e-02  3.53770442e-02
  3.24963666e-02  1.71436686e-02  2.91942656e-02  9.63021256e-03
  2.66030375e-02 -3.22806053e-02  3.62745151e-02 -3.02202604e-03
  1.75823632e-04 -7.57757202e-02  6.27326816e-02  4.57114950e-02
  1.56556405e-02 -5.17170280e-02  1.26571748e-02 -6.64922819e-02
  6.66862875e-02  7.24297687e-02 -7.01409057e-02 -4.19206396e-02
 -3.98464538e-02  2.14096494e-02  4.17789668e-02 -2.39048488e-02
 -2.61495356e-02 -9.14659947e-02 -4.68661785e-02 -3.64691764e-02]"
How is Lassa Fever diagnosed?,"Diagnosis is usually confirmed by laboratory tests that detect the virus's RNA, antibodies, or the virus in blood or tissue samples.",Lassa Fever is diagnosed through lab tests that find the virus in bodily samples.,"How is Lassa Fever diagnosed? Diagnosis is usually confirmed by laboratory tests that detect the virus's RNA, antibodies, or the virus in blood or tissue samples.","[ 1.37739172e-02 -1.66204087e-02 -5.61149009e-02  5.37343603e-03
  2.89541166e-02 -5.20251915e-02  1.12673268e-02  7.33337700e-02
 -1.17021417e-02  1.09874114e-01 -1.38828736e-02  1.16696460e-02
 -3.72542776e-02  9.27153528e-02 -9.50315297e-02 -2.61510927e-02
 -8.22462700e-03 -1.08620308e-01  4.13009338e-03 -4.89629284e-02
 -1.64117310e-02  3.76433544e-02  5.95510844e-03  2.54874136e-02
 -1.82794966e-02 -1.58025057e-03  1.15835015e-02  1.45027991e-02
 -6.19727932e-02  5.78946956e-02 -2.07709055e-02  3.85464169e-02
 -3.62327248e-02  2.81389114e-02  4.73523997e-02  1.68921053e-02
  3.79091315e-02 -8.15104246e-02 -2.26271953e-02  2.55439505e-02
  2.25327853e-02 -9.48991105e-02 -7.86070991e-03 -1.35581198e-04
  6.92379102e-02 -1.58062931e-02 -4.59722951e-02  1.05122432e-01
  6.84111863e-02 -3.58414911e-02  6.59198388e-02 -9.12145004e-02
 -1.05546480e-02  4.19436768e-02 -1.04557239e-01  3.77378128e-02
 -1.62503477e-02 -6.96884468e-02 -3.58955115e-02  4.98705767e-02
 -5.86029775e-02  2.33457866e-03 -3.83250713e-02  3.07880696e-02
  6.52100816e-02 -5.15440851e-03  4.17947434e-02 -1.06785698e-02
  3.41707245e-02 -2.97842994e-02  3.34411822e-02  3.65513819e-03
 -2.19010077e-02  9.95183736e-02 -3.95059809e-02 -6.65800273e-02
  1.20030530e-01  5.46190366e-02  8.59192088e-02  5.73403537e-02
 -5.11003286e-02  2.21139733e-02  1.11509442e-01 -2.98540406e-02
  2.50016805e-02  5.64083867e-02  2.34237290e-03  1.47588169e-02
 -2.88477559e-02  2.21026465e-02  8.76947306e-03 -7.29096830e-02
 -8.27171504e-02 -2.75518429e-02 -4.56341207e-02  2.73889937e-02
  7.57084414e-02 -4.58564638e-04  9.83355641e-02  9.69382562e-03
 -8.54130909e-02 -1.90281153e-01  4.35220860e-02  4.01603319e-02
 -2.28897436e-03  7.18963444e-02 -3.96324880e-03 -3.72842029e-02
  6.78006560e-02 -6.84105977e-02 -7.13297576e-02  8.84093717e-02
  8.80317092e-02  3.13237980e-02  3.25433873e-02  6.74084155e-03
  1.51217747e-02  3.23339216e-02 -5.14786830e-03 -1.80621520e-02
  5.98679371e-02  6.51762821e-03  9.90928560e-02 -4.78923395e-02
  1.06541552e-01  1.30877540e-01 -4.61138412e-02 -4.13689266e-33
  9.67196599e-02 -2.47660745e-02  2.76922509e-02  1.63577013e-02
 -4.70967889e-02  9.40536708e-02 -5.60298972e-02  3.22248712e-02
 -1.95375364e-02  1.29230367e-02  4.75487374e-02 -2.32881357e-04
  8.09643343e-02  5.44726755e-03 -3.53318565e-02  7.30173364e-02
  1.90460291e-02 -6.82828762e-03 -5.38324341e-02  1.48696010e-03
  1.70930568e-02  3.48068550e-02  1.09184101e-01 -6.32558763e-02
  8.19293689e-03 -5.39533533e-02 -2.98892036e-02 -1.68177020e-02
  6.52306154e-02 -1.17538571e-02 -4.07016538e-02  2.91319244e-04
 -1.56349391e-02 -3.90280643e-03 -1.54831568e-02 -1.09754624e-02
  1.85329635e-02  1.24632008e-02  2.54506133e-02  1.01297563e-02
  6.49646521e-02 -6.18356504e-02 -3.63641325e-03 -2.44393498e-02
  2.54401891e-03  2.28663981e-02 -8.07402581e-02 -2.76859235e-02
  3.78992818e-02 -1.94486696e-02  1.69054512e-02  6.34123152e-03
 -3.53901973e-03 -1.15240994e-03  1.70117822e-02  8.08267370e-02
 -8.00654385e-03 -5.38074374e-02  7.28206802e-03 -4.42553647e-02
  6.15831912e-02 -5.78428358e-02 -3.83061953e-02 -6.80821538e-02
 -6.18557744e-02 -3.24700810e-02 -3.21434662e-02  2.49030488e-03
  7.53849279e-03  4.03124467e-03 -3.82239185e-02  4.43703346e-02
 -5.38193658e-02  2.49339431e-03  2.95608472e-02 -1.65854245e-02
 -8.71606357e-03  1.63527727e-02 -2.54728533e-02 -4.31760699e-02
 -5.45677207e-02  7.47465389e-03  1.00764491e-01  8.80790427e-02
 -2.40908284e-02 -8.89160088e-04 -3.50231007e-02 -2.77151242e-02
 -1.05239891e-01 -1.15882598e-01  2.21107490e-02  7.50107542e-02
 -1.61636807e-02 -3.88287497e-03  7.28252530e-02  3.31443397e-34
  1.65950868e-03  4.13835570e-02 -4.03062366e-02  2.85529648e-03
 -2.22467128e-02 -3.78508004e-03  1.26674203e-02 -2.20749676e-02
  5.70380408e-03 -2.72553507e-02  5.66940941e-03 -4.79571661e-03
 -1.15018763e-01 -1.54861603e-02 -5.00213914e-02  5.41990399e-02
 -9.56853777e-02 -2.05306243e-02  3.79354283e-02  3.61022763e-02
 -1.19702592e-01  2.41499394e-02  1.87979527e-02 -1.15823716e-01
  2.49637123e-02 -9.02607590e-02  6.27183467e-02 -2.03327462e-02
 -1.87392496e-02 -4.65415418e-02  6.06976524e-02  1.37037998e-02
 -9.58591979e-03  4.93562920e-03  4.86762077e-02  3.22387032e-02
  5.83438165e-02 -1.01502284e-01  3.68809700e-02  2.70506293e-02
  5.42769581e-02  3.55944261e-02 -8.74838680e-02  1.37545401e-02
  2.22791862e-02  5.22329248e-02 -2.60426980e-02  8.09990615e-02
  4.38224059e-03  6.80595189e-02  3.91505249e-02 -7.25817382e-02
  3.42794582e-02  7.65447915e-02 -2.62855086e-02 -8.33548978e-02
 -7.66268745e-02 -9.30922758e-03 -3.34233306e-02  3.30466516e-02
  3.22697982e-02 -8.87600854e-02 -6.43261746e-02  7.31997117e-02
 -6.56394567e-03  1.55066941e-02  3.53537351e-02  3.81743126e-02
  5.65136150e-02 -3.42425294e-02  2.34805178e-02  5.34477062e-04
 -1.05076492e-01 -2.89798575e-03  8.49183798e-02 -3.62149887e-02
 -1.11912906e-01 -5.77615090e-02  1.50146419e-02  5.15047985e-04
  3.61388689e-03 -4.92222272e-02  7.56618455e-02 -2.30503064e-02
  5.25678601e-03  1.29263047e-02  8.04215446e-02 -6.42965408e-03
 -3.70443910e-02 -1.83681902e-02  4.67846021e-02 -5.90595789e-02
 -6.19518124e-02 -1.18597886e-02  4.23942097e-02 -2.60407766e-08
  1.58451982e-02 -6.12334907e-02 -3.09119634e-02 -1.23303823e-01
 -4.81194928e-02  5.52078113e-02 -1.59985311e-02  4.55195345e-02
  9.61080566e-02  3.40723284e-02 -5.57399616e-02 -1.67647209e-02
 -6.38707429e-02 -2.38491315e-02  1.93078108e-02 -1.70128234e-02
 -2.78314091e-02  8.59922022e-02 -5.50571457e-02 -1.88431256e-02
  1.11807631e-02 -1.04107084e-02 -4.96078795e-03  1.34937754e-02
  1.09259319e-02 -7.82936662e-02 -5.10743223e-02  3.42220180e-02
 -2.30443608e-02 -7.24426284e-02 -8.74807462e-02  5.85532561e-02
  5.26199602e-02 -4.12031077e-02  1.11662271e-02  5.45607731e-02
  3.85808386e-02  3.08411885e-02  7.89918080e-02  3.49737667e-02
  3.54459602e-03 -1.27411112e-02 -1.58142336e-02 -7.32531995e-02
 -2.02785693e-02 -5.93423694e-02  7.83082768e-02 -1.49847018e-02
  4.92244326e-02 -4.63325977e-02  6.27906248e-02 -1.81607734e-02
  5.22042625e-02  1.73740666e-02 -1.08256534e-01 -2.59778127e-02
 -4.11010943e-02  1.24672567e-02  8.13457463e-03 -3.66498791e-02
  2.78292838e-02 -3.40964235e-02 -1.58073884e-02 -6.05004467e-02]"
What is the treatment for Lassa Fever?,"Early administration of Ribavirin, an antiviral drug, is effective, especially when given within the first six days of illness. Supportive care for symptoms is also provided.",Lassa Fever treatment includes the antiviral drug Ribavirin and supportive care.,"What is the treatment for Lassa Fever? Early administration of Ribavirin, an antiviral drug, is effective, especially when given within the first six days of illness. Supportive care for symptoms is also provided.","[-4.11038566e-03 -3.05240918e-02 -5.31145930e-02  6.43802760e-03
 -3.19864713e-02 -1.07970219e-02 -5.94292581e-02  8.16089436e-02
  2.22201049e-02  9.02594551e-02 -1.18625420e-03  1.00078739e-01
 -4.19928171e-02  7.49858320e-02 -3.53370011e-02  4.84419726e-02
  5.58191985e-02 -4.36558090e-02 -1.52398432e-02  1.42992735e-02
 -4.54222187e-02  8.44966918e-02  6.38464615e-02  8.45002085e-02
 -4.44999449e-02 -1.71443038e-02  3.09975035e-02  5.04311100e-02
  2.13359343e-03  3.04013919e-02  3.39293219e-02  4.64994907e-02
 -4.68452871e-02 -4.48215082e-02 -2.89723631e-02  1.23340756e-01
 -2.73876749e-02 -8.39390084e-02 -3.25557366e-02  9.07532591e-03
 -2.25029793e-02 -3.80281992e-02 -5.88187650e-02 -1.11575248e-02
  8.06168616e-02 -5.22745401e-02 -2.27941517e-02  1.17136836e-01
  1.72448486e-01 -4.54562716e-03  9.65616405e-02 -7.83642679e-02
 -9.64896660e-03 -1.24471448e-02 -5.25747053e-02  6.00011908e-02
 -1.55867524e-02 -4.02984433e-02 -1.61081422e-02  1.67184845e-02
 -4.04804423e-02  2.97717750e-02 -4.61400077e-02  2.67952401e-02
 -1.82207022e-02 -5.05873524e-02  2.12848969e-02  1.39633100e-02
  8.36943984e-02  3.47107388e-02 -2.35074833e-02 -4.53166328e-02
 -2.83408333e-02  5.81597537e-02 -7.26026893e-02 -6.78491741e-02
  1.08620159e-01 -2.91625988e-02  9.69703943e-02  1.81949092e-03
  3.68990935e-02  6.27372693e-03  9.88015383e-02  6.44005761e-02
  2.33590766e-03  5.10312393e-02  7.21190684e-03 -8.55318084e-03
  6.06594905e-02 -8.39314517e-03  8.23957846e-02  4.45904694e-02
  1.83797888e-02 -7.72666112e-02 -5.84705323e-02 -3.30316252e-03
  2.86269304e-03 -3.17783840e-03 -4.18235436e-02  5.07453084e-02
 -2.69855727e-02 -1.71215951e-01 -4.17416096e-02 -3.74612195e-04
  1.42247817e-02  3.84320170e-02  3.30577604e-02 -2.83260504e-03
 -1.37703754e-02 -6.90182596e-02 -7.32444748e-02  5.08146435e-02
 -2.84575317e-02  3.56165767e-02 -1.13170352e-02  6.66176900e-02
  1.46071658e-01  1.32289426e-02 -2.49934178e-02 -2.86879507e-03
  3.20864506e-02  2.26224568e-02  9.64378268e-02 -3.47037129e-02
 -3.97744356e-03  4.94820811e-02  3.79164740e-02 -1.35914841e-35
  8.33120272e-02 -3.93486470e-02  1.35482056e-02 -8.76135542e-04
 -1.68554112e-02  7.66682550e-02 -3.38681526e-02  1.30322557e-02
  2.60844524e-03 -7.83072188e-02  3.40254325e-03 -8.89504477e-02
  6.31785020e-02 -2.06416789e-02 -5.97162798e-05 -1.39542622e-02
  3.93777341e-02  6.85688015e-03  2.29325350e-02 -2.72779213e-03
  9.66725592e-03  1.87711846e-02  1.07423417e-01 -8.39913450e-03
  6.61579566e-03 -2.11248430e-03  2.78330352e-02 -5.43312356e-03
  7.01549649e-02 -2.83016227e-02  3.04297619e-02  3.92189659e-02
 -5.13038747e-02 -9.38052684e-03 -7.75632337e-02  5.39656822e-03
 -7.92846642e-03 -2.74475832e-02  5.83903417e-02  1.04221664e-02
  1.61038507e-02  5.75856082e-02 -2.32207542e-03 -1.61386728e-02
  1.14760119e-02 -9.47148912e-03 -4.42647599e-02  1.00304307e-02
 -3.71289663e-02 -5.47231324e-02  6.52631819e-02  3.15831527e-02
 -1.39750028e-02 -1.24976747e-02 -1.72168724e-02  4.82790396e-02
  8.69770907e-03 -6.28816150e-03  3.52063999e-02 -7.54716322e-02
  7.26210773e-02 -1.03676118e-01 -8.78552068e-03 -3.15173492e-02
 -2.86304280e-02 -4.23735864e-02 -9.27582383e-03 -4.02160920e-02
 -7.51346797e-02 -8.95505026e-02 -4.28538248e-02  5.79584800e-02
 -3.40927690e-02  1.78469103e-02 -1.79308876e-02 -2.59064417e-02
  6.41942024e-02 -1.04273995e-02 -4.68795709e-02 -3.76686379e-02
 -6.83274195e-02 -2.42678784e-02  8.65270719e-02  9.12311301e-02
  2.34677233e-02 -2.54432149e-02 -1.61712263e-02 -5.96996658e-02
 -3.40207443e-02 -9.02630240e-02 -7.10381102e-03  1.29124045e-03
  1.64776295e-02 -5.28672070e-04  5.56502268e-02 -1.72751219e-33
  7.00500757e-02 -2.83478107e-02  9.93611570e-03  1.90351680e-02
  1.70530025e-02  2.18157936e-02 -5.72729260e-02 -8.32617879e-02
  6.17346447e-03 -6.93422705e-02 -3.21377590e-02 -2.23431531e-02
 -4.59857099e-02 -6.55985326e-02 -1.01569537e-02  3.58113386e-02
  8.29848577e-04 -2.72105467e-02 -5.84505685e-02  4.76277098e-02
 -7.12097436e-02 -4.75725112e-03  4.79275845e-02 -1.15767807e-01
  5.17385006e-02 -9.72372815e-02  4.13696505e-02 -4.24663238e-02
 -5.69456723e-03 -4.56200959e-03  7.40869902e-03 -2.73590498e-02
  1.36102354e-02 -5.47530726e-02  9.17373504e-03  7.98979998e-02
  2.75253132e-02 -4.05558906e-02 -9.67512559e-03  2.46896110e-02
  8.66114870e-02 -1.13370214e-02 -4.91562635e-02  9.25997365e-03
  9.14525893e-03  5.47043048e-02 -9.56069455e-02  2.65067779e-02
 -9.93739143e-02  7.20102787e-02  2.55753845e-02 -8.23777393e-02
  4.69312370e-02  9.60935801e-02  4.70717773e-02 -8.49645361e-02
  3.49234901e-02 -5.46600185e-02  2.05742903e-02 -1.03230020e-02
 -7.46484054e-03 -6.21772483e-02 -4.00110260e-02 -1.38498582e-02
  4.01029140e-02  7.89021626e-02  2.00980809e-02  5.17470837e-02
  2.69561019e-02 -1.18833162e-01  6.07769899e-02 -2.90637161e-03
 -5.54820597e-02  5.15164509e-02  2.43418943e-02 -5.12720346e-02
 -2.59901979e-03 -9.14414003e-02  1.49770575e-02 -3.20991576e-02
 -6.04765452e-02  1.79752503e-02  2.16668509e-02 -4.67102379e-02
 -5.65072009e-03  5.52510098e-03  1.05499417e-01  3.57693657e-02
 -1.31877996e-02  3.86987277e-03  2.25751312e-03 -3.58546153e-02
  3.76183204e-02  4.78640273e-02  7.58421347e-02 -2.93130480e-08
  2.66167913e-02 -1.52008259e-04 -3.95323820e-02 -2.35316716e-02
 -5.24366535e-02 -1.32597489e-02 -4.72926460e-02  2.42210925e-02
  3.92056890e-02  4.30875905e-02 -5.37229106e-02  1.30138353e-01
  4.99956869e-02 -3.51782367e-02 -9.06739384e-02  2.77879313e-02
 -3.39207676e-04  2.02683806e-02 -4.49248776e-02 -5.04579283e-02
 -3.88192236e-02  2.38047857e-02 -1.84683688e-02 -6.32589087e-02
 -5.60959044e-04 -7.41130188e-02 -2.15214845e-02 -9.90720373e-03
  3.71855050e-02 -1.12046689e-01 -8.00681934e-02  7.12507516e-02
  5.98699078e-02 -4.88436222e-02 -1.10786948e-02  5.27188703e-02
  4.80379947e-02  2.87058465e-02  8.42192546e-02  5.67802973e-02
 -5.55757899e-03 -2.86424849e-02  2.16496065e-02 -6.99994266e-02
 -2.08773483e-02 -7.86376819e-02  8.08261111e-02  1.23856887e-02
  4.36092615e-02  1.33644324e-03  8.21029395e-02  5.51450886e-02
  6.88044727e-02  1.41705561e-03 -5.46928309e-02 -1.90172791e-02
 -5.08835800e-02 -9.04649869e-02  5.33437654e-02 -1.70566663e-02
 -7.09536225e-02 -1.12845890e-01 -6.60965964e-02 -1.45947083e-03]"
Can Lassa Fever be prevented?,"Prevention involves controlling rodent populations, storing food in rodent-proof containers, and maintaining good hygiene.","Good hygiene, rodent control, and proper food storage prevent Lassa Fever.","Can Lassa Fever be prevented? Prevention involves controlling rodent populations, storing food in rodent-proof containers, and maintaining good hygiene.","[ 4.33685211e-03  4.75496687e-02 -4.04552594e-02  1.47467526e-02
  7.15810433e-02  2.02150177e-02  9.83780436e-03  7.31743686e-03
 -4.59599346e-02  1.13548189e-01  2.15995554e-02  9.86478403e-02
 -1.29119232e-02  8.73178020e-02 -3.47153135e-02 -2.07047686e-02
  6.45269006e-02 -2.43097246e-02 -1.00096650e-02  3.35847139e-02
 -1.40908929e-02  5.77085130e-02  8.27522576e-02  5.55330552e-02
 -1.47495389e-01 -4.77906168e-02  6.33893684e-02  2.30643731e-02
 -2.78272107e-02  4.79196943e-03  1.11984070e-02 -1.37564577e-02
 -6.40139505e-02 -6.98948801e-02 -2.12250613e-02  5.69241382e-02
  1.92764625e-02 -3.50530185e-02  2.59773489e-02  5.26697487e-02
 -9.67950840e-03 -5.85856959e-02 -5.37497774e-02 -2.17231996e-02
  1.78159412e-03 -3.66987996e-02 -4.57389317e-02  3.76200192e-02
  6.98944330e-02 -7.09759369e-02  4.88678403e-02  1.48478067e-02
  1.01956027e-02  4.80516665e-02 -6.15975298e-02  3.12680379e-02
  1.74115086e-03 -7.60776624e-02 -9.91451368e-02  2.98400689e-02
 -1.80297047e-02  1.07715251e-02 -4.92555909e-02  7.19541498e-03
 -1.58962253e-02 -1.02049336e-02 -4.87069041e-02  4.61651571e-02
  3.81948538e-02  4.30947840e-02  1.15641020e-02  9.12234373e-03
 -7.98511971e-03  8.44083726e-02  1.71657782e-02  1.37148891e-02
  3.31237726e-02 -1.22994883e-02  1.29271105e-01  5.58588430e-02
  7.95932021e-03  7.32326694e-03  2.31633469e-01  4.31304909e-02
 -6.63830433e-03 -3.74806463e-03  1.40638957e-02 -2.11454164e-02
  1.89531278e-02 -3.97420861e-02 -7.23571470e-03 -4.52322923e-02
  6.00936525e-02 -1.89819410e-02 -5.83121255e-02 -2.05786601e-02
  2.46868674e-02 -2.61145458e-02  1.48180202e-02  1.39625585e-02
 -4.50473130e-02 -1.96061417e-01 -2.75622997e-02  3.33307795e-02
  3.50774862e-02 -4.86613577e-03  2.41625514e-02 -3.87961902e-02
  2.29910593e-02 -1.84165090e-02 -9.81968939e-02  1.22974791e-01
  2.22321060e-02  8.11564326e-02 -1.83457080e-02  4.41093324e-03
  1.08407706e-01 -1.75198395e-04 -1.67750083e-02 -4.82197106e-02
  7.71490261e-02  1.22836959e-02  1.23987064e-01 -3.51568647e-02
  7.34264329e-02 -1.83281191e-02  1.89908668e-02  1.00760093e-34
  3.80640179e-02 -6.08304515e-02  3.13793980e-02 -3.77731696e-02
 -4.12438158e-03  5.52047119e-02 -4.56231087e-02 -1.85105149e-02
  5.18587045e-02 -4.48851697e-02  2.00180360e-03 -6.45575672e-02
  4.30964045e-02 -1.84050482e-02  6.69000894e-02  2.03266963e-02
  4.07376997e-02 -6.86596055e-03  8.49469453e-02 -6.07757568e-02
  1.26792025e-02 -8.11776444e-02  8.11179206e-02 -1.34536512e-02
  4.13524099e-02 -5.21558821e-02 -2.27614790e-02 -2.82541849e-02
  4.43602726e-02  2.30356660e-02 -6.87576085e-02  7.66696129e-03
 -3.24785225e-02  2.50208396e-02 -9.97652858e-03 -3.71107124e-02
 -2.87270006e-02 -8.22845697e-02  1.76482871e-02 -4.28048037e-02
 -9.99026839e-03  2.02654302e-02  9.24320742e-02  5.71339740e-04
 -2.11062785e-02  1.09702786e-02 -4.82016392e-02 -1.10471537e-02
 -6.96701333e-02  4.36776871e-04  5.44743389e-02  2.95762829e-02
 -3.33928950e-02 -1.35142440e-02 -4.20989469e-02 -6.82088584e-02
  2.82766279e-02 -3.50952409e-02 -2.93333549e-02 -5.39310649e-02
  3.27579379e-02 -5.04061021e-02 -1.11839380e-02 -5.85493036e-02
  4.41984599e-03 -5.23047298e-02  1.18376268e-03 -4.80791703e-02
 -3.65937650e-02  8.16346984e-03 -4.78810221e-02  2.76668537e-02
 -1.21514410e-01 -6.70402721e-02 -5.98832369e-02 -7.72977993e-02
  6.07753284e-02  6.02230616e-02  1.90835558e-02 -3.95462140e-02
 -2.32656319e-02 -1.82954781e-02  5.47103807e-02  9.86087471e-02
 -1.08167343e-02 -2.06587985e-02  3.81625965e-02  3.48750278e-02
  3.63877714e-02 -1.14787973e-01  8.37266892e-02  5.50307594e-02
  4.88005998e-03  3.49415950e-02 -1.92540884e-02 -1.40479188e-33
  2.66634878e-02  1.65756419e-02 -6.87880022e-03  4.65060584e-03
 -3.31243663e-03  5.11129685e-02 -8.24835896e-03 -7.62402490e-02
  5.25588309e-03 -1.07425869e-01 -3.46493833e-02 -1.45697745e-03
  1.80945825e-02 -1.90622415e-02  5.21763170e-04  2.88903043e-02
 -2.82371473e-02 -2.16203332e-02 -3.70711945e-02 -1.05837405e-01
 -1.27134249e-01 -1.71771608e-02  2.88643837e-02 -5.05239777e-02
  1.19801974e-02 -7.22939819e-02 -6.74675032e-02  3.67781632e-02
  2.35702340e-02 -8.29280633e-03  2.60500908e-02  2.95868907e-02
  6.80788141e-03 -2.50577740e-02  5.10504358e-02  3.94329894e-03
  4.11043242e-02 -6.55095130e-02 -3.58522199e-02 -8.97028856e-03
  1.29812002e-01 -2.27121427e-03 -5.38571477e-02  6.57553151e-02
  4.22594026e-02  8.02095830e-02 -1.48671493e-02  1.03001501e-02
 -1.71973351e-02  9.35527906e-02  3.06262802e-02 -8.96152258e-02
 -1.86781958e-02 -2.57719327e-02 -2.72720102e-02 -8.19316804e-02
  2.27571744e-02 -1.03573598e-01  1.37621760e-02 -3.20903696e-02
  3.06114741e-02 -9.57387220e-03 -8.29831362e-02  3.12331859e-02
  2.09957138e-02  2.27081403e-03  1.07071688e-02  6.73225895e-02
  8.15732107e-02 -5.91320246e-02  1.09468497e-01  4.39517060e-03
 -2.92455740e-02 -8.99278559e-03  4.28383239e-03 -3.86753231e-02
 -1.66575555e-02 -3.07303686e-02  4.28003445e-02  1.57360286e-02
 -5.00802845e-02  4.09538187e-02  6.01528352e-03 -4.26269099e-02
  4.40698350e-03  1.29138054e-02  1.42593766e-02 -2.66434234e-02
 -4.52603213e-02  1.89912003e-02 -3.39775831e-02 -4.39786054e-02
 -2.39974428e-02  3.98985371e-02  3.01697515e-02 -2.33757476e-08
  6.61552921e-02 -1.42773455e-02 -5.46874218e-02  3.75136770e-02
 -7.50818625e-02 -2.63572652e-02  1.69588625e-02  3.35975513e-02
  1.01511173e-01  1.25644013e-01 -2.48267464e-02  1.61570594e-01
  5.13978191e-02  1.37915118e-02 -8.54536220e-02  3.11563089e-02
  2.46613063e-02  3.93564031e-02 -3.60347219e-02 -3.05445865e-02
  6.92469813e-03 -2.20761746e-02 -1.54738696e-02  7.02768750e-03
 -4.23728395e-03 -1.01087302e-01 -1.70596503e-02  2.15641782e-02
  4.82222661e-02 -5.78447655e-02 -8.18003118e-02  2.26363447e-03
  4.21920121e-02  5.22890724e-02  2.00197306e-02  1.47091402e-02
  4.91585694e-02  3.44874263e-02  9.33747366e-02 -1.22064846e-02
  5.33766160e-03 -1.82892960e-02  7.34257372e-03  9.00488254e-03
 -1.82173178e-02 -6.93466142e-02  4.26324010e-02  3.15797441e-02
  5.38927466e-02 -3.45645100e-02 -3.39237344e-03  3.08341421e-02
  1.05994605e-01  6.06614985e-02 -9.50702131e-02 -7.63171166e-02
 -3.22734527e-02 -3.65873426e-02  7.47084022e-02 -3.99359353e-02
 -5.60967624e-02 -4.54899035e-02  6.87840860e-03  5.84137719e-03]"
Is there a vaccine for Lassa Fever?,"As of now, there is no licensed vaccine for Lassa Fever. Research is ongoing to develop a safe and effective vaccine.",There is currently no vaccine for Lassa Fever; research is underway.,"Is there a vaccine for Lassa Fever? As of now, there is no licensed vaccine for Lassa Fever. Research is ongoing to develop a safe and effective vaccine.","[-1.41508998e-02 -3.47573645e-02 -6.59968182e-02 -2.11419892e-02
 -1.39142387e-02 -3.86583433e-03 -4.56284732e-02  2.88100950e-02
 -7.00745638e-03  1.44845471e-01  5.57091646e-03  8.28790069e-02
 -2.87801735e-02  7.84401074e-02  1.52304517e-02 -2.21619643e-02
  3.55701484e-02 -4.61225547e-02  2.78067384e-02 -5.74817182e-03
 -5.56142367e-02  6.74883649e-02  3.65629308e-02  8.27913061e-02
 -7.28245378e-02 -1.05617620e-01 -1.43801130e-03  1.35572860e-03
 -4.21977825e-02  1.64855365e-03 -7.54937679e-02 -4.24629599e-02
 -6.47890419e-02 -4.92341071e-02  3.99584547e-02 -1.37957996e-02
 -1.29071083e-02 -2.96498165e-02  3.42889242e-02  2.36822627e-02
 -1.17819924e-02 -3.60442065e-02 -2.80001294e-02  3.84142250e-02
  6.44629821e-02 -4.23149788e-04 -2.99953390e-02  6.12793751e-02
  1.08887680e-01  4.57671890e-03  8.68602656e-05 -1.10272698e-01
  7.89673477e-02  4.27233279e-02 -4.06081788e-02 -5.14643155e-02
 -7.70425424e-03  8.25657975e-03 -2.14599948e-02  6.46248162e-02
 -8.28763917e-02  6.15059538e-03 -6.01365119e-02  4.20437008e-02
 -4.64516133e-02  4.86441776e-02 -3.11753284e-02  1.52334794e-02
  4.68941331e-02 -4.19126004e-02  1.19929584e-02 -3.67088453e-03
 -4.22442844e-03  1.31560102e-01 -1.54924132e-02  2.05480792e-02
  1.03595696e-01  3.71405929e-02  1.06488541e-01  9.18981060e-02
 -6.67359075e-03 -7.92489015e-03  1.11971647e-01  1.24978076e-03
  3.53569873e-02  6.28158674e-02  4.57136296e-02  4.37780023e-02
  4.05133218e-02 -3.44958380e-02 -9.90714878e-03 -7.34420260e-03
 -3.54397260e-02 -2.49383021e-02 -7.13959038e-02 -2.31271610e-02
  5.70475310e-02  3.44339125e-02  3.17510441e-02 -1.75147224e-02
 -7.06800967e-02 -2.03098148e-01 -2.96600373e-03  6.77379221e-03
 -8.41323193e-03  8.82370025e-02 -2.75791120e-02 -5.50021343e-02
  2.28165295e-02 -2.03562006e-02 -1.13321602e-01  6.78859875e-02
  6.42886460e-02  1.79327745e-02 -6.55482849e-03  2.57448480e-03
  5.42612858e-02 -5.43928966e-02  4.84903343e-02 -6.05389513e-02
  5.40151708e-02 -1.05286837e-02  4.93211076e-02 -6.14862479e-02
  6.63900524e-02  4.45338935e-02  4.18255739e-02 -1.77429889e-33
  3.19816507e-02  2.21792012e-02  7.94998258e-02  2.40857992e-02
 -4.66388278e-02  7.54299462e-02 -1.47541063e-02  3.15138958e-02
 -5.90848178e-02 -8.53830576e-02 -1.72294881e-02 -5.05607612e-02
  4.23373021e-02  7.61876674e-03  1.43105676e-02  1.60863157e-02
  4.39787619e-02 -5.05179912e-02  3.03804744e-02 -4.34158184e-02
  1.96972564e-02  4.53954823e-02  7.90456682e-02 -5.88826314e-02
 -5.17237233e-03 -1.57495718e-02  5.19636758e-02 -2.27154009e-02
  5.92599288e-02  2.53132675e-02 -6.19858131e-02 -6.30128710e-03
 -3.87855992e-02 -3.78939807e-02  1.50999252e-03 -4.80024293e-02
 -4.26374078e-02 -2.05101632e-02  2.98966356e-02  3.31995473e-03
  3.99431512e-02  5.47292568e-02  1.24655128e-03  3.76737234e-03
  1.50027024e-02 -2.75096688e-02 -5.91599047e-02 -3.54490057e-02
  2.35816333e-02 -8.23787004e-02  2.97033656e-02  3.41983661e-02
 -5.86522445e-02 -7.41234124e-02  1.82564873e-02  3.03521845e-02
  4.64459276e-03  3.23687904e-02  3.20793726e-02 -5.34734912e-02
 -1.89968292e-02 -6.00110926e-02 -5.43536060e-02 -7.32307956e-02
  4.17757686e-03  1.08609358e-02 -1.43805449e-03 -4.67684865e-02
 -8.92470311e-03 -2.49948818e-02  7.74000362e-02  3.92710567e-02
 -1.00968130e-01 -6.83926865e-02 -3.20123248e-02 -3.99392657e-02
  5.91160171e-02  3.86223919e-03  5.28828911e-02  1.99039001e-02
 -5.20645902e-02 -2.60143587e-03  5.44693545e-02  1.17208704e-01
  2.31125057e-02 -3.47166993e-02 -3.17176506e-02  9.00239870e-03
 -6.67462721e-02 -6.33537769e-02  2.12729964e-02  4.74085398e-02
 -4.63846466e-03  2.93030962e-03  5.17366379e-02 -2.34452922e-34
  2.68021096e-02 -1.35873947e-02 -1.92924077e-03  6.16070963e-02
  2.47688629e-02  4.11668792e-02  2.99494639e-02 -6.14514537e-02
  2.66568214e-02 -3.55952680e-02 -1.87578313e-02 -2.83526164e-02
 -2.27829441e-03  2.01879744e-03 -1.19348029e-02  5.34391962e-02
 -1.08086415e-01 -4.41390509e-03 -3.15216072e-02 -2.48892717e-02
 -5.53727783e-02 -4.93847346e-03  7.59785846e-02 -1.06532253e-01
  8.24827924e-02 -7.63303041e-02 -8.20818171e-03  8.44284743e-02
 -1.12104081e-02  5.10296784e-03 -2.12319680e-02  1.18508311e-02
  6.01206394e-03  9.65035427e-03 -4.60493602e-02  2.91547831e-02
  9.19978544e-02 -6.50981888e-02  9.23224073e-03 -1.31464144e-03
  5.63066378e-02 -4.00626026e-02 -1.68474894e-02  2.65785456e-02
  6.82292283e-02  3.98895293e-02 -4.67086807e-02  4.84570749e-02
  8.57865065e-03  9.88086686e-02  1.98491365e-02 -8.27377215e-02
 -2.44669355e-02  3.47741619e-02 -2.25085821e-02 -9.38307941e-02
 -8.65816139e-03 -6.96071936e-03  4.97924574e-02  5.43502672e-03
  4.75552157e-02 -4.64436412e-02 -1.05740212e-01  1.38206305e-02
  5.88766821e-02  8.31101686e-02  1.93959922e-02  4.34129760e-02
 -4.40714732e-02 -3.98596935e-02  8.70718956e-02  2.94461544e-03
 -5.45667820e-02 -1.72914304e-02  2.90505625e-02 -6.68649934e-03
  1.26811629e-02  1.06688328e-02  9.23522934e-03  3.72791179e-02
  7.39818737e-02  1.20181395e-02  2.73774266e-02  1.53136849e-02
  7.37907737e-02  4.95168082e-02  5.43844290e-02 -8.15118626e-02
 -7.15043694e-02  2.87813880e-02 -3.27281691e-02 -4.63879555e-02
  1.82868894e-02  4.18564491e-02  3.83240841e-02 -2.48962344e-08
  1.01978354e-01  1.65493060e-02 -2.60463990e-02 -2.50536278e-02
 -6.77467063e-02  8.57879687e-03 -2.64776070e-02  1.05476882e-02
  2.27067601e-02  9.54069719e-02 -4.68917638e-02  6.88672364e-02
  4.63173203e-02  1.77229904e-02 -5.19478731e-02 -3.84145118e-02
 -1.05269533e-03  5.09465598e-02 -4.66216169e-02 -2.64519714e-02
  4.88374429e-03 -2.33172476e-02 -3.87230068e-02 -2.62403861e-02
 -2.47300435e-02 -7.35248104e-02 -8.52792859e-02 -5.49721606e-02
  5.54844625e-02 -1.91013008e-01 -8.95607919e-02  3.94251458e-02
  8.03725719e-02 -8.94885138e-02  8.88068788e-03  3.95959094e-02
 -2.30541341e-02  9.71931294e-02  5.73690981e-02  1.02357585e-02
  1.70222938e-03  1.03318144e-03  4.58759479e-02 -3.45414504e-02
 -5.39438464e-02 -2.71046348e-02  2.13134624e-02 -3.28094848e-02
  3.28292698e-02  4.09357669e-03  6.14710189e-02 -5.65803722e-02
  9.61594805e-02 -3.17804702e-02 -1.26399755e-01 -3.57263945e-02
 -5.93824275e-02 -4.28897738e-02  3.97276618e-02 -4.72447574e-02
  1.60568375e-02 -1.31126836e-01  1.12711024e-02  3.45626473e-02]"
What are the long-term effects of Lassa Fever?,"Survivors can experience deafness, which may be permanent in some cases. Other long-term effects can include hair loss, gait problems, and tremors.","Deafness is a possible long-term effect of Lassa Fever, along with other neurological issues.","What are the long-term effects of Lassa Fever? Survivors can experience deafness, which may be permanent in some cases. Other long-term effects can include hair loss, gait problems, and tremors.","[ 5.93505660e-03 -4.48830798e-02  2.33862009e-02  4.24667187e-02
  5.43898717e-02  4.01800126e-02 -1.40949907e-02  4.73474860e-02
 -3.59037332e-02  5.36445044e-02  3.08556929e-02  7.51123279e-02
 -1.46368577e-03  5.87260053e-02  1.61490422e-02  1.45433017e-03
 -8.57346691e-03 -9.72744916e-03 -7.50380158e-02 -3.00914105e-02
  2.35774331e-02  2.02421807e-02 -1.41006513e-02  8.11673403e-02
 -8.03624019e-02 -2.79235598e-02  2.17098147e-02  1.06801922e-02
 -2.53150351e-02  1.09722782e-02 -9.45233628e-02  5.53598441e-02
 -1.50642721e-02 -3.22923623e-02 -2.18590684e-02  7.19310418e-02
  1.96373072e-02 -5.62302023e-02 -4.68360409e-02 -1.51630994e-02
 -4.29069065e-02 -6.44719526e-02 -1.85689814e-02 -2.49322299e-02
  5.54947257e-02 -9.63625908e-02 -1.26590300e-02  3.83164128e-03
  6.59779236e-02  2.81244386e-02  6.78699017e-02 -8.96601081e-02
  7.67430291e-02  2.21875254e-02 -5.88452220e-02 -1.96354315e-02
 -4.99043837e-02  8.00830405e-03 -1.27255261e-01  7.43737444e-02
 -4.49667834e-02  2.02252157e-02 -1.08172167e-02 -1.58847664e-02
  5.22157662e-02 -3.34474035e-02  3.28407879e-03 -2.61887927e-02
  5.14407195e-02  3.30252908e-02 -4.78966981e-02 -6.52178079e-02
 -1.24310039e-01 -1.05931982e-02 -1.69343445e-02 -2.78886538e-02
  7.16592520e-02  8.83502793e-03  9.64499637e-02  4.02063504e-02
  3.52979377e-02  1.85481086e-03  9.15091336e-02 -1.44470553e-03
 -1.02445995e-03 -3.35175195e-03  3.07857767e-02 -3.38353701e-02
 -6.56619072e-02  5.48621230e-02  6.34044269e-03 -9.66927782e-02
  2.01097373e-02 -1.78829469e-02 -1.46704204e-02  2.33070161e-02
 -4.75075543e-02 -5.11942897e-03  5.11431769e-02  2.14441842e-03
 -7.18346834e-02 -1.80971488e-01 -2.38386076e-02  6.48518652e-02
  3.06279026e-02  7.56057948e-02  4.91030514e-03 -8.42066556e-02
 -1.66682843e-02  3.18164052e-03 -2.86085755e-02  8.26479569e-02
  5.00614867e-02  7.08817765e-02 -1.96214556e-03 -3.06700394e-02
  1.35989124e-02 -2.13776436e-02 -4.24127057e-02 -2.09718794e-02
  3.72829251e-02 -3.36341001e-02  4.27601598e-02 -9.54359304e-03
  2.17622635e-03  6.84807673e-02 -1.84422880e-02 -1.35976861e-33
  5.88318519e-02 -3.35024819e-02 -8.62777419e-03  2.55937111e-02
  3.77047770e-02  5.34388274e-02 -3.50730978e-02  3.21794976e-03
  1.78466067e-02 -4.40964699e-02  2.59519182e-02 -6.35179691e-03
  8.58225450e-02 -1.34007698e-02 -8.38926993e-03  5.82449250e-02
  3.34871970e-02  4.96405959e-02  2.66392659e-02  1.69573689e-03
  3.99830490e-02 -2.32163686e-02  7.72784054e-02  2.85152271e-02
  4.62228246e-02 -4.57514077e-02 -4.11573872e-02 -6.61798578e-04
 -6.61118925e-02 -2.57729255e-02 -8.36686119e-02  1.30366599e-02
 -3.27188708e-02 -5.45517430e-02 -4.33783839e-03  2.64318269e-02
  8.81523490e-02  1.31206214e-02  4.39450741e-02  1.04882251e-02
 -1.94014225e-03  2.28012390e-02  1.45209013e-02  8.57247133e-03
 -2.31568664e-02 -1.51072880e-02  4.29850183e-02  3.11286859e-02
 -1.23347687e-02 -1.09377559e-02 -4.90611978e-02  2.14540977e-02
 -8.66465867e-02  4.00270335e-02  2.03420799e-02  7.35166743e-02
 -3.89719789e-04 -6.84990212e-02 -1.50805898e-02 -7.03005716e-02
  4.21426371e-02 -3.26085240e-02  9.69780982e-03 -7.06176162e-02
 -3.24976747e-03 -1.66049786e-02 -5.84382284e-03 -2.56043859e-02
 -8.13769698e-02 -2.57353038e-02 -2.82104984e-02  6.58089574e-03
 -5.42110614e-02  7.92266708e-03 -3.86225688e-03 -2.16149483e-02
 -1.58404280e-02  1.87046193e-02  3.89703037e-03 -1.40028503e-02
 -2.42354348e-02  1.12849334e-02  7.43784681e-02  7.12902099e-02
  6.84647486e-02  1.47765717e-02  3.69714759e-02 -1.31844476e-01
 -3.24048400e-02 -1.17504403e-01  8.65722746e-02  3.20426449e-02
  2.30204705e-02  8.62037856e-03  2.38980968e-02 -2.06850731e-33
 -2.73117796e-02  6.13785610e-02 -4.70391922e-02 -7.69627541e-02
  1.64340716e-02  1.36161223e-02 -3.81634571e-02  1.24765590e-01
 -1.71910338e-02 -1.19977273e-01  2.41228603e-02 -1.15124267e-02
 -9.21524465e-02 -9.56267491e-03 -4.39267457e-02 -6.59223087e-03
  4.65739099e-03  9.66886431e-03 -4.39219642e-03  2.28724461e-02
 -1.39461011e-02 -5.56396544e-02 -2.81985477e-02 -7.48562217e-02
  6.83232350e-03 -6.93238601e-02 -4.55992371e-02 -2.30859276e-02
 -2.54485700e-02 -4.21220623e-02  8.85546580e-02  5.10725118e-02
 -1.44943958e-02 -1.89925041e-02  6.55425265e-02  4.56654057e-02
 -1.79358721e-02 -5.45066558e-02 -8.53381027e-03 -2.68670283e-02
  1.50507137e-01 -1.23551609e-02  7.01549053e-02 -6.59227818e-02
  8.09378177e-02  3.60067636e-02 -8.99958983e-02  2.54949760e-02
 -2.00661365e-02  8.32300261e-02  9.75238383e-02 -6.75828978e-02
  2.43105856e-03  4.30841930e-02  1.68580096e-02 -1.14371173e-01
  1.37393875e-02 -7.36430138e-02  2.80246139e-02 -2.12694332e-02
 -1.68627631e-02 -3.82696651e-02 -5.19175492e-02  2.83590928e-02
  3.51721048e-02 -1.73843037e-02 -9.95259918e-03  1.15123428e-02
  8.62795711e-02  2.40167812e-03  1.14777774e-01 -3.87259237e-02
 -1.21498205e-01  4.51517478e-02 -9.33314208e-03 -1.13158654e-02
 -1.05085984e-01  3.48098401e-04  8.51871073e-03  4.20704931e-02
 -4.92458344e-02  6.87882630e-03  2.25494877e-02 -5.10548949e-02
 -9.80302691e-03  7.24830404e-02  3.61106992e-02 -1.17118070e-02
 -6.08872995e-03 -1.21637946e-03 -1.27320839e-02 -2.34091301e-02
 -2.43771654e-02 -4.90062824e-03  5.45016415e-02 -2.90954070e-08
  1.08918659e-02  5.81176877e-02 -7.53781572e-02 -2.19689049e-02
 -5.47247007e-02 -2.37580612e-02  9.73480288e-04  4.13017459e-02
  3.32953259e-02  1.22407205e-01 -7.23332390e-02  1.24789774e-01
  9.77629647e-02 -2.05364171e-03 -1.05876684e-01  1.21703610e-01
  1.00260200e-02  2.74197087e-02  7.46179465e-03 -7.90283307e-02
 -9.20571107e-03 -1.12611102e-02 -5.15887588e-02  3.39986943e-02
 -5.17621376e-02 -6.74109310e-02  5.25136478e-03  5.29968739e-02
 -1.08544817e-02 -5.74605986e-02 -9.71266106e-02  7.35641122e-02
  1.27145471e-02  5.52734360e-02 -2.48513762e-02 -1.90569123e-03
  3.55423242e-02  1.62369888e-02  5.85740060e-02  1.17336877e-01
 -2.42376048e-02  1.06453346e-02 -5.39234781e-04 -2.90485136e-02
 -5.93419978e-03 -1.18579544e-01  1.12086497e-01 -3.38598229e-02
  2.27092113e-02  2.41272524e-03  8.85252506e-02  4.89514843e-02
  3.48140113e-02  3.93339843e-02 -3.54040861e-02  3.01192515e-02
 -1.97711736e-02  7.94781446e-02  8.89459327e-02 -4.59975414e-02
 -1.00180821e-03 -1.02060936e-01 -1.09656416e-01 -2.10738666e-02]"
How can Lassa Fever outbreaks be controlled?,"Outbreak control relies on community engagement, safe and dignified burials, contact tracing, surveillance, and prompt isolation and treatment of cases.","Controlling outbreaks requires community effort, surveillance, and quick medical response.","How can Lassa Fever outbreaks be controlled? Outbreak control relies on community engagement, safe and dignified burials, contact tracing, surveillance, and prompt isolation and treatment of cases.","[ 6.26758160e-03  8.31839442e-03 -3.95266153e-02  3.59523632e-02
  3.41060311e-02  9.08708479e-03 -3.24951932e-02  8.21250025e-03
 -1.82859991e-02  1.18501179e-01  6.27187937e-02  4.50803638e-02
 -1.35692414e-02  6.16704449e-02 -1.62660591e-02 -8.99260957e-03
  2.37771031e-02 -8.21146816e-02 -6.83137104e-02  3.59008275e-02
 -1.92502812e-02  2.93441564e-02  4.85743992e-02  7.10853413e-02
 -1.10338658e-01 -5.58070801e-02  1.78871341e-02  1.77357700e-02
 -2.40022899e-03  3.64252855e-03  1.68466363e-02  9.14934371e-03
 -5.52875064e-02 -1.37937516e-02 -3.55598070e-02  3.27820331e-02
  3.21128629e-02 -5.62150292e-02  4.17541713e-03  5.24046272e-02
 -1.10603580e-02 -6.13845028e-02 -6.65734475e-03 -1.76448543e-02
  1.42392712e-02 -1.37713542e-02 -7.22824410e-02  8.93379003e-02
  3.48294266e-02 -9.62845758e-02  3.45393978e-02 -7.00418279e-02
 -1.19740115e-02  6.01986013e-02 -8.21645781e-02 -8.10555089e-03
  9.67821945e-03 -4.55215648e-02 -3.91099043e-02 -3.13846730e-02
  1.41772758e-02  2.09261626e-02 -7.08980411e-02 -6.57049986e-03
 -2.92301644e-02 -9.93982423e-03 -1.48685602e-02  3.50222811e-02
  1.17422082e-01  1.16085745e-02  4.43339124e-02 -2.70109046e-02
 -2.31740754e-02  6.23668171e-02 -2.82502398e-02 -1.60515290e-02
  4.35594432e-02  8.16924311e-03  1.10978864e-01  2.87945382e-02
  5.82526624e-02 -2.99835056e-02  2.08317727e-01  4.99111740e-03
 -1.16271731e-02  1.04484726e-02  1.36385057e-02 -6.22748099e-02
  7.98800215e-02  6.96896622e-03 -1.15746874e-02  3.22188698e-02
  5.57272881e-02 -6.81370944e-02 -6.71287253e-02  3.77548896e-02
  5.05034365e-02  5.23964176e-03  3.57866175e-02  4.16654162e-02
 -1.98041033e-02 -1.81806013e-01 -1.51027013e-02  2.77381297e-02
 -2.24440712e-02 -1.70113649e-02 -4.17616889e-02 -5.70000056e-03
  1.25865154e-02  1.89548749e-02 -6.75227344e-02  9.22709033e-02
  5.08311987e-02  4.82430011e-02  2.17216648e-02  6.70949463e-03
  7.28692412e-02 -1.19662676e-02 -2.89556161e-02 -3.32915001e-02
  6.28271103e-02 -3.77857201e-02  6.81973547e-02 -2.48859338e-02
  6.38870671e-02  8.32253844e-02 -7.14462297e-03 -3.98885549e-34
  7.40441158e-02 -1.24965021e-02 -7.12603843e-03  1.73695590e-02
 -4.73719847e-04  4.59977426e-02 -9.12334248e-02  6.41390681e-03
 -2.44221315e-02 -1.68440063e-02  7.08029792e-02 -2.16939840e-02
  8.05985183e-02  1.27155427e-02  6.19229046e-04 -6.35443814e-03
  5.06126024e-02  2.14347355e-02 -4.03466262e-03 -4.38148752e-02
  2.52013002e-02 -5.73634915e-02  6.40705302e-02  9.18681268e-03
  6.20006351e-03  2.12563598e-03  1.05500706e-02  2.61376277e-02
  3.98167521e-02  1.45056937e-03 -1.09043978e-02  2.60216359e-04
  5.65726310e-04 -4.49133217e-02  1.76819302e-02  5.31942174e-02
 -1.19364439e-02 -8.16640705e-02  3.72133814e-02 -1.58428755e-02
 -1.53654534e-02  3.65663320e-02  2.89693475e-03  2.71559283e-02
  6.23020306e-02  7.61222765e-02 -4.41214554e-02 -9.32134036e-03
 -9.27710235e-02 -2.79716719e-02  2.06328258e-02  3.00898347e-02
 -3.80137190e-02  1.76456179e-02  1.57736633e-02  6.06485736e-03
 -1.16633615e-02 -4.80065458e-02  2.80271526e-02 -6.37843087e-02
  1.32895589e-01 -8.14694464e-02 -1.83902495e-02 -4.29195687e-02
  2.67851613e-02 -5.45949899e-02  5.09816147e-02  1.95355415e-02
 -4.78294455e-02  2.01676525e-02 -5.24497852e-02  9.86365452e-02
 -1.22945651e-01 -4.73261997e-02 -9.57795382e-02 -7.65467063e-02
  2.97641624e-02  4.66310829e-02  9.60026868e-03  1.66026559e-02
 -8.53300318e-02 -2.13576597e-03  8.51181895e-02  1.19310431e-01
  8.56743008e-03 -7.93725997e-02 -3.86269181e-03  6.92974031e-02
 -7.81835169e-02 -7.73067102e-02  3.83272134e-02  6.07070774e-02
  3.97163816e-02  6.22731894e-02  2.45613325e-02 -9.60815907e-35
  4.84045595e-03  8.28205980e-03 -4.59167957e-02 -1.82758849e-02
  2.87700415e-04  2.41233855e-02 -5.14550954e-02 -8.80866125e-02
  6.76390901e-02 -3.92222032e-02 -9.04679596e-02 -2.05266476e-02
  2.22714320e-02 -3.40456292e-02 -3.28173265e-02 -3.75840478e-02
  1.08766528e-02 -1.45499350e-03 -7.99917132e-02 -2.63256580e-02
 -1.18941925e-01 -2.23960821e-02 -3.08568571e-02 -5.78454547e-02
 -3.57888057e-03 -4.90985960e-02 -6.88110068e-02  4.89213355e-02
 -2.73471070e-03 -2.87384819e-02 -7.82964192e-03 -9.60866548e-03
  4.39258218e-02 -3.70354541e-02 -5.11352234e-02  7.40228966e-02
  5.60194254e-02 -4.96701375e-02  2.37252507e-02  5.15994895e-03
  1.06242746e-01 -5.94590092e-03 -1.04684249e-01  1.52648771e-02
  2.59246193e-02  1.16172791e-01 -3.67164463e-02  7.82897025e-02
 -5.42581528e-02  4.39312458e-02  3.81272398e-02 -7.80810192e-02
 -1.32133160e-02  1.43739711e-02 -4.82258573e-02 -1.07434735e-01
  1.41647737e-02 -6.99329078e-02 -2.17647813e-02 -7.73818581e-04
  5.24656028e-02 -4.16121110e-02 -9.66084152e-02  1.13362536e-01
  3.46494578e-02 -1.07900333e-02  4.32404839e-02  2.46008877e-02
  2.48326380e-02 -3.91328558e-02  2.87665483e-02 -2.72370242e-02
 -6.76209778e-02 -3.15471292e-02  5.14501669e-02 -8.64622369e-02
 -4.46363911e-02 -4.89058197e-02  3.36482041e-02  1.91805065e-02
  8.42864998e-03 -2.24520862e-02  5.04284352e-02 -6.01987988e-02
  2.61606332e-02  7.07763433e-02  6.51557222e-02 -2.39427052e-02
 -1.79505385e-02  1.71096772e-02 -7.15015605e-02 -5.35268709e-02
  3.66827985e-03 -5.81031991e-03  1.19170593e-02 -2.73341882e-08
  7.48045743e-02  1.54479314e-02 -1.31742628e-02  2.07207352e-03
 -1.13904541e-02  3.37035097e-02 -1.96173023e-02  6.22926280e-02
  8.74687359e-02  1.39532208e-01 -4.31040339e-02  8.91247392e-02
  7.82060996e-03 -2.27322467e-02 -7.41352560e-03 -2.58838548e-03
 -2.32090168e-02  4.65621203e-02 -7.59543478e-02 -5.34748621e-02
 -1.67329572e-02 -2.33391859e-02 -4.19537956e-03 -6.04984257e-03
  7.53033310e-02 -9.22345370e-02 -9.91247408e-03  2.88171880e-02
  4.79329899e-02 -5.92629891e-03 -9.01880562e-02 -2.05850825e-02
  3.62885632e-02  6.49488121e-02 -3.97249423e-02  4.89507802e-02
  1.00560421e-02  5.68959303e-02  1.01856977e-01 -1.32277431e-02
  1.60058327e-02  1.20358192e-03 -2.93523259e-02 -1.39468315e-03
 -5.17080538e-02 -3.84203941e-02  5.38539216e-02  1.24263123e-03
  4.63953428e-02 -6.36171782e-03  5.46950139e-02 -5.85439280e-02
  1.12807401e-01  9.15831104e-02 -7.49392435e-02 -5.23091368e-02
 -2.18629162e-03  2.69087846e-03  8.86362344e-02  3.10923960e-02
 -3.98435164e-03 -7.00918511e-02 -6.38097897e-02 -1.66287739e-02]"
How widespread is Lassa Fever?,"Lassa Fever is primarily reported in West Africa, with Nigeria, Liberia, Sierra Leone, and Guinea seeing the majority of cases. The exact number of cases is difficult to determine due to underreporting.","Lassa Fever is mainly found in West Africa, with cases often underreported.","How widespread is Lassa Fever? Lassa Fever is primarily reported in West Africa, with Nigeria, Liberia, Sierra Leone, and Guinea seeing the majority of cases. The exact number of cases is difficult to determine due to underreporting.","[ 8.07808712e-02 -3.51719931e-02 -6.19363561e-02  8.34992994e-03
  3.24979387e-02 -2.55657081e-02 -4.90162708e-02  3.71273719e-02
 -4.15592305e-02  1.36658594e-01  3.35185751e-02  6.03978103e-03
 -1.23312231e-02  6.76107481e-02  1.77818015e-02 -3.65178064e-02
  3.65294106e-02 -1.94604069e-01 -5.76275587e-02 -1.12568904e-02
 -2.75375564e-02  2.68080421e-02  8.81270915e-02  1.75713990e-02
 -6.64749667e-02 -7.69697279e-02  1.90518275e-02 -6.87433127e-03
 -3.36387008e-02  1.15878712e-02 -8.14482942e-02  8.43072757e-02
 -8.67625512e-03 -2.35925354e-02 -1.21666212e-02  1.96614373e-03
 -4.13942263e-02 -3.52761969e-02  5.84831201e-02  2.44595110e-03
  3.27850431e-02 -5.56502007e-02  3.99301127e-02 -8.78735334e-02
  5.13319038e-02 -4.87605110e-03 -3.08953039e-03  9.88755152e-02
  8.13723877e-02 -1.78021640e-02  7.72380829e-02 -2.90224887e-02
  8.50183610e-03  9.14236084e-02 -1.06175765e-01 -6.99012578e-02
 -2.40000114e-02 -2.79296674e-02  1.05523309e-02  2.31791716e-02
  5.57639077e-03  6.03074580e-02 -3.81575413e-02  2.22016172e-03
  4.77874232e-03 -1.68945119e-02  4.05935012e-02  2.02164762e-02
  3.94802280e-02 -3.13594118e-02  4.89642248e-02 -3.36808152e-02
 -2.51913536e-02  1.36878639e-01 -1.94638409e-02 -1.42313000e-02
  4.86807302e-02  1.26911346e-02  6.31768927e-02  4.18292321e-02
  5.22028133e-02  1.56185422e-02  1.97384402e-01 -7.84626305e-02
  4.22932394e-02 -3.09724901e-02  2.23087426e-02  2.33263727e-02
  4.01960053e-02 -3.65203544e-02  4.01345640e-03  3.84053066e-02
  3.91996950e-02 -2.14258395e-02 -1.95302796e-02 -1.02634914e-02
  6.30928203e-02  2.18990706e-02  5.73734865e-02  5.39140915e-03
 -7.64063969e-02 -1.96471170e-01  6.97358996e-02  1.67883132e-02
 -1.27504477e-02  7.47390091e-02 -2.88242158e-02  9.23087448e-03
  1.07581727e-02 -4.85920496e-02 -1.26839265e-01  8.44921246e-02
  1.30618727e-02  4.36753370e-02  4.77211960e-02 -1.04212210e-01
  9.22889188e-02 -5.34225628e-02 -7.17074126e-02  3.19425017e-02
  1.45908224e-03 -2.18661688e-02  6.11280352e-02 -2.98203491e-02
  5.03730103e-02  8.81728679e-02 -3.15104537e-02 -6.77240086e-34
  8.30012336e-02 -6.93468153e-02  7.39218742e-02 -7.54778041e-04
 -2.22657770e-02  6.97232187e-02 -1.22542717e-02  3.26111540e-02
  1.06442291e-02 -4.43108790e-02 -1.10525126e-02 -3.20625715e-02
  7.26784542e-02  6.60507455e-02 -3.36540788e-02  5.07995188e-02
  1.44188672e-01 -6.38726866e-04 -1.25255501e-02  1.72275137e-02
  2.52215262e-03  3.57523672e-02  7.69899487e-02 -4.31627445e-02
 -1.94813851e-02  1.88231412e-02  3.35442461e-02 -3.98222320e-02
  6.77039251e-02  3.82347521e-03  2.84540118e-03 -9.04964060e-02
  1.36331609e-02 -8.92067179e-02  6.34698244e-03  4.14777622e-02
 -2.08787210e-02 -4.50786611e-04  2.65701935e-02  2.66165305e-02
  8.04697722e-03 -5.03389630e-03 -1.48973931e-02 -6.84859045e-03
  1.26852915e-02  6.29775450e-02 -3.61486450e-02 -2.81829964e-02
 -2.45475136e-02 -3.68976742e-02 -4.86491807e-02  1.57674961e-02
 -4.55024578e-02  7.67241698e-03  4.72675413e-02  1.19434847e-02
 -2.20011566e-02 -1.05081941e-03  8.73471275e-02  3.78433010e-03
  5.08190729e-02 -6.43239841e-02 -3.12116835e-02 -6.55584037e-02
  1.95505191e-02 -6.66835085e-02 -1.10702147e-03  6.10965937e-02
 -8.72018263e-02 -2.46439446e-02  1.34716583e-02  6.01361729e-02
 -9.15695652e-02  1.96759999e-02 -5.73233888e-03 -7.08775246e-04
  1.11547403e-01 -2.58562807e-02  2.70638559e-02  1.81374419e-02
 -1.00867614e-01  5.67828026e-03  6.09321296e-02  7.02123195e-02
 -2.52920017e-02  3.76662537e-02 -4.93301414e-02 -5.69192097e-02
 -7.08086565e-02 -3.93865108e-02  5.43168280e-03  4.30464558e-02
 -1.38861556e-02 -3.89788523e-02  6.64155111e-02 -1.14395198e-33
  4.41735275e-02  6.78367540e-02 -2.07328144e-02 -3.62353437e-02
  2.02440992e-02  3.81515585e-02 -2.04480328e-02 -3.44616808e-02
 -3.46419141e-02 -3.15424874e-02  3.94900143e-03 -6.49749339e-02
  2.84264553e-02 -1.93309058e-02 -1.14396736e-02 -2.03062012e-03
 -6.18025009e-03  5.51962070e-02  2.22144071e-02  1.16361994e-02
 -7.09295869e-02 -1.03783891e-01  4.96535823e-02 -1.17634110e-01
 -2.60719191e-03 -7.07552060e-02 -9.01202187e-02  2.39517707e-02
 -2.61584017e-02 -1.99941862e-02  4.41605400e-04  5.17948344e-02
  3.55284698e-02  2.73936298e-02 -4.38417979e-02  1.26736127e-02
  6.36030920e-03 -8.40944052e-02  5.87446541e-02 -1.95802078e-02
  9.17407349e-02 -5.03850868e-03 -3.36602218e-02  1.81006193e-02
  1.78675856e-02  4.69296388e-02 -5.87616265e-02  4.96385656e-02
 -3.21126683e-03  3.79255451e-02  4.00470681e-02 -1.84003487e-02
 -7.38257170e-03  1.89274475e-02  4.50776331e-03 -2.87229382e-02
 -1.62397940e-02  2.51616184e-02 -1.91974919e-02 -1.63861215e-02
  3.95011902e-02 -7.83985760e-03 -6.16130792e-02  1.33302063e-02
  2.03873385e-02  2.16417247e-03  8.71999562e-03  2.33419742e-02
  2.89648063e-02 -2.41611376e-02  2.31496375e-02 -4.41833138e-02
 -1.37037709e-01  1.12770563e-02  2.39104275e-02  4.90337759e-02
 -2.98987366e-02 -6.93056136e-02  4.58775908e-02  7.03318510e-03
  7.30754063e-02 -3.78237404e-02  7.37164989e-02 -4.52651158e-02
 -4.55447994e-02  5.38529418e-02  7.92680010e-02 -7.51677901e-02
 -1.97884105e-02  3.25496495e-02 -5.53176627e-02 -7.95040131e-02
 -6.20463230e-02 -3.52156684e-02  4.90495898e-02 -3.10132116e-08
  1.89932194e-02  4.32783216e-02  3.32337874e-03 -2.79689934e-02
 -1.35748694e-02  9.21926424e-02  3.24479700e-03  3.02639045e-02
  5.98244220e-02  9.35466513e-02 -6.99002966e-02  3.36939003e-03
  2.26662233e-02 -6.95520639e-02 -8.48305505e-03 -7.79015711e-03
 -3.80412936e-02  3.68117467e-02 -2.73619667e-02 -2.08769902e-03
 -1.33329555e-02  5.69886668e-03  3.27401496e-02 -3.97424325e-02
  3.79501618e-02 -7.03867748e-02 -8.15721005e-02  3.53014772e-03
 -8.08439311e-03 -1.19502068e-01 -3.19196917e-02  1.50577696e-02
  8.33039135e-02 -2.80185491e-02  4.77849953e-02  1.04044946e-02
  2.82430381e-04  4.41738106e-02 -3.82892638e-02 -4.87389229e-02
  1.83849484e-02 -4.42683026e-02  2.61356086e-02 -2.61903536e-02
 -2.05776095e-02 -9.51328427e-02  8.40816349e-02  2.80932151e-02
 -7.44633144e-03 -4.26023379e-02  3.38738300e-02 -4.61340621e-02
  5.86846732e-02  2.80594621e-02 -6.81676343e-02 -2.13897675e-02
 -5.80451898e-02 -3.40192579e-02  2.13791318e-02 -3.16013470e-02
  1.73325911e-02 -8.48626271e-02 -8.62587318e-02 -1.58561498e-03]"
How does the Lassa virus survive and spread?,"The Lassa virus is maintained in the rodent population and spread via their excretions. It can survive in the environment for extended periods, depending on conditions.",The Lassa virus is carried by rodents and can persist in the environment through their droppings.,"How does the Lassa virus survive and spread? The Lassa virus is maintained in the rodent population and spread via their excretions. It can survive in the environment for extended periods, depending on conditions.","[-2.54235347e-03 -6.56533390e-02 -4.00399044e-02 -1.09709892e-03
  6.55855164e-02  2.39077769e-03 -1.03876013e-02  5.86849004e-02
 -3.60932089e-02  1.11402780e-01 -5.07416343e-03  8.99525285e-02
  1.69699173e-02  2.40545478e-02 -3.03834118e-02  1.03083253e-02
 -2.90329754e-02 -1.41897410e-01 -7.57441968e-02  1.53461425e-02
  5.39473593e-02  6.98400214e-02  2.96337083e-02  3.51993144e-02
 -8.62688571e-02 -3.71003151e-02  2.78654490e-02  2.82006152e-02
  7.47186830e-03 -2.15594992e-02 -7.32385088e-03 -3.65703087e-03
  4.11280850e-03 -2.15962343e-02 -8.83729532e-02  6.58537671e-02
  1.61375739e-02 -6.96217492e-02  5.24209253e-02 -2.71306466e-02
 -2.46720072e-02 -2.88748890e-02 -4.56113331e-02  3.92515771e-02
  7.22468644e-03 -5.95921725e-02 -4.04771715e-02  4.48821709e-02
  1.16396643e-01 -3.87880877e-02  4.10982147e-02 -5.55763468e-02
 -1.06132235e-02  1.06200725e-01 -9.15906504e-02  1.99116282e-02
 -3.53013389e-02 -1.07002361e-02 -4.88369577e-02  2.04243362e-02
  2.54539605e-02  7.61004984e-02 -2.18312889e-02  4.85528558e-02
  2.24907473e-02 -6.95541278e-02  1.46006569e-02  8.30216855e-02
 -2.69476720e-03  2.91867144e-02 -2.52955183e-02  9.67537239e-03
 -1.82205856e-01  6.63967431e-02 -4.05380465e-02 -1.02310227e-02
  6.30854815e-02 -2.55579576e-02  1.29444584e-01  1.05743535e-01
  1.68481935e-02  1.25064831e-02  1.25959545e-01  7.93576892e-03
 -3.04529220e-02 -2.36379472e-03  2.68149320e-02 -1.09374123e-02
  2.02774461e-02  1.85602228e-03 -4.73717414e-02  3.43425013e-02
  1.63988136e-02 -1.73187722e-02 -6.14107400e-03 -1.32122943e-02
  7.27399737e-02 -3.73162143e-02  6.57263398e-02  4.24435275e-04
 -6.98752478e-02 -1.93003044e-01  2.84288116e-02 -2.15501599e-02
 -1.06239384e-02  1.33817261e-02 -2.02299282e-02  4.86074714e-04
  1.24508012e-02  5.27929440e-02 -1.78988539e-02  9.07912329e-02
  6.87354207e-02  4.40274961e-02  2.77002454e-02 -3.82981147e-03
  3.12010143e-02 -1.47591094e-02 -1.24462601e-02 -6.64206594e-02
  4.97698602e-05  7.97783658e-02  5.40089235e-02 -1.49169285e-02
  3.78610454e-02  5.19307218e-02  5.58034740e-02 -2.56936506e-33
  1.71848871e-02 -1.67190149e-01  1.70504712e-02  3.56108062e-02
 -4.42915447e-02  3.45134288e-02  9.73956566e-03  2.97034495e-02
  3.19252675e-03  8.55862163e-05 -3.41246761e-02 -8.19268301e-02
  3.74311395e-02  2.85358448e-02 -3.37515697e-02  2.22982205e-02
  6.05122335e-02 -2.16061948e-04 -1.47652570e-02  2.10814904e-02
  3.70435156e-02  4.48459797e-02  1.11852169e-01 -3.69170010e-02
  4.61005047e-02 -2.18878523e-03 -1.92563608e-02 -1.30661065e-02
 -2.03158390e-02 -6.75652782e-03 -3.71103268e-03  1.66638251e-02
 -5.70644066e-02 -2.80562341e-02 -1.53991040e-02 -8.82945675e-03
 -2.90994532e-02 -1.16722574e-02  7.37633929e-02 -1.43560991e-02
  2.63204221e-02 -1.19382096e-02  5.02141193e-02 -2.28363853e-02
  2.68837400e-02  3.54859768e-03  3.74751748e-03  6.94076577e-03
  5.36971502e-02 -9.66441259e-03  3.29095162e-02 -2.19042636e-02
 -4.39002551e-02  3.90696190e-02 -3.10729183e-02  9.21848696e-03
  1.68521423e-02 -6.84773996e-02 -4.87542525e-02 -4.24417965e-02
  2.63730399e-02 -6.00614920e-02  3.02705765e-02 -2.94576026e-02
  4.85622361e-02 -4.56410237e-02 -3.83599102e-02  1.12182815e-02
 -3.86242047e-02  3.56572904e-02 -9.15465411e-03  1.35763017e-02
 -1.02411851e-01 -1.16815463e-01 -9.15175024e-03 -7.23483190e-02
 -1.94379929e-02  2.12432211e-03  1.51989525e-02  3.81205417e-02
 -5.62586673e-02 -2.65220795e-02  1.76019617e-03  1.90575421e-02
  5.14800511e-02  8.99628550e-02  7.76124224e-02 -1.02931604e-01
 -9.90254525e-03 -5.88180460e-02  8.85424241e-02  8.27768166e-03
  7.94956181e-03 -5.17362393e-02  1.37011319e-01 -3.84801979e-34
  1.31227076e-02  5.12548648e-02 -4.01787721e-02  3.47722024e-02
 -4.82951812e-02  7.82826841e-02 -9.05589983e-02  3.05970237e-02
 -3.69222127e-02 -4.88618314e-02 -1.37917295e-01  9.36516970e-02
  5.58834290e-03  2.42080353e-02 -4.43750387e-03  6.60995953e-03
  1.97706232e-03 -1.95428077e-02 -2.56825220e-02 -1.07513055e-01
 -9.99215171e-02 -6.81513026e-02 -3.65392566e-02 -6.19001873e-02
  5.25980927e-02 -9.15943086e-02 -4.54690084e-02  5.08037359e-02
  5.14063127e-02 -2.38778852e-02  2.70761736e-02  2.20325124e-03
  1.28795896e-02  3.33125331e-02  2.03489270e-02  3.16785686e-02
 -2.30105240e-02 -9.32895616e-02  3.01545821e-02 -3.16260606e-02
  6.22754507e-02 -1.84094999e-02 -1.25634661e-02 -7.06493063e-03
  3.32120098e-02  1.38860466e-02 -1.12479134e-02  2.60925703e-02
 -2.97514908e-02  6.68742135e-02  1.03760399e-01 -7.52031878e-02
  1.51989358e-02 -7.69989751e-03 -1.71263970e-03 -6.87739030e-02
  1.03817033e-02  2.09601652e-02  2.89294738e-02 -4.16912884e-02
  6.43522665e-03 -1.90959945e-02 -5.07326722e-02  5.50316274e-02
 -1.62363406e-02 -1.73990019e-02  7.48904934e-03  6.23423159e-02
 -2.54199561e-02 -7.72690028e-02  8.47955197e-02  2.38316990e-02
 -3.66653427e-02 -4.11302410e-02  1.23272063e-02  9.11346637e-03
 -4.04674746e-02 -2.53541470e-02  2.69780178e-02  3.49198841e-02
  3.17596346e-02  4.09603827e-02  3.93757783e-02 -6.92407861e-02
 -2.10926253e-02  4.31738906e-02  6.15634806e-02 -7.44369924e-02
  3.68395913e-03  2.32086498e-02 -5.05914278e-02 -2.53103040e-02
 -5.76383509e-02 -2.96599437e-02  3.45791839e-02 -2.53184034e-08
  3.74405272e-02  7.42013082e-02 -6.73263967e-02 -2.51304787e-02
  8.97966907e-04  6.47038966e-02  9.19274241e-02  4.23052609e-02
  9.59503725e-02  1.18788294e-01 -2.39101667e-02  5.08248166e-04
  5.30022606e-02  3.31841744e-02  2.24272218e-02  7.02229515e-02
 -6.50881305e-02  2.95433812e-02 -5.92811070e-02 -2.30435580e-02
 -7.63089955e-02 -5.55681922e-02 -3.11606433e-02  3.56377065e-02
 -2.24863030e-02 -5.33556081e-02 -6.53099716e-02  1.90521087e-02
  4.48386110e-02 -2.85513792e-02 -4.69694920e-02  3.60229760e-02
  1.64003018e-02  9.07354429e-03 -7.47017711e-02  5.97280748e-02
  7.58761019e-02  3.97171080e-02  5.96980490e-02  1.39993997e-02
 -2.48592030e-02 -3.31855081e-02  2.85322536e-02 -5.50911017e-02
 -5.30246571e-02 -9.43292212e-03  3.07409000e-02  1.88483670e-02
 -1.17751211e-02  2.45038085e-02  4.94493395e-02 -4.34256978e-02
  5.53050376e-02  2.48442926e-02 -6.64806142e-02 -9.57422331e-02
 -8.94139111e-02  1.89154558e-02  1.06912144e-01 -1.56393182e-02
 -1.31931022e-01 -1.27660371e-02  3.79599482e-02  2.02632044e-02]"
What is the mortality rate for Lassa Fever?,"The mortality rate for Lassa Fever is around 1% overall, but can be as high as 15% among hospitalized patients.","Lassa Fever has a 1% mortality rate generally, rising to 15% in hospitalized cases.","What is the mortality rate for Lassa Fever? The mortality rate for Lassa Fever is around 1% overall, but can be as high as 15% among hospitalized patients.","[ 9.41493362e-02 -7.21571222e-02 -3.59276719e-02 -4.97661904e-02
  2.63995910e-03 -6.43360615e-02 -3.95184383e-02  1.03335872e-01
 -3.41066811e-03  1.07375823e-01  5.90364914e-03  1.70120876e-02
  1.02312062e-02  7.29633048e-02  6.21501822e-03  1.52319912e-02
  3.85908410e-02 -1.50497153e-01 -9.49937254e-02  6.66835010e-02
 -1.99667886e-02 -9.29365167e-04  1.02542974e-01  3.79916169e-02
 -5.85192861e-03 -9.12957266e-02 -6.08717930e-03 -1.67816579e-02
 -4.52545881e-02  7.09286854e-02 -9.65249985e-02  6.09462447e-02
 -1.05073927e-02 -6.16117083e-02 -5.47047071e-02 -1.45084197e-02
 -2.57159360e-02 -9.36285332e-02  1.55544328e-03  3.71388383e-02
 -2.38800962e-02  3.49294096e-02 -5.14460765e-02  2.57778578e-02
  7.30304793e-02 -2.03202385e-02 -9.77373421e-02  6.17970005e-02
  9.81181860e-02  4.24842574e-02  1.11690061e-02 -2.64971480e-02
  3.87389064e-02  9.97711271e-02 -5.54274507e-02 -1.21522918e-02
 -3.68080586e-02 -1.54986195e-02 -7.53461272e-02  8.03406909e-03
 -4.82397042e-02  6.10498451e-02  1.34243080e-02 -2.39766482e-02
 -3.66559513e-02 -6.80937469e-02  1.51781831e-04 -3.07084695e-02
 -1.52545692e-02  6.80472106e-02 -2.44208239e-02 -6.38399497e-02
 -4.11402546e-02  7.48500824e-02 -1.05086289e-01 -4.24019657e-02
  1.00848339e-01  2.89428532e-02  5.56902140e-02 -6.84200460e-03
  7.70341828e-02 -4.92049083e-02  1.49837941e-01 -2.97508184e-02
  2.67913118e-02 -5.20010665e-03  3.98806855e-02  2.02027131e-02
  4.27074768e-02  4.11452688e-02 -2.35615037e-02  2.48185135e-02
  5.67442924e-02 -4.21696529e-02  5.84823254e-04  8.62860754e-02
 -1.60139743e-02  4.41882722e-02  1.14683555e-02 -3.29235047e-02
 -8.56635869e-02 -2.13757887e-01 -7.80861033e-03  6.23771697e-02
 -1.97282284e-02  6.64952919e-02 -3.69304530e-02  4.69902568e-02
 -2.25885082e-02  1.57194212e-02 -2.74825525e-02  5.18831275e-02
  4.17991653e-02  2.40270402e-02  2.19736993e-02 -2.40163505e-02
  6.35989979e-02  3.68358684e-03  4.75919805e-02  5.27269989e-02
  7.79823512e-02 -1.48837352e-02  2.12387741e-02  8.78833793e-03
  1.79623850e-02  6.17459938e-02  4.70481589e-02  1.79366369e-33
  8.05672780e-02 -2.86496449e-02  3.90965231e-02 -5.97759113e-02
 -1.38880201e-02 -1.27664050e-02 -3.27462777e-02  4.80732881e-02
  2.61470415e-02 -7.36648738e-02 -1.04686478e-02 -1.21878885e-01
  7.76275918e-02  4.68891151e-02 -5.22239357e-02  3.07596754e-02
  8.73840153e-02  7.63898483e-03 -2.48546693e-02 -7.86901489e-02
 -3.17619890e-02  2.17503309e-02  4.88506071e-02 -2.50334907e-02
  1.60510670e-02  8.23129807e-03 -1.60808247e-02 -2.27168296e-02
 -2.25660950e-02 -3.66229899e-02 -1.24494424e-02 -1.48408106e-02
 -5.91961294e-03 -8.67821276e-02 -1.84603240e-02  1.44922938e-02
  2.48474311e-02  5.84839955e-02  6.72793090e-02  1.78661030e-02
 -5.10793813e-02 -3.88577767e-03  1.37054492e-02  4.59201187e-02
 -1.85024738e-03  2.69281995e-02 -2.12201606e-02 -1.62858013e-02
  3.12014651e-02 -3.50608081e-02 -2.48572826e-02 -2.96144728e-02
 -7.08980337e-02  6.20342270e-02  1.94205362e-02  5.75775914e-02
  3.11453789e-02  1.61002707e-02  2.96088625e-02 -1.52712772e-02
  8.26384407e-03 -5.01740277e-02  1.43992044e-02 -8.84876549e-02
 -2.06923727e-02 -3.52032036e-02 -8.08525132e-04 -6.66248193e-03
 -1.12259928e-02 -2.97133662e-02 -1.84341520e-02  8.17747340e-02
 -1.19025193e-01  2.24353236e-04 -2.49029286e-02  8.81067943e-03
  7.65028223e-02  1.75229041e-03  3.61248739e-02  4.95444499e-02
 -7.67421126e-02 -2.51007564e-02  3.50765977e-03  1.38931274e-02
  2.48002112e-02  2.96104476e-02  2.80313678e-02 -3.10216122e-03
 -4.92183156e-02 -3.70867662e-02  6.46294132e-02  1.87210478e-02
  1.92651525e-02  3.11662424e-02  5.06100059e-02 -4.02326864e-33
  4.26255316e-02  6.79969937e-02 -3.87747586e-02  3.60698253e-02
  8.29580985e-03  1.90479457e-02 -1.70782208e-02 -3.91672850e-02
 -1.08021302e-02 -5.31173497e-02 -5.02906041e-03  6.10770248e-02
 -5.03487289e-02 -5.04438113e-03 -2.09173430e-02  1.56727899e-02
 -8.16120952e-02 -1.09689345e-03 -2.89435834e-02  1.19856922e-02
 -1.23790577e-01 -6.31824210e-02 -9.92873032e-03 -2.18019430e-02
  1.29410904e-02 -6.72907308e-02 -4.48034219e-02  1.40913136e-04
  9.71976575e-03 -6.87349886e-02  4.92549613e-02 -3.01943254e-02
  2.92109121e-02 -4.26656492e-02  2.51671206e-02 -1.41784288e-02
  2.67896187e-02 -7.25477710e-02  3.37897637e-03 -5.74475676e-02
  1.35132968e-01 -3.89820710e-02 -5.34540489e-02 -4.24955152e-02
  5.59348874e-02  2.79081427e-02 -4.57790531e-02  2.41990536e-02
 -2.37849425e-03  1.38750591e-03  6.19562306e-02 -6.87815398e-02
 -1.06752291e-02  8.79738852e-02  1.01522114e-02 -8.57529864e-02
 -1.45551655e-03 -3.76363173e-02  4.75660302e-02 -5.78288473e-02
  7.16830343e-02 -2.60335095e-02 -4.04842496e-02  1.19736940e-01
 -1.75354909e-03 -5.08987084e-02  3.49224254e-04  2.97739524e-02
 -1.07999044e-02 -5.01191989e-02  5.29796109e-02 -1.91127602e-02
 -6.07257597e-02  4.68485020e-02  3.50877643e-02 -4.92482707e-02
  2.60050986e-02 -5.88895194e-03  2.85069030e-02  5.81324585e-02
  3.37823182e-02  3.10265385e-02  2.00698734e-04 -5.20037003e-02
 -8.09226260e-02 -2.23203469e-03  1.06139250e-01 -5.10315225e-02
 -4.89344262e-03  3.10228616e-02 -7.63596296e-02 -4.92954925e-02
  2.84838164e-03 -2.16323808e-02  2.19183750e-02 -2.94374232e-08
  6.77206144e-02  4.22340780e-02 -6.14724867e-02 -4.44575921e-02
 -4.25182730e-02  1.81635190e-02 -1.05616497e-02  8.27790201e-02
  3.32867019e-02  1.39149174e-01 -2.87377033e-02  1.00107670e-01
 -4.84604388e-02 -4.07310575e-02 -6.31296411e-02 -2.68737655e-02
 -4.81461734e-02  3.57825942e-02  4.60744351e-02 -3.79086807e-02
 -6.02876116e-03 -1.76280681e-02  2.45178817e-03 -7.12501928e-02
  1.28277566e-03  2.71605607e-02 -2.76069511e-02 -1.28884008e-02
 -4.17837836e-02 -9.35519487e-02 -1.05772950e-01  3.56054259e-03
  8.12673494e-02  8.70940648e-03  4.53390814e-02  1.95998661e-02
  3.91926914e-02  1.18544679e-02  5.77724315e-02  5.60490638e-02
  1.52455801e-02 -8.83427262e-02  7.50656379e-03 -5.70255630e-02
  4.73082103e-02 -6.08466715e-02  9.63749737e-02  8.55374895e-03
  1.75546360e-04 -4.37978171e-02  1.21287100e-01 -3.07882074e-02
  4.72101048e-02  3.87216173e-03 -7.27216527e-02 -4.07498106e-02
 -6.65148720e-02  1.97067112e-02 -1.83595661e-02 -1.90464128e-02
  3.08679286e-02 -9.41657051e-02 -4.83324938e-02 -2.51670834e-02]"
Can Lassa Fever be transmitted through casual contact?,"Casual contact does not typically transmit Lassa Fever. Transmission through infected bodily fluids requires direct contact, usually in healthcare settings without proper protective measures.",Lassa Fever isn't usually spread by casual contact but through direct contact with infected fluids.,"Can Lassa Fever be transmitted through casual contact? Casual contact does not typically transmit Lassa Fever. Transmission through infected bodily fluids requires direct contact, usually in healthcare settings without proper protective measures.","[-1.82172358e-02 -1.73135754e-02 -4.47892398e-02 -3.05830082e-03
  5.19780368e-02 -3.27882245e-02  9.41814259e-02  5.40533252e-02
 -2.05684751e-02  8.65565017e-02  5.37085421e-02  2.00617705e-02
 -1.62146837e-02  1.11894466e-01  1.73390470e-02 -3.33787091e-02
  5.76139987e-02 -8.39770138e-02 -1.20669445e-02  9.46880206e-02
  1.57096069e-02  7.29617700e-02  1.39236916e-02  1.01511087e-03
 -5.10823987e-02 -7.52820298e-02  4.63141464e-02  2.62167659e-02
  2.44381279e-02  7.59173036e-02 -1.11866549e-01  6.82063177e-02
 -9.87207443e-02 -2.60822251e-02 -5.37199751e-02  2.86383405e-02
  2.40143090e-02 -2.74106562e-02 -2.39582807e-02  2.47427486e-02
  1.41960597e-02 -7.80055001e-02  2.67529693e-02  4.41547483e-03
  3.93737853e-02  2.75332539e-04 -5.27224038e-03  3.76187935e-02
  2.66499519e-02 -4.82627898e-02 -3.18320319e-02 -3.15553742e-03
  6.73522428e-02  1.24359801e-01 -6.86180219e-02  7.18573332e-02
 -1.35642085e-02 -6.28670081e-02 -4.11709100e-02  4.81435396e-02
 -5.56792766e-02  2.52267122e-02 -4.12699990e-02 -9.74453799e-03
 -1.30281178e-02 -4.42062020e-02 -2.08662846e-03  7.90033638e-02
  3.76831591e-02  3.21507826e-02 -3.32613243e-03 -2.61807553e-02
 -6.49679080e-02  6.38119876e-02  4.09886092e-02 -6.23644143e-02
  3.80531996e-02 -4.55218973e-03 -7.47170346e-03  1.01553395e-01
 -7.97548419e-05 -2.30319928e-02  1.26169309e-01 -1.93022173e-02
 -6.28976673e-02  4.56692092e-02  3.52783687e-02  1.50716063e-02
 -8.29748996e-03 -1.05724279e-02 -3.57456543e-02  2.83853877e-02
 -3.69105041e-02 -2.29078569e-02 -8.26654434e-02 -1.34419380e-02
  4.65158783e-02  1.22020254e-02 -5.17769344e-03  4.45049349e-03
 -1.17388144e-01 -1.40993297e-01 -9.56770033e-02  4.15209495e-02
 -2.92667355e-02  4.39374000e-02 -4.10288014e-02 -6.85477778e-02
  1.69407483e-02  4.15373854e-02 -3.49797159e-02  4.48353253e-02
  5.65648153e-02 -1.89224388e-02  7.99132977e-03  8.39887653e-03
  1.58388037e-02 -3.34313661e-02  3.43991145e-02 -4.48559858e-02
  2.99775191e-02 -1.02368174e-02  6.50132746e-02  1.03567112e-02
  6.83684051e-02  9.15047619e-03  9.45974365e-02  1.94347346e-33
  8.28088075e-02 -1.20590553e-02  3.28219570e-02  1.27652008e-02
 -8.94519687e-02  7.52996206e-02 -5.73010445e-02 -1.30032115e-02
  6.23549111e-02 -5.32038994e-02 -2.97634043e-02 -3.62808444e-02
  6.85236305e-02  4.27660346e-02 -4.66201501e-03  9.29222703e-02
  1.07639492e-01 -1.11831259e-02 -1.26775345e-02  1.10780811e-02
  1.94683187e-02  3.21777281e-03  4.24242504e-02 -7.48426169e-02
  1.92353688e-02 -2.47956589e-02 -4.95227240e-02 -5.50139174e-02
  8.94713253e-02 -4.51386813e-03 -5.67273684e-02 -4.53765737e-03
  2.64486205e-02  1.48140267e-02  1.01757236e-02  1.09959364e-01
 -3.10661532e-02 -1.36758648e-02  4.00238447e-02  1.74729023e-02
  2.67855600e-02 -1.08671673e-02  3.27568762e-02  1.22490153e-02
 -1.33815287e-02  3.92238349e-02 -7.21130706e-03 -2.33639739e-02
 -9.21320021e-02 -4.67086583e-02 -2.01291442e-02 -5.22482395e-03
 -2.05911379e-02 -4.71956283e-03 -3.00382506e-02  2.72080377e-02
  3.72885689e-02 -2.39113327e-02  1.02207409e-02  2.01542415e-02
 -3.65258642e-02 -4.99550663e-02 -1.09053701e-02 -5.19864857e-02
  3.22501622e-02 -4.58779857e-02 -1.22594489e-02 -2.11078506e-02
  2.44357400e-02 -7.03384131e-02 -1.79102272e-02  1.41459107e-01
 -1.31350771e-01 -3.36834937e-02 -1.94292292e-02 -7.08869547e-02
  3.96972932e-02  2.04124115e-02  7.80753717e-02  1.78169180e-02
 -6.99276105e-02  2.47220974e-03  4.52677123e-02  5.19594997e-02
  4.43349257e-02  3.41538489e-02 -1.13168499e-02 -3.19267251e-03
 -7.73257837e-02 -5.09823933e-02  2.66392175e-02  1.56788677e-02
 -4.97111632e-03  2.26637758e-02  9.12550017e-02 -3.40759062e-33
  5.88998012e-02  4.52803746e-02 -2.46113073e-02  1.33109456e-02
  2.79085301e-02  5.96739650e-02  6.32286668e-02 -2.63621174e-02
 -1.58998719e-03  4.05000895e-02 -6.90321391e-03  5.31048886e-03
 -6.02214374e-02 -4.95680869e-02  5.30124316e-03  1.37361456e-02
 -9.79536679e-03 -1.23173613e-02 -1.93913393e-02 -4.58063409e-02
 -5.59703559e-02 -5.98460324e-02  4.75869812e-02 -9.49445665e-02
  5.26721263e-03 -8.33857879e-02 -4.26093675e-02  7.81535804e-02
 -9.21735168e-02  7.73633365e-03  7.67129213e-02  4.91137654e-02
 -4.15227754e-04 -2.47840025e-02 -2.10653190e-02  5.74367009e-02
  4.73200567e-02 -4.08451669e-02  5.70095368e-02 -5.32989725e-02
  9.37399268e-02  1.26663204e-02 -6.03125021e-02  3.03448290e-02
  1.08929798e-02  1.03151046e-01 -4.21252437e-02 -7.16947988e-02
 -6.85315430e-02  1.41582135e-02  4.40767705e-02 -6.00914508e-02
 -3.49729098e-02  6.57973019e-03 -3.20565626e-02 -3.83251570e-02
 -3.26489732e-02  5.73992170e-03  2.46568695e-02 -3.93257514e-02
  1.07383959e-01 -4.93884385e-02 -7.90367723e-02 -4.23171781e-02
  7.40194321e-02  3.00118476e-02  5.65084675e-03  3.32055539e-02
  4.37884517e-02 -4.00782824e-02 -1.55408503e-02  1.29778618e-02
 -5.60959391e-02 -3.15308832e-02  4.38352711e-02 -5.21413647e-02
 -1.74837410e-02 -6.90048793e-03  1.59391668e-02  3.56916264e-02
  1.19692218e-02  5.32734990e-02  1.43109718e-02 -2.27581002e-02
  8.57233405e-02  4.26013879e-02  5.75588495e-02 -7.56821036e-02
 -5.18669114e-02 -2.70443782e-02 -2.56929789e-02  1.33528290e-02
  3.47796306e-02 -4.40301672e-02  3.07277739e-02 -2.42939269e-08
  3.46493796e-02  1.77250374e-02 -3.61485258e-02 -1.06771616e-02
 -5.64226694e-02  8.81503671e-02 -1.86618343e-02 -2.51258649e-02
  8.31413120e-02  1.02769569e-01 -1.54167131e-01  2.57115904e-02
  6.17530420e-02  2.85792351e-02 -1.37458816e-02 -2.86960192e-02
  1.91355590e-02 -1.37426525e-01 -7.87174255e-02 -5.12669683e-02
  3.17034125e-03 -6.20980747e-02 -7.02454075e-02  8.65731910e-02
 -1.02223260e-02 -4.12564352e-02  1.89240016e-02 -2.26844717e-02
  4.67175469e-02 -7.86861330e-02 -1.16853908e-01  8.90790485e-04
  6.04085997e-03  8.23065117e-02 -6.80753365e-02  4.34509441e-02
  6.53230324e-02 -1.65755581e-03  2.98473220e-02 -3.53142284e-02
  3.51945721e-02 -7.47187883e-02 -4.70192265e-03 -2.02872814e-03
  1.60718542e-02 -4.59340140e-02  7.48830885e-02 -7.87207410e-02
  3.02898027e-02 -8.22582655e-03  7.67887533e-02 -5.49127609e-02
  9.35122222e-02  2.08696034e-02 -7.15563521e-02 -7.85655156e-02
 -5.18484563e-02  3.70750055e-02  7.50898048e-02 -4.52129804e-02
 -7.27638975e-02 -5.25253415e-02 -4.77238968e-02 -1.70743605e-03]"
How long can the Lassa virus remain infectious outside a host?,"The Lassa virus can survive for several weeks in the environment under ideal conditions, but is sensitive to heat and disinfectants.",The Lassa virus can remain infectious for weeks outside a host but is susceptible to heat and disinfectants.,"How long can the Lassa virus remain infectious outside a host? The Lassa virus can survive for several weeks in the environment under ideal conditions, but is sensitive to heat and disinfectants.","[ 9.58196819e-03 -4.49233502e-02  5.80473524e-03 -9.79581568e-03
  1.08444653e-01 -1.90377664e-02 -5.29899672e-02  1.01447813e-02
 -4.77787480e-02  9.83466208e-02 -1.78049300e-02  9.41672102e-02
  6.03184402e-02  4.54514660e-02 -1.35135851e-04  2.01489981e-02
 -7.75296753e-03 -1.67071626e-01 -5.06751612e-02  6.27138168e-02
  5.15327528e-02  3.66385281e-02  7.14558735e-03 -1.73939150e-02
 -9.08930972e-02 -1.24497972e-02  3.76202576e-02  5.35912514e-02
  1.11039551e-02  9.91587061e-03 -6.11786880e-02 -4.79839742e-03
 -4.10394780e-02 -9.34861600e-03 -3.18587050e-02  6.54730350e-02
 -1.86219290e-02 -8.97362754e-02  4.19565476e-02 -2.73495205e-02
  6.46724226e-03 -1.50922127e-02 -4.55532186e-02  1.38924662e-02
  3.64357159e-02 -3.22803110e-02 -1.36757949e-02  1.81054547e-02
  7.22313374e-02 -2.34358404e-02  3.78843434e-02 -1.70164939e-03
 -9.32824612e-03  9.86799523e-02 -9.85124484e-02  3.21351849e-02
  1.09572606e-02 -7.54852546e-03 -6.72816336e-02  2.21232343e-02
  5.81668466e-02  5.16255051e-02 -3.31788734e-02 -2.04303507e-02
 -5.31360805e-02 -8.04356411e-02  8.69576074e-03  6.69063702e-02
  6.65275827e-02  3.82108688e-02 -1.52443182e-02  2.65904777e-02
 -1.27106339e-01  3.81426178e-02 -1.41651521e-03  5.79205167e-04
  7.78193176e-02 -1.06029846e-02  1.02012888e-01  5.30822650e-02
  5.19720316e-02  2.82472875e-02  1.12875931e-01 -1.55409137e-02
 -5.92873357e-02 -8.81902874e-03  2.83145662e-02  2.97044199e-02
  7.41825774e-02  9.52984730e-04 -3.31990533e-02  6.07949048e-02
  4.31283936e-02 -6.08150288e-02 -3.77311856e-02 -2.43808348e-02
  5.60381897e-02  2.39860546e-02  4.91570383e-02 -3.52673139e-03
 -6.92443252e-02 -1.93508625e-01 -4.52682860e-02  1.23958848e-02
  1.89693198e-02  1.54069429e-02 -1.29172849e-02 -1.44183431e-02
 -3.53979431e-02  1.27471583e-02 -2.54170503e-02  1.07250527e-01
  1.14966460e-01  1.13990698e-02  4.56369668e-02  4.24511638e-03
  2.83887181e-02  1.13555288e-03  1.36390459e-02 -5.03082052e-02
  4.91501838e-02 -1.49512924e-02  7.53469020e-02 -6.34602830e-02
  2.46193241e-02  8.34065229e-02  1.18255757e-01 -1.07986623e-33
 -7.32923811e-03 -7.67866150e-02  4.23776396e-02 -3.55160944e-02
  2.41062162e-03  3.20454165e-02 -1.24977743e-02  4.83564399e-02
  6.06532628e-03 -1.84345082e-03  1.54823344e-02 -8.68628770e-02
  4.89655994e-02 -1.30401896e-02  1.26619358e-02  8.29924569e-02
  1.71581194e-01 -2.56414199e-03 -4.84602600e-02 -2.98682367e-03
  2.35842913e-02 -3.07030305e-02  9.25418660e-02 -1.90393683e-02
  4.06591706e-02 -6.21358082e-02  6.52481616e-03 -2.26632282e-02
 -9.94893350e-03 -1.83308404e-02  5.07180728e-02  2.75274068e-02
 -7.53210485e-02  1.58251245e-02  1.75751988e-02 -5.21401083e-03
  3.39785293e-02  1.24243237e-02  6.90590441e-02 -5.31673990e-02
  3.53453308e-02  1.03737861e-02  9.11617801e-02 -9.39020421e-03
  2.75746547e-02 -1.75372679e-02  2.35088319e-02 -1.74208991e-02
 -1.11908093e-03 -3.20443362e-02  1.57361012e-02 -2.16447515e-03
 -1.98663771e-02  8.22636485e-03  1.07257226e-02  9.92306024e-02
  4.75196466e-02 -3.05824690e-02 -4.73671418e-04 -4.19403501e-02
  2.37403507e-03 -4.38631810e-02  5.51897548e-02 -6.23553507e-02
  2.93902867e-02 -2.96494588e-02 -7.03305146e-03  3.55844982e-02
 -5.60197458e-02  9.90575831e-03  1.58463288e-02  6.11628257e-02
 -1.42339841e-01 -1.06497757e-01 -2.57280525e-02 -1.14783987e-01
  2.36662477e-02 -5.59446961e-02  1.28171192e-02  7.21245930e-02
 -3.59392948e-02 -1.48816630e-02 -2.21378058e-02  3.51793692e-02
 -9.73707903e-03 -1.79563370e-03  5.85651658e-02 -3.47436480e-02
 -3.68024781e-02 -1.40328119e-02  6.31810278e-02  5.00214249e-02
  8.91796220e-03 -2.80736033e-02  1.02532573e-01 -8.55682195e-34
  4.30860184e-02  9.91110690e-03 -3.94782200e-02  3.22142839e-02
 -1.17402449e-02  4.37234864e-02 -6.68083578e-02  9.84298736e-02
 -7.09094405e-02 -6.35921210e-02 -9.30781439e-02  3.28021087e-02
 -3.29673439e-02 -2.66967602e-02  9.06868745e-03  6.12384565e-02
 -3.88786830e-02 -4.22205999e-02 -5.95619828e-02 -1.39442505e-02
 -5.70377260e-02 -8.18730220e-02 -1.74701512e-02 -8.16471130e-02
  3.91647266e-03 -6.31080344e-02  1.32348454e-02  4.53025252e-02
  2.02836506e-02 -2.78297774e-02 -6.85632508e-03  1.97003949e-02
  1.07860072e-02  4.12579849e-02  1.16243195e-02  5.08244289e-03
 -8.78479891e-03 -1.35471791e-01  4.97524627e-02 -1.11867823e-02
  9.88997295e-02  3.49779497e-03 -2.30031516e-02  2.23995768e-03
  2.75490377e-02  4.52384055e-02 -9.48605612e-02  3.71341128e-03
  6.66465331e-03  6.11988492e-02  6.25309274e-02 -6.29410967e-02
 -3.39030586e-02 -3.25720124e-02 -3.20735350e-02 -8.45031142e-02
 -2.99464762e-02 -3.73375462e-03  3.25402841e-02 -1.46426447e-02
  6.58423603e-02 -5.66891879e-02 -5.23135364e-02  9.72325131e-02
 -1.75359268e-02  4.13281433e-02  4.79590371e-02  9.04940516e-02
  4.22070585e-02 -1.39169931e-01  7.01527223e-02  5.29263429e-02
 -1.01832055e-01 -4.15847674e-02 -4.17441456e-03 -4.60363575e-04
 -5.08564487e-02  9.92806721e-03  2.21117474e-02  1.92749295e-02
  2.58945879e-02  4.14223298e-02  6.93892268e-03 -6.23254776e-02
  6.11950532e-02 -3.13824345e-03  4.87193763e-02 -7.42369518e-02
  1.30125589e-03  1.06389797e-03  1.32307531e-02 -4.46601585e-02
 -2.17440259e-02  2.04139948e-03  1.56954490e-02 -2.42449651e-08
  4.28796299e-02  5.34699485e-02 -3.88551652e-02 -2.75234450e-02
 -3.28258276e-02  5.57660237e-02  1.44518362e-02 -3.34457792e-02
  1.02673851e-01  1.42652094e-01 -3.13607231e-02 -1.12843029e-02
  1.89657435e-02  9.24990792e-03 -4.01256494e-02  1.03243794e-02
 -5.62322550e-02 -4.46793661e-02 -4.10503186e-02 -2.26518568e-02
 -3.12348902e-02 -1.03185596e-02 -6.61263019e-02  4.35213037e-02
 -4.87077013e-02 -3.14031504e-02 -2.95062847e-02 -4.69666272e-02
  5.20790145e-02 -2.70719081e-02 -1.00056149e-01  3.85841951e-02
 -1.71236601e-02  1.94792207e-02 -3.90253104e-02  1.12297740e-02
  6.30684420e-02  1.98918469e-02  1.61237419e-02  2.79382076e-02
 -7.62984809e-03 -1.69958565e-02 -3.12514044e-02 -6.95796832e-02
 -5.57665005e-02 -7.53815323e-02  5.09789996e-02  1.06539745e-02
  1.61074270e-02  4.97588739e-02  1.20774671e-01 -2.43531186e-02
  1.52207119e-02 -1.04905935e-02 -4.92084399e-02 -5.61536998e-02
 -4.20231745e-02 -3.86541733e-03  6.57398850e-02 -1.39647191e-02
 -8.60673636e-02 -5.87818101e-02 -3.07201520e-02 -7.05293892e-03]"
What is the role of healthcare workers in managing Lassa Fever?,"Healthcare workers are essential for early detection, providing supportive care, and preventing further transmission through infection control practices.","Healthcare workers detect, treat, and help prevent the spread of Lassa Fever.","What is the role of healthcare workers in managing Lassa Fever? Healthcare workers are essential for early detection, providing supportive care, and preventing further transmission through infection control practices.","[-3.28856222e-02  6.15743063e-02 -4.76557482e-03  2.64410656e-02
  2.54857577e-02  2.98743751e-02  6.24203123e-02  1.12884175e-02
 -1.28444172e-02  8.98704603e-02 -2.67564263e-02  9.58661065e-02
 -4.00525853e-02  1.10422507e-01 -2.33492907e-02 -2.17463225e-02
  1.10725341e-02 -4.89380583e-02 -2.88616959e-02 -3.68285552e-02
 -6.57874271e-02  8.83571617e-03  2.73061288e-03  5.48661575e-02
 -9.73573029e-02 -1.81196502e-03  2.49071252e-02  5.16427904e-02
 -1.56548228e-02  2.68167164e-02 -3.19608562e-02 -2.61491388e-02
  4.42967890e-03 -4.17638291e-03 -4.43902165e-02  7.00773969e-02
  4.30181809e-02 -5.71826100e-02  2.11195578e-03  5.76790050e-02
  8.97635985e-03 -6.38876185e-02 -5.41788638e-02 -2.91216578e-02
  7.38152862e-02 -2.93665845e-02  1.39903948e-02  5.86421043e-02
  6.92670047e-02 -4.35843132e-02  3.08760013e-02 -4.59840782e-02
  4.43500616e-02  1.06441468e-01 -3.80175859e-02  1.55223552e-02
 -2.80770846e-02 -1.19539142e-01 -1.19964190e-01 -2.25653965e-02
 -1.96344182e-02 -1.32940235e-02 -8.72302614e-03  2.89896503e-02
  2.42233183e-03 -6.51857555e-02 -4.23399322e-02 -2.84445081e-02
 -2.01466307e-02 -3.61424498e-02 -4.11211215e-02 -6.55589402e-02
 -1.06194639e-03  1.13697179e-01  1.56300664e-02 -2.02171728e-02
  4.59881313e-02 -3.63173820e-02  9.99946669e-02  1.60347903e-03
  8.70434791e-02 -6.10886794e-03  1.39701158e-01  1.02726497e-01
 -2.66219471e-02  7.59625295e-03  4.33965512e-02 -2.30573434e-02
  4.33262773e-02 -3.14227566e-02  2.57308427e-02 -5.28413765e-02
  5.29101351e-03 -4.75049354e-02  3.42177320e-03 -1.71481054e-02
  1.06931832e-02  7.47905523e-02 -2.22282764e-02  1.77861117e-02
 -7.61394277e-02 -1.76633403e-01  6.38535544e-02  5.83267622e-02
 -2.15747003e-02  3.87803577e-02 -7.53265768e-02 -4.59456816e-02
  2.86385156e-02 -3.41992900e-02 -4.67068031e-02  1.07377060e-01
 -2.81090830e-02  2.78834142e-02  1.69041473e-02 -1.43493002e-03
  2.10401658e-02 -1.82507448e-02 -5.04439436e-02  4.20867326e-03
  2.57612318e-02 -1.01990774e-02  4.06814925e-02 -3.64030302e-02
  4.06753942e-02  4.20026705e-02  1.69160906e-02 -2.22060140e-33
  5.43167889e-02 -1.03918500e-02  5.08762822e-02  1.63814984e-02
  4.14230116e-03  5.85453771e-02 -6.26722947e-02 -1.95184760e-02
  4.70792726e-02 -5.92798740e-02 -4.28050421e-02 -8.56275298e-03
  1.04010545e-01  2.14222223e-02 -2.89393440e-02  4.74117883e-03
  3.57606634e-02  3.42845842e-02 -6.64637983e-02  5.56956306e-02
 -3.37617211e-02 -1.97311379e-02  7.26515288e-03  2.20759157e-02
 -4.24675504e-03  3.78524177e-02  1.73010007e-02 -1.10173337e-02
  5.15741967e-02 -2.10468518e-03 -2.15134714e-02  3.33931260e-02
 -2.69183014e-02 -5.09671979e-02 -2.83618998e-02  4.51327600e-02
 -3.81768756e-02 -5.56505919e-02  3.57751288e-02 -5.28014451e-02
 -1.83521137e-02  1.57806352e-02  5.48722669e-02  2.06281431e-02
 -7.14617968e-03  2.18762159e-02 -2.21781284e-02 -2.76460368e-02
 -2.11107656e-02  2.86027975e-03 -1.57604702e-02  3.34652476e-02
  2.29861140e-02  1.63481701e-02  8.18976015e-02 -3.46209342e-03
  3.11972164e-02 -1.41391996e-02 -2.03608461e-02 -7.40013570e-02
  3.65470275e-02 -8.71257633e-02 -7.01851547e-02 -2.81870039e-03
  2.41248291e-02 -5.04865795e-02  4.22934666e-02  5.05298050e-03
  1.29184676e-02  1.93976890e-02 -5.16773574e-02  9.36401337e-02
 -6.42134100e-02 -1.93460360e-02 -7.79315010e-02 -6.12376817e-03
  2.51546241e-02  1.91243552e-03 -8.42937827e-03 -5.43898146e-04
 -3.88900973e-02 -2.63980683e-02  1.02043606e-01  9.04077813e-02
  1.46187013e-02 -2.48725787e-02  3.19444388e-02  1.04049277e-02
 -3.43577676e-02 -1.09016716e-01 -2.19003707e-02  6.83624893e-02
  3.18008400e-02  1.06809229e-01  4.18901723e-03 -1.15503441e-33
  6.45656735e-02  3.60967102e-03 -6.27493113e-02 -5.30706719e-02
  7.06800744e-02  3.10388766e-02 -1.14477379e-03 -7.82816932e-02
  5.06230351e-03  2.20600292e-02 -7.58591667e-03 -3.22498679e-02
 -6.80975020e-02 -3.86293605e-02 -1.41776484e-02  1.66756380e-02
 -5.44492118e-02 -5.36508821e-02 -4.07473892e-02  1.15649579e-02
 -7.35939294e-02  4.33218218e-02  3.55767496e-02 -3.09543628e-02
  5.34319803e-02  6.17661374e-03 -4.55936007e-02  1.76304802e-02
 -2.15151533e-02 -7.50344843e-02 -3.68990265e-02  2.09515784e-02
  1.69463493e-02 -8.05694982e-02  9.09002032e-03  1.30358841e-02
 -3.31662372e-02 -3.75920497e-02  6.06613085e-02  3.81257646e-02
  1.77655280e-01 -3.39123234e-02 -6.09269105e-02  3.43431830e-02
  3.02223675e-02  7.24538267e-02 -5.33834472e-02  7.07439659e-03
 -8.63251984e-02  1.96108297e-02  6.35746866e-02 -4.71329913e-02
 -2.79614031e-02  8.15266371e-02 -3.54281031e-02 -5.98980859e-02
  2.32090633e-02 -1.04490474e-01  1.26616182e-02 -1.66837964e-02
  5.61188646e-02 -7.20053539e-02 -3.33781987e-02  6.31403700e-02
 -5.22684902e-02 -2.02847738e-02  5.77617213e-02  1.69697162e-02
  2.55677830e-02 -7.14732707e-02  2.61948518e-02 -5.99052384e-02
 -4.55756411e-02  5.74855180e-03  2.78725624e-02 -8.71121064e-02
 -1.17003508e-01 -7.26830736e-02 -1.26771834e-02  5.59264906e-02
 -5.62487207e-02 -8.62461701e-02  7.66498744e-02 -1.84903247e-03
  1.81318559e-02  7.27643669e-02  5.48776053e-02 -5.63285388e-02
 -5.41207492e-02 -4.75216769e-02 -6.63012564e-02 -2.44019218e-02
 -4.79426347e-02  4.68413830e-02  4.67334967e-03 -3.10780948e-08
  3.18484269e-02 -1.22129368e-02 -2.64158640e-02 -7.58028701e-02
 -7.79948682e-02 -9.10978913e-02 -5.83799556e-02  5.99497594e-02
  9.92574543e-02  1.65442392e-01 -4.65042703e-02  3.96607481e-02
  3.13779749e-02  3.18439975e-02  7.61192217e-02  5.33322915e-02
 -4.85144742e-02  5.10334857e-02 -7.20851049e-02 -7.49554783e-02
  3.32583115e-02  8.15366581e-03 -2.94286683e-02  1.41949039e-02
 -8.09986144e-03 -1.59210563e-02 -4.30689566e-02  3.48465890e-02
 -6.12884713e-03 -5.75138163e-03 -6.78445697e-02  9.24163163e-02
  6.55720085e-02  3.86906117e-02 -5.71263023e-02  4.71227691e-02
  5.93485460e-02 -4.90694754e-02  7.97143057e-02 -3.82789150e-02
  2.49507613e-02  1.97771359e-02 -3.34801674e-02  2.25299923e-03
  6.09374954e-04 -1.24060348e-01  5.79445139e-02  4.17908579e-02
  7.42246164e-03 -7.05850720e-02  5.22394441e-02 -1.77564230e-02
  1.03123277e-01  7.28621930e-02 -1.08478054e-01 -3.66611965e-02
  1.75271332e-02 -4.81284671e-02  1.88658223e-03 -1.47684878e-02
 -2.38318164e-02 -5.81972934e-02 -7.03846011e-03 -1.70329567e-02]"
Are there any specific populations more vulnerable to Lassa Fever?,"Individuals with compromised immune systems, pregnant women, and residents of endemic areas with poor medical infrastructure are more vulnerable to severe outcomes of Lassa Fever.",Immune-compromised individuals and pregnant women are particularly vulnerable to severe Lassa Fever.,"Are there any specific populations more vulnerable to Lassa Fever? Individuals with compromised immune systems, pregnant women, and residents of endemic areas with poor medical infrastructure are more vulnerable to severe outcomes of Lassa Fever.","[ 7.25136548e-02 -2.66543701e-02 -3.44670862e-02  3.02562658e-02
  5.51102571e-02 -1.14242025e-02 -2.29648706e-02  8.35944265e-02
 -3.23314853e-02  1.18529245e-01  3.94612411e-03  5.65260788e-03
 -3.19217518e-02  6.52624667e-02  3.75643335e-02 -2.11478695e-02
  2.63542142e-02 -1.28226638e-01  7.80367479e-03  5.62414303e-02
 -8.09763446e-02  1.09230448e-02  3.00294831e-02  4.94700596e-02
 -7.52637088e-02 -7.29726180e-02  1.81948375e-02  8.82547945e-02
 -2.38931831e-02  1.88769121e-02 -9.97607335e-02  5.66879958e-02
 -2.95533668e-02 -2.14865878e-02 -4.95897373e-03  3.43509205e-02
  1.64785725e-03 -2.31376737e-02  2.00230442e-02  3.22429687e-02
 -1.46347471e-02 -2.68452670e-02  7.61321466e-03 -2.41805054e-02
  4.25382368e-02 -6.53046295e-02 -4.04532216e-02  6.59646541e-02
  4.65252846e-02 -2.11517699e-02  5.69928773e-02 -2.42013726e-02
  3.76692936e-02  7.01744482e-02 -6.47824407e-02 -3.66260633e-02
 -6.20647632e-02 -3.14795785e-02 -8.32825750e-02  3.21401209e-02
 -1.82970744e-02  3.84238586e-02 -2.36582533e-02  2.37774067e-02
  5.11017852e-02  1.61205605e-02 -2.17574742e-02 -7.27214571e-03
  3.65907289e-02 -1.98157858e-02  9.86660272e-03 -1.11464914e-02
 -8.75298753e-02  1.44633949e-01  3.48065607e-02 -1.50833093e-03
  4.05787677e-02  2.30739117e-02  6.33222684e-02  6.79822788e-02
  5.38245067e-02  2.59057749e-02  1.18540637e-01 -1.17891859e-02
  3.31827626e-02 -1.51035693e-02  3.21984924e-02 -7.78082525e-03
  3.46539542e-02 -3.89363314e-03  2.28137914e-02 -2.21434209e-04
  8.70157182e-02  1.43430131e-02 -3.94827127e-02  1.07893087e-02
  4.65874970e-02 -1.91645622e-02 -3.36537394e-03 -1.52646620e-02
 -1.23246603e-01 -1.93869412e-01  9.22355615e-03  8.55903700e-02
  2.96020340e-02  4.95121703e-02 -5.14806211e-02 -1.02751926e-01
 -3.42353247e-02 -4.15389054e-02 -4.54899222e-02  7.34432116e-02
  5.82182556e-02  3.66532765e-02 -4.19046963e-03 -9.23158675e-02
  7.05987737e-02 -6.16898350e-02 -2.55482811e-02  2.16011181e-02
  2.82473639e-02 -3.46575826e-02  1.66936237e-02 -2.71617249e-02
  3.13013084e-02  4.24221903e-02 -5.20589948e-02  1.35200273e-33
  4.86104004e-02 -4.19045761e-02  5.37225455e-02 -2.91759527e-04
  2.11146008e-03  3.92997712e-02 -1.93162430e-02 -3.33880372e-02
 -4.84347250e-03 -4.40766290e-02 -3.45594175e-02 -6.34692535e-02
  5.77397756e-02  1.50040379e-02  3.39020826e-02  8.77184495e-02
  3.64084765e-02 -1.94544764e-03 -7.59269968e-02  2.99546923e-02
 -1.70273166e-02  3.13785225e-02  6.62605464e-02 -1.92590784e-02
  8.37517250e-03 -1.93093084e-02  5.64654060e-02  4.35159076e-03
 -2.34570969e-02 -1.79685410e-02 -5.88770099e-02 -3.73359658e-02
  6.64477348e-02 -6.88948929e-02  3.98678752e-03  5.77305444e-02
 -1.50740962e-03 -9.92815290e-03  1.67589840e-02  1.96087416e-02
 -6.84093833e-02  3.52969840e-02  5.33189848e-02 -9.02799983e-03
  1.00187466e-01 -3.27892136e-03 -1.72923841e-02 -5.82731105e-02
 -7.45171830e-02 -1.99931711e-02 -5.16521595e-02  4.66055386e-02
 -5.94157614e-02  5.39272912e-02  6.06841333e-02 -2.59935521e-02
  2.35382207e-02  3.20800841e-02  3.99664929e-03 -1.12091657e-02
 -6.78232871e-03 -8.37252736e-02 -3.84696461e-02 -1.33164644e-01
  4.93063927e-02 -6.15983196e-02  6.96024373e-02 -1.66630503e-02
 -7.32447356e-02  3.12275384e-02 -1.74029805e-02  4.10604402e-02
 -1.13347434e-01  2.39817519e-02 -4.32288311e-02  4.16750601e-03
  8.73031542e-02  3.42253186e-02  2.85854265e-02 -4.97991666e-02
 -9.00786072e-02 -3.98142776e-03  5.51041216e-02  1.15553096e-01
  1.19182782e-03  4.06073742e-02  3.59029882e-02 -4.11614478e-02
 -1.59090701e-02 -1.19645327e-01  8.00676122e-02  2.52733659e-02
 -1.77153182e-04  2.26293206e-02  5.48317446e-04 -2.74101442e-33
 -4.98643890e-03 -3.36420909e-02 -3.32165807e-02 -2.28684153e-02
  1.33342985e-02  3.67822610e-02  7.09544048e-02 -6.52610883e-02
  1.99779472e-03 -4.24347781e-02 -3.66805606e-02 -2.24919841e-02
  3.99353914e-03 -6.74402760e-03  2.49282662e-02  1.18153933e-02
 -4.76206727e-02  2.75754947e-02  2.35673655e-02 -1.06982403e-02
 -6.44677877e-02 -1.01128174e-02  1.50461001e-02 -6.71715066e-02
  1.69499796e-02 -3.73274162e-02 -7.02423155e-02  3.44254076e-02
 -3.89890969e-02 -6.02798685e-02  1.94938146e-02  6.40638545e-02
  1.14539790e-03 -2.62683574e-02  4.02342677e-02  4.78361584e-02
  3.38805839e-02 -5.19005908e-03  1.64500028e-02  6.35353057e-03
  8.38155374e-02  1.08050872e-02 -1.10312784e-03  2.70147324e-02
  4.19703908e-02  1.07428916e-01 -1.84039995e-02  6.54496159e-03
  1.54945226e-02  6.47577122e-02  3.28678042e-02 -6.65913522e-02
 -2.99683604e-02  7.96216503e-02 -2.09114533e-02 -1.11596249e-01
  7.14319795e-02 -7.98811913e-02  4.04088050e-02  1.78914852e-02
  3.85606167e-04 -4.20064740e-02 -6.85262382e-02  2.45110746e-02
 -3.30769531e-02 -1.54895941e-02 -4.80078254e-03  2.23950315e-02
 -5.13692526e-03 -3.93437259e-02  4.68531139e-02 -1.07604496e-01
 -6.73375279e-02 -5.54103889e-02  3.46686915e-02 -2.80157980e-02
 -7.07261935e-02  4.28205580e-02  2.83023436e-02  5.21136411e-02
 -2.18717679e-02 -5.96732181e-03  2.67782174e-02 -4.43164743e-02
  2.39016907e-03  4.37018536e-02  7.75103420e-02 -1.10818878e-01
 -1.86533481e-02  2.29765922e-02 -7.54483566e-02 -3.39748512e-04
 -3.65729667e-02 -6.96564019e-02  7.82790128e-03 -2.80021535e-08
  9.28372741e-02  5.37894592e-02 -5.96441068e-02 -4.84409481e-02
 -3.22397277e-02 -1.13181556e-02 -6.89332485e-02  7.20958486e-02
  7.42795020e-02  1.61405817e-01 -4.69262786e-02  1.06139630e-01
  7.48361051e-02  1.47416792e-03 -2.33670250e-02  5.71099184e-02
 -4.77247462e-02  1.46017242e-02 -4.11576666e-02 -3.79648805e-02
 -5.75125916e-03  8.23196606e-04 -1.00586414e-02 -4.50629555e-02
  5.59468148e-03 -5.44489138e-02 -5.88631406e-02 -1.60800163e-02
  6.27678353e-03 -8.74354616e-02 -7.91440234e-02  1.28262704e-02
  7.57250190e-02  3.03211734e-02  3.64244245e-02  1.76270511e-02
  1.90699380e-02  3.78766693e-02  4.26194556e-02  2.42253602e-03
  1.01696672e-02 -6.75467998e-02  3.21475938e-02 -5.92812151e-03
  5.69711952e-03 -1.38272405e-01  5.40277623e-02  2.20244993e-02
  5.75698651e-02 -9.51585770e-02  1.56294685e-02 -1.17786214e-01
  4.84605953e-02  4.95837739e-05 -4.28995155e-02 -4.81083058e-02
 -6.23518154e-02  1.52587621e-02  7.55691528e-02 -6.88858144e-03
  1.65948365e-02 -1.07517175e-01 -2.81627309e-02 -1.72943138e-02]"
How are Lassa Fever outbreaks detected?,"Outbreaks are detected through surveillance systems, which include reporting of suspected cases and laboratory confirmation.",Surveillance systems that report and confirm cases are key to detecting Lassa Fever outbreaks.,"How are Lassa Fever outbreaks detected? Outbreaks are detected through surveillance systems, which include reporting of suspected cases and laboratory confirmation.","[ 3.61166596e-02 -4.98408489e-02 -7.61088356e-02  1.27069503e-02
  8.72557089e-02 -8.12211633e-03 -4.91183624e-03  2.49817129e-02
  4.04405370e-02  1.09793730e-01  2.32832544e-02  2.97129545e-02
  1.10387187e-02  8.00439492e-02 -8.05138797e-02 -7.01227039e-02
  1.11278647e-03 -1.17628664e-01 -3.63865755e-02 -4.41367440e-02
  1.92029960e-02  1.66216586e-02 -8.98275618e-03  6.14385456e-02
 -7.27563500e-02 -2.01748200e-02  2.63628294e-03  1.78008173e-02
 -5.30446321e-02  4.28055152e-02 -2.84483153e-02  4.00671070e-06
 -2.34799217e-02  1.94822252e-02  2.71045621e-02 -2.23302413e-02
  6.74381331e-02 -7.16565102e-02  5.99302817e-03  2.48277802e-02
  3.09787821e-02 -1.04223728e-01  1.09924544e-02  1.30434763e-02
  1.84925534e-02 -7.20773544e-03 -8.25409442e-02  1.09773830e-01
  3.97226922e-02 -5.07023893e-02  1.77525822e-02 -1.08266763e-01
  1.42205143e-02  9.49609801e-02 -1.06180966e-01 -6.48130989e-03
 -2.61404980e-02 -6.56023845e-02 -3.72762568e-02  5.60118742e-02
 -1.96930543e-02  1.94071252e-02 -4.16121669e-02  1.27281006e-02
 -8.40005837e-03  2.81346086e-02  9.73430462e-03  2.72651054e-02
  1.03319034e-01 -3.77239436e-02  1.99637376e-02  3.92503068e-02
 -4.94892374e-02  8.47317800e-02 -3.17633823e-02 -5.39490357e-02
  7.96160772e-02  6.68082088e-02  8.79084617e-02  1.57319065e-02
 -5.50340815e-03 -2.84004230e-02  1.65093377e-01  5.36273746e-03
  5.82849868e-02  3.46086174e-02  8.47516209e-03 -1.60993896e-02
 -2.51595816e-03  8.58490076e-03 -1.53433504e-02 -2.50789635e-02
 -2.60537900e-02 -2.53801234e-02 -7.95430094e-02  9.75883193e-03
  3.32601853e-02  2.95225959e-02  1.06470510e-01  2.48715132e-02
 -7.23832250e-02 -1.70047596e-01  3.11794057e-02  6.55643716e-02
 -5.38996933e-03  4.08734418e-02 -4.92660180e-02 -3.10825426e-02
  5.65612391e-02 -2.16325745e-02 -6.14788309e-02  1.05543450e-01
  9.11322609e-02  5.55835571e-03  4.96630110e-02 -2.13037673e-02
  2.85296515e-02  4.57819887e-02 -4.21972759e-02 -2.68075895e-02
  5.51547855e-02 -1.23342015e-02  6.90425038e-02 -7.67133851e-03
  9.49624851e-02  1.18231572e-01 -1.59975514e-02 -1.00569116e-33
  6.89218044e-02 -2.65538562e-02  2.28227377e-02 -1.32336002e-02
 -4.33256738e-02  7.27610663e-02 -1.05811216e-01  4.53497749e-03
  7.89019093e-03  8.53691529e-03  1.54402787e-02  1.87392347e-02
  6.57136664e-02  2.43152175e-02  8.74467753e-03  3.39708254e-02
  7.59922415e-02  2.02283971e-02 -5.21931872e-02 -4.35608067e-02
 -1.53215379e-02 -2.82735191e-02  9.44408253e-02 -2.46532559e-02
  5.30188121e-02  3.86518519e-03  9.32232570e-03 -1.69375110e-02
  3.42715606e-02  2.51755607e-03 -1.61802080e-02 -3.22214584e-03
 -7.84233119e-03 -2.89882068e-02  1.91977490e-02  2.26891488e-02
  3.09866853e-02 -2.62028165e-02  3.77950706e-02 -1.32593075e-02
  4.75626923e-02 -2.13641394e-02 -2.76342835e-02 -9.82887112e-03
 -1.37273769e-03  5.21247573e-02 -6.74047396e-02  1.47169689e-02
  1.41275218e-02 -2.49722209e-02  4.26046131e-03 -2.64726323e-03
 -4.01802696e-02  2.09266283e-02  1.28597273e-02  9.11555737e-02
 -8.81080888e-03 -7.05973804e-02  2.40323432e-02 -4.76689227e-02
  7.80990422e-02 -7.44263083e-02 -7.71039072e-03 -8.72027352e-02
 -2.76986044e-02 -4.54480350e-02  2.41990965e-02  3.38274576e-02
 -1.82257611e-02  9.24280807e-02 -5.45293503e-02  7.93090165e-02
 -8.26006681e-02 -3.16987932e-02  1.12170670e-02 -3.30762081e-02
 -2.56303861e-03  5.61564788e-02  7.56624760e-03  1.38317272e-02
 -9.24001858e-02 -4.97161411e-02  1.08523905e-01  1.10698216e-01
 -5.61235547e-02 -7.56732514e-03 -1.69374198e-02  8.23924504e-03
 -6.63396791e-02 -7.39376470e-02  1.62669364e-02  5.47739267e-02
  1.54759688e-02  5.84973581e-02  3.48307304e-02 -1.30255225e-33
 -2.50494219e-02  6.52864873e-02 -5.14550917e-02 -3.49782445e-02
 -1.93153769e-02  4.75070579e-03 -2.58661676e-02 -3.34582999e-02
  5.26745152e-03 -1.82808191e-02 -4.67274524e-02 -7.05666561e-03
 -6.46073818e-02 -4.78603505e-03 -3.89222018e-02  4.52504307e-02
 -1.73643753e-02 -3.35573517e-02 -2.84789037e-02  1.02260010e-02
 -1.45666897e-01 -1.53494840e-02 -1.00225657e-02 -9.80882272e-02
  2.20291186e-02 -5.49644567e-02  4.28095795e-02  5.39824180e-02
 -2.09989268e-02 -5.45452908e-02  1.68681648e-02 -9.99857485e-03
  2.38736607e-02  4.91983490e-03 -5.28661814e-03  5.74812256e-02
  7.93220848e-02 -7.83111677e-02  2.96837352e-02  2.47531314e-03
  5.13081141e-02  5.14972247e-02 -9.71360281e-02 -1.69955508e-03
 -1.68838724e-02  7.27443099e-02 -2.01390460e-02  1.34857878e-01
 -6.02788590e-02  3.80211323e-02  4.44543734e-02 -5.64502217e-02
 -3.76429968e-02  4.86812480e-02 -4.80943881e-02 -5.67392670e-02
 -3.57232355e-02 -4.30957153e-02 -3.32069695e-02  2.14189738e-02
  5.17160539e-03 -9.46809575e-02 -1.07293569e-01  5.68310283e-02
  1.23585127e-02 -4.13244255e-02  4.46888283e-02  3.43870348e-03
  4.28313427e-02 -3.81177329e-02  4.23519723e-02  1.40176285e-02
 -7.41280094e-02 -2.58244723e-02  6.35533333e-02 -6.95953816e-02
 -1.11912847e-01 -4.39475328e-02  9.62340925e-03  2.89165159e-03
  1.11763068e-02 -7.19444752e-02  7.85399824e-02 -4.10630330e-02
  4.57783276e-03  4.02102210e-02  1.07642666e-01 -4.26735096e-02
 -1.91687644e-02 -2.88750324e-02  3.48961283e-03 -5.46584986e-02
 -6.09599054e-02  2.42207460e-02  4.85210866e-02 -2.34010553e-08
  1.57060903e-02 -3.01358942e-02 -2.50599626e-02 -6.51227385e-02
 -4.85093053e-03  4.41629477e-02 -3.01836468e-02  8.92155319e-02
  8.30426216e-02  1.78223327e-02 -3.27115133e-02 -1.91116165e-02
 -4.28655073e-02 -3.99456248e-02  6.20840862e-02 -1.79926679e-02
 -2.70230379e-02  3.44777629e-02 -5.46480380e-02 -1.83702447e-02
 -1.79660823e-02 -3.27169895e-02  2.71761883e-02  1.25652645e-02
  5.22328392e-02 -8.72032270e-02 -7.13986754e-02  4.84497175e-02
  3.33306938e-02 -1.28389169e-02 -8.79729241e-02  1.39211519e-02
  6.75610974e-02  1.13993352e-02  3.72651313e-03  7.73460791e-02
 -1.51775060e-02  4.21341956e-02  7.35997036e-02  9.41823982e-03
  2.10170280e-02 -4.98373918e-02 -3.17287706e-02 -4.04698309e-03
 -4.42983918e-02 -3.70224714e-02  9.32071209e-02 -1.67511962e-02
  5.67398667e-02 -3.25203501e-02  5.33447862e-02 -9.87269878e-02
  1.04000837e-01  6.55571297e-02 -9.43649709e-02 -4.63070534e-02
 -3.43525596e-02 -4.52593975e-02  3.28766443e-02 -3.19185248e-03
  9.79011226e-03 -4.58309241e-02 -4.46999557e-02 -4.40185629e-02]"
What research is being conducted on Lassa Fever?,"Research focuses on vaccine development, antiviral therapies, and understanding the virus's epidemiology and ecology.",Vaccine development and antiviral research are at the forefront of Lassa Fever studies.,"What research is being conducted on Lassa Fever? Research focuses on vaccine development, antiviral therapies, and understanding the virus's epidemiology and ecology.","[-3.66970524e-02 -4.88366745e-03 -8.10179114e-02  3.34931836e-02
  3.88796031e-02 -7.66682345e-03 -1.74840484e-02  8.44933465e-02
 -8.40723608e-03  1.53744221e-01 -3.15046944e-02  5.69207147e-02
 -3.87947075e-02  6.43860772e-02 -6.07104227e-02 -4.63282503e-03
  4.90934029e-03 -1.02243580e-01 -2.56665442e-02 -3.31881568e-02
 -1.44098895e-02  1.48620992e-03  1.28733471e-01  4.53415848e-02
 -9.96021256e-02 -5.19179963e-02 -4.37710725e-04  1.36458864e-02
 -4.35018875e-02  1.96259152e-02 -6.05987199e-02  6.26116693e-02
 -1.79433869e-03 -2.92984322e-02 -2.74852440e-02  4.71538529e-02
  3.89789753e-02 -3.48112471e-02  3.47276405e-02  4.09681536e-02
 -3.29177305e-02 -7.63009340e-02  3.40137705e-02 -7.19700335e-03
  7.55891427e-02 -6.67805895e-02 -4.91008759e-02  3.16376574e-02
  1.03359766e-01 -2.01009098e-03 -8.35943129e-03 -9.36345086e-02
  8.48185737e-03  1.96634904e-02 -6.64689839e-02  1.79582625e-03
 -2.10680552e-02 -1.09106340e-02  2.80749891e-03  1.40354391e-02
  3.82577963e-02  3.68207209e-02 -8.87865052e-02  4.07583080e-02
  8.02681968e-03 -3.03292107e-02 -2.82747578e-03  5.61956950e-02
  5.51554840e-03 -6.81175962e-02 -9.03400220e-03  8.50208569e-03
 -4.50022817e-02  1.30437106e-01  2.10369807e-02 -1.44538684e-02
  4.86648977e-02  4.00444530e-02  1.24382548e-01  5.22655621e-03
  9.18552279e-02 -3.87429893e-02  1.56109929e-01  2.72850301e-02
 -3.61876972e-02  4.19098279e-03  1.88844353e-02 -5.59670432e-03
  1.82757508e-02 -8.51480640e-04  1.97672080e-02 -4.04640585e-02
 -1.80585999e-02  1.40009131e-02 -7.85481408e-02  6.50345907e-02
  3.66524309e-02 -5.69153018e-02  6.70273975e-02  1.86722148e-02
 -4.96550053e-02 -1.85412571e-01  1.82031281e-02  3.42452228e-02
 -4.69215810e-02  2.80656870e-02 -4.51255441e-02 -3.54837924e-02
  4.06561270e-02  8.57619103e-03 -9.43960026e-02  9.18204486e-02
 -9.47628450e-03  7.08762258e-02  4.20808382e-02 -1.57195609e-02
  6.29165322e-02 -2.49121189e-02 -4.48953919e-03 -3.50543447e-02
  2.37711165e-02 -2.47058198e-02  6.94457665e-02 -4.75199930e-02
  2.40177009e-02  2.92215962e-02 -5.93010522e-02 -1.56178071e-33
  4.65998873e-02 -4.16196100e-02  4.85394411e-02  9.39807743e-02
 -4.09182440e-03  2.08123121e-02 -2.19708793e-02  2.24632602e-02
 -2.98099704e-02 -9.28147733e-02 -2.46137055e-03 -7.18112215e-02
  7.68869817e-02  3.93616334e-02 -1.76189691e-02  1.67196225e-02
  1.83097720e-02  6.36421051e-03 -4.06209603e-02 -3.87420803e-02
 -7.35486450e-04  2.54577268e-02  1.12826012e-01 -1.70184132e-02
  4.96465974e-02 -2.22172439e-02 -1.51691949e-02 -6.91246614e-02
  2.41585951e-02  8.46876111e-03 -1.05246129e-02  3.19197997e-02
 -7.10377544e-02 -7.36565292e-02  2.45171282e-02  5.66968434e-02
  1.93639789e-02 -4.94967140e-02  2.55755428e-02  3.59479561e-02
  1.09237041e-02  2.61724163e-02  4.01575603e-02 -1.90650634e-02
  2.03641914e-02  3.73645425e-02 -3.60467508e-02 -2.92493477e-02
  2.66316030e-02 -6.36782348e-02  1.38832610e-02  2.62239836e-02
 -4.34526838e-02 -1.05558336e-02  2.78721880e-02  7.41471723e-02
 -6.61405781e-03  7.30192661e-03 -5.11269551e-03 -3.82960439e-02
  6.35871366e-02 -4.44435701e-02 -6.15035482e-02 -1.10077448e-01
  2.16290099e-03  9.72087495e-03 -1.75373163e-02 -4.61090356e-02
 -8.82162340e-03  4.24189083e-02 -3.71954180e-02  5.49699441e-02
 -6.51424527e-02 -3.04411612e-02 -3.23553495e-02 -7.74580473e-03
  3.14364284e-02  3.84490490e-02 -1.00565245e-02  3.93732451e-02
 -7.50444531e-02 -1.24772592e-03  6.68035448e-02  8.06949735e-02
 -4.89196926e-02 -2.37496886e-02 -1.07388776e-02 -1.25697786e-02
  1.52952420e-02 -1.00180693e-01  6.56750873e-02  5.38560897e-02
  1.92555366e-03  1.14441859e-02  3.08417752e-02 -4.68417463e-34
 -2.07315534e-02 -1.68405678e-02 -2.93500405e-02  5.29335365e-02
  7.56624490e-02  4.12720665e-02 -3.79056111e-02 -6.71375319e-02
  7.21639022e-02 -1.35352844e-02 -1.86673254e-02 -1.71406642e-02
  9.98028833e-03  1.43546462e-02 -3.94155979e-02  2.96957139e-03
 -5.43236472e-02 -6.40081018e-02 -7.39975721e-02 -1.90690234e-02
 -6.35399744e-02 -2.25452203e-02  8.51430651e-03 -1.31780222e-01
  6.63702488e-02 -6.92309588e-02  2.92539503e-02  1.08384807e-02
 -3.40120904e-02 -1.60434283e-02  1.70675181e-02 -7.38119986e-03
 -1.10303161e-04  4.26673889e-03 -3.32325101e-02  1.00108646e-01
  9.23277587e-02 -4.94814552e-02  5.56592830e-02 -7.58631453e-02
  1.13715678e-01 -2.72501931e-02 -4.80476879e-02 -3.51951905e-02
  3.26727666e-02  5.16333319e-02 -1.00749448e-01  1.28019959e-01
 -2.88074114e-03  5.63325733e-02  7.53596351e-02 -5.26345186e-02
  4.09191661e-03 -1.34627335e-04  1.09614301e-02 -6.75928965e-02
 -1.19802840e-04 -3.58342715e-02  1.12213120e-02  2.56773364e-02
  4.96059395e-02  2.85780872e-03 -1.18354939e-01  7.26183578e-02
  6.47993758e-03  1.25294160e-02  3.02311359e-03  3.18048522e-02
  1.51777389e-02 -9.34301242e-02  6.77252710e-02 -8.79646465e-03
 -5.36094345e-02  6.29342903e-05  1.02906441e-02 -3.35945338e-02
 -1.96650047e-02 -3.52955572e-02  3.20684798e-02  8.23781267e-02
 -9.31887608e-03 -2.27607656e-02  2.44168919e-02  1.19091868e-02
  3.11288927e-02  7.63964728e-02  5.11614159e-02  7.70698721e-03
 -6.62229434e-02 -2.17699483e-02 -5.35280928e-02 -1.01871200e-01
 -5.69301322e-02  1.25077795e-02  5.37078045e-02 -2.72003060e-08
  1.05382569e-01 -1.12658618e-02  8.82032514e-03 -3.53955962e-02
 -4.54119332e-02  3.69841419e-02 -5.25391586e-02  5.09329028e-02
  1.42908171e-02  1.01177931e-01 -6.61002994e-02  8.27630311e-02
  1.51954954e-02  3.63567770e-02 -3.39663364e-02 -4.10373285e-02
  1.80487093e-02  2.37096082e-02 -5.90501018e-02 -7.32326284e-02
  1.29759517e-02  8.78733117e-03 -3.70880179e-02 -2.06468347e-02
  2.32675485e-02 -5.62852845e-02 -4.69803326e-02 -5.03325136e-03
  1.99215324e-03 -1.56791374e-01 -1.23721689e-01  8.69462937e-02
  2.43370719e-02 -6.45398647e-02  6.17147051e-03  3.87789644e-02
  2.44941004e-02  1.07677486e-02  7.48881921e-02 -4.71603824e-03
  2.07879674e-02  7.13852793e-03  2.53095608e-02 -2.05681864e-02
 -5.45149036e-02 -1.90836005e-02  4.25818786e-02  3.53196710e-02
  2.41200514e-02 -2.00573169e-02  4.13522646e-02 -2.90120412e-02
  9.13332328e-02  2.57015787e-02 -1.11271419e-01  5.59483282e-02
 -5.33015914e-02 -4.19541560e-02  5.16018532e-02 -5.74064888e-02
  7.94987231e-02 -5.53367585e-02 -2.73005813e-02  3.29289474e-02]"
How has Lassa Fever treatment evolved?,"Treatment has evolved with the use of Ribavirin and supportive care, but there is ongoing research to find more effective therapies and a vaccine.","Lassa Fever treatment primarily relies on Ribavirin, with research aimed at finding better treatments.","How has Lassa Fever treatment evolved? Treatment has evolved with the use of Ribavirin and supportive care, but there is ongoing research to find more effective therapies and a vaccine.","[-1.17643019e-02 -3.58872041e-02 -8.42798799e-02  2.43982151e-02
  1.94451828e-02  1.62911694e-02 -5.78410625e-02  9.28589255e-02
  2.43614018e-02  1.09388113e-01  1.20923454e-02  1.20000407e-01
 -2.00145971e-02  9.24491212e-02 -4.13759751e-03  2.73328535e-02
  1.96809210e-02 -9.06002671e-02 -3.17128897e-02 -1.67302322e-02
 -8.93869027e-02  5.78614697e-02  9.99026597e-02  8.70888606e-02
 -7.35445321e-02 -3.80844697e-02  3.10606547e-02  4.72849943e-02
  3.62555473e-03 -6.61655422e-03  1.61112882e-02  4.63423207e-02
 -7.29338005e-02 -6.02722988e-02 -1.64046697e-02  6.14799857e-02
  2.47304570e-02 -7.78946504e-02 -5.24286479e-02  9.55190882e-03
 -3.98473330e-02 -5.46752289e-02 -2.51265503e-02 -5.32624274e-02
  8.34326744e-02 -6.54055923e-02 -4.22642566e-02  1.10301830e-01
  1.07230529e-01 -2.80359597e-03  3.08376309e-02 -8.75534937e-02
  3.19452696e-02 -3.12055461e-02 -3.48882675e-02  2.82439366e-02
 -5.59491962e-02  8.62366147e-03 -3.23289745e-02  3.70579702e-03
 -6.48663938e-02 -1.08463103e-02 -5.02505265e-02  2.83446461e-02
 -1.71204209e-02 -4.75462340e-02 -1.86234899e-02  4.30305535e-03
  6.99209869e-02  2.06043050e-02 -4.30798270e-02  1.78462104e-03
 -2.18256898e-02  1.02831393e-01 -3.72984037e-02 -1.43730547e-02
  1.09283097e-01  2.45420896e-02  9.22732130e-02  1.01625845e-02
  3.82652581e-02  7.87684787e-03  1.48422316e-01  8.63520652e-02
 -1.60407815e-02  1.15801543e-02  1.51704047e-02 -2.23273057e-02
  2.68812813e-02  1.18296668e-02  7.67877847e-02  3.31153646e-02
 -1.10361744e-02 -4.78204526e-02 -4.82131690e-02 -2.09154915e-02
 -2.61048088e-03  2.26783436e-02  2.05016658e-02  8.63489415e-03
 -6.68732226e-02 -2.03106925e-01 -2.89400145e-02  2.46484415e-03
  5.94013967e-02  6.27335683e-02 -6.82192203e-03 -4.75399643e-02
  2.14209296e-02 -5.22730201e-02 -7.31160119e-02  8.54754373e-02
 -1.71937631e-03  1.41398199e-02 -1.35313096e-02  1.65654428e-03
  5.40460050e-02 -2.73828842e-02 -2.09710300e-02  8.77378508e-03
  4.82602380e-02 -1.31763890e-02  5.00178114e-02  6.19004108e-03
 -9.28192586e-03  4.26725671e-02  1.47604123e-02 -8.17050307e-34
  7.39284530e-02 -3.22311781e-02  4.04780135e-02  5.15320897e-02
 -2.05026921e-02  7.60665536e-02 -4.50747646e-02  6.84392918e-03
 -1.52366711e-02 -1.35055482e-01  1.31596273e-04 -5.39393947e-02
  7.43339881e-02 -5.29190991e-03  1.69467609e-02 -3.54501791e-03
 -3.26174647e-02 -2.22796085e-03  1.05005419e-02 -7.94504117e-03
  3.40290531e-03  6.93308935e-02  1.25788271e-01 -5.19735785e-03
  1.90648381e-02  2.28990763e-02  3.43623236e-02  3.90053401e-03
  3.04186321e-03 -2.03350279e-02 -3.78502952e-03  1.92255210e-02
 -6.15646020e-02 -2.61330735e-02 -2.68445406e-02  2.84040254e-02
  1.84039678e-02 -6.83005154e-02  2.69793049e-02  2.88142916e-02
  2.37459671e-02  5.50577566e-02 -1.28368391e-02 -3.65005247e-02
  3.55483666e-02 -3.33007611e-03 -4.72301468e-02 -5.69075570e-02
 -6.47777021e-02 -7.29568154e-02  5.52492142e-02  4.11371365e-02
 -2.38534380e-02 -5.98334754e-03  1.79726370e-02  2.35098638e-02
 -3.55590172e-02  4.29688245e-02  2.83324793e-02 -5.21655604e-02
  7.75804669e-02 -8.34632516e-02 -1.13446806e-02 -6.84428290e-02
 -9.37068835e-03  1.85658745e-02  2.29894407e-02 -4.37909178e-02
 -5.61620928e-02 -2.42318343e-02  9.41622630e-03  5.59235737e-02
 -1.29694030e-01 -1.99354608e-02 -1.73553228e-02 -5.68706878e-02
  6.31894767e-02 -8.97710770e-03 -2.08630878e-03 -4.15940695e-02
 -6.93548098e-02  2.67480481e-02  5.38499281e-02  1.23773009e-01
  1.33367460e-02 -4.64343503e-02  1.81418993e-02 -5.54333329e-02
  1.14972638e-02 -8.54995772e-02  5.15445992e-02  4.69702110e-03
  3.82167473e-02  6.15339354e-03  8.14539716e-02 -1.64121346e-33
  1.87361985e-02 -2.07936484e-02 -1.23223532e-02  8.71216995e-04
  2.19764916e-04  4.80221026e-02 -5.90112656e-02 -7.37916976e-02
  2.85969954e-02 -7.69544542e-02 -5.02602372e-04 -3.25896952e-04
 -9.11755022e-03 -2.93472074e-02 -4.00232226e-02  5.67024574e-03
 -4.55445051e-02  7.73234200e-03 -6.44438267e-02 -2.19682660e-02
 -1.22784516e-02  2.16533188e-02  4.72270623e-02 -1.28568009e-01
  4.45051938e-02 -8.50527585e-02  7.53217028e-04  3.20801958e-02
  1.19121457e-02 -1.14711560e-02 -5.10189077e-03  1.86958350e-02
 -4.44634724e-03 -1.82728264e-02  1.48013495e-02  6.76613748e-02
  3.19915526e-02 -3.84886656e-03  3.27644311e-02 -1.72275193e-02
  9.02973581e-03 -1.33841401e-02 -2.06187479e-02  1.00464607e-02
  5.36358058e-02  7.18511045e-02 -5.81088811e-02  4.14462052e-02
 -5.34847267e-02  5.04465774e-02  6.66146874e-02 -9.24861953e-02
  8.22402257e-03  3.63278985e-02 -2.87840143e-02 -1.14043817e-01
  5.13876043e-02 -4.24552113e-02  3.65752843e-03  2.30123494e-02
 -2.69453060e-02 -4.70393300e-02 -7.12504014e-02  7.80320307e-03
  3.82060111e-02  8.78833830e-02  3.89040448e-02  1.08570736e-02
 -2.43643355e-02 -1.13140114e-01  6.60238266e-02 -3.82032432e-02
 -8.41488615e-02  3.15770544e-02  2.42691617e-02 -3.98807274e-03
 -3.35585214e-02 -7.81318024e-02 -2.04561604e-03  1.52070494e-02
 -1.00238666e-01  5.12351380e-06  4.19789217e-02 -4.82726097e-02
  3.22146378e-02  4.38460484e-02  7.28926137e-02 -1.43951662e-02
 -3.89681086e-02  3.09492107e-02 -2.13824050e-03 -9.44360793e-02
  1.06416326e-02  2.26559900e-02  4.30257246e-02 -2.95924671e-08
  5.27773723e-02  1.63506120e-02 -2.97180843e-02  2.85212453e-02
 -4.62880917e-03  8.05875752e-03 -4.60571982e-02  6.75741583e-02
  3.68331261e-02  6.21116161e-02 -8.05950612e-02  1.61108017e-01
  7.61618614e-02  1.43669546e-02 -2.54562106e-02  3.16610411e-02
 -1.52520370e-02 -5.16889058e-03 -3.07169780e-02 -2.26115249e-02
 -1.34207336e-02  8.02050252e-03 -1.16097778e-02 -3.70713547e-02
 -3.14701647e-02 -6.14064373e-02 -7.36897737e-02 -1.66166387e-02
  5.46997376e-02 -1.50063887e-01 -9.55741480e-02  7.42517412e-02
  7.87046850e-02 -5.70759140e-02 -1.46649424e-02  5.09959571e-02
  5.69289997e-02  5.17770201e-02  7.66947791e-02  1.39908362e-02
  1.22776041e-02 -9.56338365e-03  1.23446789e-02 -5.67251779e-02
 -5.71907125e-02 -4.77315262e-02  4.04659100e-02  3.78817171e-02
  5.53298602e-03 -2.10470166e-02  7.14121759e-02  4.40930016e-03
  7.47807473e-02 -1.16831604e-02 -6.36001974e-02 -4.43012416e-02
 -3.64649892e-02 -8.17630589e-02  9.75988060e-02 -1.39547912e-02
 -3.23173739e-02 -1.07271932e-01 -8.42876546e-03  2.26907898e-03]"
What preventive measures are recommended for those living in endemic areas?,"Preventive measures include using rodent-proof containers, keeping the home clean to deter rodents, and ensuring safe food preparation practices.","Rodent-proof storage, cleanliness, and safe food practices are advised to prevent Lassa Fever.","What preventive measures are recommended for those living in endemic areas? Preventive measures include using rodent-proof containers, keeping the home clean to deter rodents, and ensuring safe food preparation practices.","[ 7.70838559e-02  6.43820763e-02  5.16035557e-02 -4.27549444e-02
  6.60021976e-02  5.80899492e-02 -9.67629999e-03 -4.42260550e-03
 -1.49708912e-01  4.75468002e-02  3.52707170e-02 -5.82285114e-02
 -8.38133693e-02  1.34428263e-01 -4.47560996e-02 -5.26826754e-02
  5.22091165e-02  3.00179068e-02  5.41833378e-02  1.72202699e-02
  3.16358032e-03  2.29096953e-02  1.39001369e-01  1.07145384e-02
 -1.55949950e-01 -2.20431685e-02  2.67022420e-02 -8.28165468e-03
 -6.05058204e-03 -9.00778268e-03  3.79136428e-02 -2.09466703e-02
 -2.17610151e-02 -6.15774505e-02 -6.39595762e-02  3.67512479e-02
 -4.20740398e-04 -1.68535300e-02  5.16190305e-02  2.45143864e-02
 -6.17415505e-03 -7.24668056e-02  1.81713123e-02 -3.68205607e-02
 -8.08464587e-02 -6.85570166e-02 -4.82107140e-03 -3.58628891e-02
  3.66953411e-03 -5.12834042e-02  6.52062744e-02  9.34635550e-02
 -2.37458069e-02  2.98802238e-02 -1.92238316e-02 -8.12640116e-02
  8.57022312e-03 -9.39655006e-02  3.92349577e-03 -6.21345080e-02
  4.18427549e-02 -9.84220393e-03 -7.67054409e-02 -1.44505892e-02
 -3.00888754e-02  6.84150904e-02 -9.16102901e-02  1.10202551e-01
  5.08160815e-02  1.03107125e-01 -2.66216975e-02  2.23462861e-02
 -1.35848927e-03  6.71839491e-02 -9.55755822e-03 -1.40955616e-02
 -9.79557559e-02 -3.55947576e-02  7.01708347e-02 -3.88945639e-03
 -2.21261922e-02  4.51168790e-02  1.19828582e-01  2.87201498e-02
  5.32570928e-02  8.15788507e-02 -4.62397225e-02 -1.21291196e-02
 -6.07975712e-03 -7.10507482e-02  9.04412102e-03 -6.17466355e-03
  5.10245301e-02 -2.21789698e-03  2.63062343e-02 -5.71327135e-02
  1.75284385e-03 -6.68987706e-02  2.59340424e-02 -1.05696768e-02
  3.26947682e-02 -1.42113060e-01 -2.78553534e-02  3.02849095e-02
  5.22396676e-02 -4.68181185e-02 -3.96131212e-03 -8.22166577e-02
  1.00457678e-02  7.42545128e-02 -5.75633422e-02  5.29657528e-02
 -2.66351812e-02  8.41548294e-02  1.17207244e-02 -1.03921357e-05
  7.82006159e-02 -5.90246469e-02  2.58854702e-02  1.81767289e-02
  2.98477337e-02 -4.89068963e-02  6.77081645e-02 -8.03022981e-02
  1.26980007e-01  3.62777263e-02  2.85838246e-02  2.21915077e-33
  9.35836136e-03 -3.50999050e-02  3.81046534e-02  4.73602815e-03
 -3.71333212e-02  2.93699224e-02 -3.20057943e-02 -5.08552454e-02
  9.26276371e-02  3.20140123e-02 -4.65092948e-03  2.19066590e-02
 -2.19109915e-02  3.70534956e-02  4.72524762e-02 -3.51625830e-02
  1.12602608e-02  7.81538337e-03  3.61571759e-02 -9.03650094e-03
 -4.02461563e-04 -1.11747801e-01  3.74897243e-03  8.72690752e-02
  7.03643337e-02 -4.89399657e-02 -3.19105275e-02 -3.56181781e-03
  2.08411515e-02  4.03103344e-02 -7.92849436e-03 -7.11660180e-03
 -7.61236250e-02  8.27453379e-03 -8.94903094e-02 -1.85557473e-02
 -9.85450000e-02 -5.66601381e-02 -2.08224244e-02 -4.70339209e-02
 -3.82281989e-02 -1.13955252e-02  1.29108861e-01 -6.74395682e-03
  8.69871750e-02  1.66807026e-02 -3.69458199e-02 -3.02219950e-03
 -3.45293209e-02  2.29085013e-02  2.59319171e-02 -1.28552853e-03
 -1.85753275e-02 -5.09494990e-02 -3.65733728e-02 -1.01072907e-01
  4.12957072e-02  2.24899559e-04 -3.71214747e-02  1.97707419e-03
  2.34223288e-02 -5.23134694e-02  1.46433460e-02 -4.29609455e-02
  2.64752097e-02 -6.16730787e-02  4.53345813e-02 -1.58592481e-02
 -2.98286248e-02 -2.55542975e-02 -4.50452082e-02 -4.43860330e-02
 -5.65817319e-02 -1.41001465e-02 -6.21674284e-02 -6.64128438e-02
 -4.50993830e-04  5.16628847e-02  5.24418801e-03 -1.71588492e-02
 -1.38289230e-02  3.17619480e-02 -4.60671447e-02  5.42788096e-02
  1.59369111e-02 -2.73755044e-02  1.92801154e-03  9.70747322e-02
  4.14130241e-02 -1.12172151e-02  9.09748375e-02  4.37601022e-02
  1.54024558e-02  1.80911403e-02 -5.76943420e-02 -3.02865256e-33
  4.10683826e-02 -1.80234856e-04  3.02398298e-02  5.78177981e-02
 -3.61175351e-02  1.19787492e-02 -2.09148359e-02 -6.19879551e-02
  9.83703807e-02 -8.70837495e-02 -9.50800925e-02  3.71917784e-02
  1.19202137e-01  1.18491920e-02 -2.20756419e-02  2.90666968e-02
 -5.93411140e-02 -3.61697003e-02  2.02148762e-02 -8.81679952e-02
 -6.03334978e-02 -2.37127058e-02 -7.72535522e-03  2.48305965e-02
 -5.61941089e-03  2.35319640e-02 -8.94958079e-02 -2.40875222e-02
  1.15978729e-03 -3.46146822e-02 -5.64436279e-02  3.20594236e-02
  5.58787994e-02 -2.36053998e-03  1.18118515e-02 -3.66981663e-02
  4.98021543e-02 -3.91750522e-02 -7.71887675e-02  3.19206417e-02
  8.85651484e-02  5.52021191e-02  3.43545922e-03  6.64753988e-02
 -7.48542696e-03  1.07447915e-02 -1.22241145e-02 -3.28561291e-02
 -3.72455940e-02  3.64552177e-02  1.96915623e-02  3.05783143e-03
 -2.93953884e-02 -9.47707966e-02 -1.22376457e-02 -3.47054861e-02
  1.84734017e-02 -9.93978456e-02  9.40790866e-03 -5.71776414e-03
 -3.45508233e-02  4.49710600e-02 -9.87724513e-02  7.07621723e-02
 -4.05944884e-02 -1.03555638e-02 -3.12008057e-02  6.17151335e-02
  7.27447867e-02 -9.99027397e-03  2.80020498e-02  2.03420091e-02
 -8.09980324e-04 -6.27154633e-02 -4.46738712e-02 -1.78192984e-02
  3.18490379e-02 -2.94549600e-03  3.55402417e-02  1.86748803e-02
 -1.39392121e-03 -1.28246993e-02 -4.37655598e-02  1.00869006e-02
 -1.16632003e-02 -1.80065935e-03 -2.91902330e-02 -1.02502070e-01
 -7.18538708e-04  6.56642765e-02 -4.26500551e-02 -1.03508988e-02
 -1.58505619e-01  1.56736393e-02  1.82281118e-02 -2.96965919e-08
  4.64988016e-02 -4.23471294e-02 -1.79864815e-03  5.10170497e-02
 -6.69887587e-02  3.23129669e-02 -7.95103144e-03 -5.94981015e-03
  5.16054183e-02  1.08504996e-01  1.84695683e-02  8.27181563e-02
  8.49680081e-02  4.31774408e-02 -9.49154701e-03 -2.42434768e-03
  4.32328619e-02  6.26957789e-02 -1.27745882e-01  5.33919223e-02
 -3.20264734e-02  2.58335117e-02 -1.65963732e-02  8.34583119e-03
  9.39191226e-03 -6.05007410e-02  5.51919118e-02 -5.17770043e-03
  7.75726363e-02  7.54267573e-02  7.02021411e-03 -1.92798879e-02
 -4.00945023e-02  3.03026754e-02  1.82485431e-02  2.81166602e-02
  2.87532806e-02 -1.08721841e-03  8.02301615e-02  1.25017520e-02
  3.73772520e-04  4.75243572e-03 -4.00367416e-02  6.11801026e-03
 -4.88456227e-02 -4.81781289e-02 -5.11456765e-02  8.04057494e-02
 -8.14658124e-03 -1.62828621e-02 -4.41149063e-02  3.01626325e-03
  4.71524708e-02  7.66284764e-02 -1.79332998e-02 -1.34654650e-02
  1.58423427e-02 -1.67529602e-02  1.25445172e-01  1.44928275e-02
 -3.58121693e-02  6.89497292e-02 -6.48049451e-03  6.04575537e-02]"
What is Ebola Virus Disease?,"Ebola Virus Disease is a severe, often fatal illness in humans caused by the Ebola virus. It is transmitted to people from wild animals and spreads in the human population through human-to-human transmission.","Ebola Virus Disease is a severe illness with a high fatality rate, transmitted from wild animals and through human-to-human contact.","What is Ebola Virus Disease? Ebola Virus Disease is a severe, often fatal illness in humans caused by the Ebola virus. It is transmitted to people from wild animals and spreads in the human population through human-to-human transmission.","[ 7.21770301e-02  3.59076299e-02  7.16650672e-03  1.05476333e-02
 -1.10078109e-02 -1.52968308e-02  3.69376093e-02  9.40217152e-02
  6.44038548e-04  1.09492511e-01  8.46136268e-03  1.33733870e-02
  6.04437068e-02 -2.85125617e-03 -3.02721467e-02 -3.88133265e-02
 -3.94258909e-02 -1.01798236e-01 -4.81489524e-02  5.92888668e-02
  2.27931440e-02  9.44781378e-02 -2.84110312e-03 -2.94281505e-02
 -1.26436636e-01  1.50219547e-02  2.75530051e-02 -9.77971405e-03
 -3.32411341e-02  2.83779595e-02 -1.03720417e-02 -2.62115877e-02
  2.56149620e-02  3.03809457e-02 -1.04972705e-01 -3.42080891e-02
  3.06469407e-02 -2.17395835e-03  1.51993092e-02  3.57270194e-03
 -4.75634821e-02 -6.13493770e-02  4.88149300e-02 -1.78868882e-03
  1.30995940e-02  2.81003341e-02 -7.89181050e-03  7.82656521e-02
  4.59755883e-02 -2.25372408e-02  6.99678287e-02  2.02212036e-02
 -2.40789494e-03  8.02134275e-02  3.54109844e-03 -8.89293998e-02
 -1.57297347e-02 -1.79477278e-02 -3.93575914e-02 -6.45619910e-03
  4.72436175e-02  4.47245426e-02  5.93034737e-02  1.73283368e-02
  9.16249026e-03 -6.32445067e-02 -2.58553936e-03  4.15688418e-02
 -2.33988352e-02  7.94125870e-02  3.59441154e-02 -3.34683061e-02
 -4.21298668e-02  1.20745562e-01  5.63744232e-02 -2.35804170e-02
  4.40189056e-02 -4.08805488e-03  2.74941549e-02  1.21641695e-01
  6.26306981e-02 -7.40811555e-03  5.95756434e-02 -3.28320712e-02
  2.04498507e-02  1.32772457e-02  3.05833463e-02  4.86098193e-02
  4.34636883e-02 -2.79961955e-02 -1.08166382e-01 -5.40875383e-02
  4.07027379e-02  7.57372528e-02  9.84890852e-04 -2.15468537e-02
  7.02748960e-03 -5.35467193e-02 -2.49159709e-02 -8.79977457e-03
 -1.21721700e-01 -1.42169278e-02  3.00888307e-02  4.36411686e-02
 -1.45355516e-04 -7.72595312e-03 -5.09430021e-02  6.30216449e-02
 -1.75717361e-02 -2.82094516e-02 -4.40957621e-02 -1.59902629e-02
 -9.25196242e-03 -2.62738504e-02  4.89879809e-02  6.84115887e-02
 -9.91459861e-02 -6.69034719e-02 -3.08666285e-02  4.22546938e-02
  9.22238976e-02  1.00399172e-02 -3.13360319e-02  2.37101819e-02
  3.72761190e-02 -2.72845365e-02  3.79820587e-03 -1.12400210e-33
 -1.49504980e-02 -5.90181649e-02  2.75568143e-02 -1.83295570e-02
  8.86036269e-03  1.85191690e-03 -1.27520561e-02  2.38362383e-02
 -1.51971169e-02 -1.45339426e-02  4.79145199e-02 -1.04667060e-01
  8.60534161e-02  1.74589694e-01 -2.51697190e-02  5.75571135e-02
  1.75070614e-02 -2.48200223e-02 -1.50163639e-02  4.95261103e-02
  4.65013459e-02 -9.30929370e-03  6.08462244e-02 -5.57986945e-02
  3.49828191e-02  1.00143310e-02 -7.17026740e-02  4.54779016e-03
  7.82248750e-02 -1.46501008e-02 -2.77758334e-02  8.86379778e-02
  9.08256881e-03 -4.14460413e-02 -7.78947100e-02 -1.52843222e-02
  2.94852182e-02  3.35968286e-02  2.90789753e-02  1.23809641e-02
 -4.74799424e-03 -4.30340786e-03 -3.82685848e-02  1.84687264e-02
  5.74643798e-02 -2.33809110e-02  6.95310254e-03 -7.55238757e-02
 -7.81342909e-02 -4.16176617e-02  4.57006507e-02 -5.23106493e-02
 -8.40729289e-03 -8.35919194e-03 -3.52365188e-02 -2.37309504e-02
  4.82669547e-02  4.56728116e-02 -7.09002167e-02 -7.15491408e-03
  2.67754961e-02  5.23966877e-03  2.69773044e-02  5.21267466e-02
 -3.77213992e-02 -1.15302019e-01  1.10810235e-01 -4.15424071e-02
  8.26528296e-03 -8.95260554e-03  1.19351763e-02  1.10610519e-02
 -2.91182119e-02 -4.33655009e-02  6.83473796e-03 -5.80929182e-02
 -1.32341646e-02 -2.55375262e-02  4.05307747e-02  7.81874284e-02
 -1.27920255e-01 -4.23489138e-02 -1.24319009e-02 -5.20735160e-02
 -3.71945351e-02  1.35752857e-01 -7.06071705e-02  4.10186276e-02
 -9.19187218e-02 -2.83590127e-02  2.53811032e-02  5.01877442e-02
 -3.22255082e-02  7.08199739e-02  4.37333882e-02 -2.83000963e-33
  2.01874729e-02  2.88013276e-02 -1.01777419e-01  2.04560086e-02
  1.10064587e-02  6.92103580e-02 -1.59012508e-02  1.14578269e-02
 -1.69223901e-02  2.55949935e-03 -6.34692982e-02 -7.03165084e-02
 -2.13036481e-02  3.08198184e-02  9.53292288e-03 -2.75335368e-02
 -3.88758816e-02  8.48506391e-03  1.80566851e-02 -6.35175081e-03
 -5.07976227e-02 -5.16704144e-03 -5.99011481e-02 -1.04244515e-01
 -1.72813721e-02 -4.92666177e-02 -3.12357079e-02 -1.09912073e-02
 -1.86905842e-02 -2.71300226e-02 -3.52039747e-02  9.24595073e-03
  4.39784564e-02  1.54261049e-02 -2.23638676e-02  9.98666510e-02
  4.08730358e-02 -9.08614770e-02  3.51629779e-02 -7.47342855e-02
  7.96795115e-02  8.21887180e-02 -2.29317732e-02  2.18436271e-02
  3.18919681e-02  8.70984420e-02 -1.04362232e-04  5.64778596e-02
  4.37163040e-02  4.88444371e-03  3.82088013e-02 -1.80603862e-02
 -1.40424576e-02 -3.50432354e-03 -3.36624682e-02  1.67294741e-02
 -9.76359546e-02 -5.80566637e-02 -2.65152585e-02 -4.51621376e-02
 -1.18189938e-02 -5.02229929e-02 -4.86950763e-02  4.47343513e-02
 -1.53560918e-02 -6.12674169e-02  3.70219275e-02 -1.94751960e-03
  4.71499078e-02 -4.06123586e-02  1.40834731e-04  1.06108310e-02
 -1.17885791e-01  3.49161252e-02  5.34906164e-02 -4.66137901e-02
 -6.51867464e-02  6.63483441e-02  4.35568355e-02  4.33363840e-02
  2.69218590e-02 -3.44165526e-02  6.44383058e-02  1.99583005e-02
 -1.06093260e-02 -2.39674095e-02  3.36134359e-02  2.51347688e-03
  2.61255596e-02  1.45997973e-02 -5.44981956e-02 -7.74841383e-02
 -3.11928820e-02 -3.82879823e-02 -5.47873005e-02 -3.38167574e-08
  1.02700442e-01 -1.17762238e-01 -2.29976550e-02 -7.74822012e-02
  1.59305241e-02  7.13889599e-02 -1.40703963e-02  6.88991994e-02
  7.75306895e-02  6.76794574e-02 -9.84033048e-02  2.29090862e-02
 -4.75925319e-02 -1.61431655e-02 -1.36642447e-02  1.75845213e-04
  5.80363348e-03  5.09748161e-02 -2.24692337e-02 -4.21372056e-02
 -3.96193825e-02 -6.90389574e-02  6.12650290e-02 -3.33379135e-02
  5.76296784e-02 -3.68357226e-02  3.64776775e-02 -3.63624021e-02
 -7.82278031e-02 -8.52199420e-02 -1.60218075e-01 -2.03854423e-02
 -3.15915868e-02  3.74957249e-02 -1.73052978e-02  3.85003015e-02
  1.21895932e-01 -9.98777896e-02  6.37876103e-03 -8.07175040e-02
  2.52003986e-02  3.34749222e-02  1.33136082e-02 -6.38405830e-02
 -4.43885988e-03 -8.24304949e-03  2.73896232e-02 -2.31599454e-02
 -1.34746509e-03 -1.04212672e-01  2.11112387e-02  2.26210207e-02
  7.90199339e-02 -3.66146229e-02 -1.30210862e-01  3.03931646e-02
 -6.91087544e-02 -6.29495271e-03  7.40685165e-02 -3.00185122e-02
  6.65204450e-02  9.51509327e-02  1.73768494e-02  3.23306173e-02]"
What is Ebola Virus Disease?,Ebola Virus Disease (EVD) is a rare but severe and often fatal illness in humans caused by the Ebola virus. It was first discovered in 1976 near the Ebola River in what is now the Democratic Republic of Congo.,"Ebola is a severe, often fatal illness in humans caused by the Ebola virus, first identified in 1976.",What is Ebola Virus Disease? Ebola Virus Disease (EVD) is a rare but severe and often fatal illness in humans caused by the Ebola virus. It was first discovered in 1976 near the Ebola River in what is now the Democratic Republic of Congo.,"[ 2.42587645e-02  5.95201515e-02 -1.93645339e-02  9.09967162e-03
  6.33612499e-02 -3.33043411e-02  3.57814599e-03  6.60765618e-02
  4.04511280e-02  1.16193898e-01  8.29259753e-02  4.55647781e-02
  2.33676899e-02  2.20533758e-02 -5.89819811e-02 -2.88720299e-02
 -5.06647527e-02 -9.60317999e-02 -1.76206406e-04  6.35264814e-02
 -5.35874926e-02  9.68711525e-02 -5.81640331e-03 -7.57383630e-02
 -5.25380671e-02  1.73161644e-02  7.12868795e-02  2.31659897e-02
 -2.65558679e-02  3.11861858e-02  5.93706742e-02 -6.22140132e-02
 -3.50083448e-02 -1.50133809e-02 -2.40721889e-02 -6.52939379e-02
  6.21136129e-02 -3.12873796e-02 -8.64907261e-03 -9.30437725e-03
 -2.68845186e-02 -7.43053555e-02  3.13265733e-02 -4.65831384e-02
  1.00827152e-02  4.03638147e-02  1.50115974e-02  3.11180558e-02
  2.78355293e-02 -8.55222940e-02  1.29718527e-01 -3.65271047e-02
 -8.20984039e-03  1.54152811e-02  9.60780494e-03 -9.95161310e-02
 -3.89808379e-02 -7.18162358e-02 -3.85280885e-02 -1.43626975e-02
  5.48731573e-02  4.55411598e-02  5.39645925e-02  8.24249629e-03
  1.15795676e-02 -6.81724995e-02  3.26665044e-02  2.90452577e-02
 -4.11006995e-02  4.04145904e-02  1.69683881e-02 -1.28617520e-02
 -6.31350353e-02  9.06199366e-02  5.00853099e-02  1.65372416e-02
  3.62170041e-02 -3.71724442e-02  2.77536325e-02  5.68411015e-02
  2.62475964e-02 -6.20444538e-04  5.29634096e-02  1.28901675e-02
  1.45564070e-02 -1.76432356e-02  4.21832316e-02  3.77568714e-02
  3.84905376e-02  1.98101606e-02 -4.06236127e-02 -5.21267913e-02
 -1.25738634e-02  7.10804462e-02 -1.08378036e-02 -1.02382088e-02
  1.35743422e-02 -4.01743799e-02 -1.37141058e-02 -1.49926720e-02
 -1.64893001e-01  3.15618813e-02  3.47924232e-02  5.76709695e-02
 -1.32566066e-02 -3.27307060e-02 -1.40368296e-02  4.31788862e-02
  2.69852974e-03 -6.40528649e-02 -2.88230199e-02 -4.55086082e-02
 -6.99589541e-03  1.71955377e-02  6.07978590e-02  4.73002642e-02
 -8.72529000e-02 -1.72739825e-03 -2.34165564e-02  3.68640050e-02
  5.90861663e-02 -2.94411611e-02 -2.85806805e-02  3.27608176e-02
  5.77477366e-02  2.56140083e-02  2.02032309e-02 -2.00013082e-33
  4.42992412e-02 -7.86072761e-02  1.20791537e-03 -3.06474585e-02
  2.92894095e-02  6.74557984e-02 -2.18192134e-02  2.48710196e-02
  1.52808344e-02 -3.95042188e-02 -7.46515254e-03 -9.79790613e-02
  9.63285342e-02  1.03086993e-01 -2.48113200e-02  2.04050746e-02
 -5.75833842e-02  7.81012559e-03 -2.16549775e-03 -6.55370345e-03
  6.13362789e-02 -5.49239554e-02  5.85918576e-02 -4.67381626e-02
  3.35104913e-02  2.42554341e-02 -4.63666096e-02 -1.75925437e-02
  1.15862116e-01 -1.61214359e-03 -4.01537167e-03  1.29006594e-01
 -2.09130384e-02 -9.10462067e-03 -3.64158303e-02  1.00825809e-01
  2.51868106e-02  2.50764769e-02  1.28558633e-04  5.02417563e-03
  4.41925414e-02  1.04970708e-02 -3.58099602e-02 -1.61986686e-02
  3.64062376e-02 -4.11337940e-03 -8.64539575e-03 -8.05956870e-02
 -7.14493617e-02 -2.86449529e-02  2.26761326e-02 -4.55629267e-03
  2.86761168e-02 -6.53768554e-02  2.58320831e-02 -3.80093828e-02
 -4.73572537e-02  5.96996695e-02 -2.50974614e-02 -7.40681356e-03
  3.51663716e-02  6.78972602e-02 -1.73773826e-03  6.11912794e-02
 -1.34956436e-02 -3.33751105e-02  9.74654853e-02 -1.24929033e-01
 -4.95791202e-03  8.58813431e-03  2.60939319e-02  4.98005468e-03
 -9.99117736e-03 -8.13702717e-02 -1.38211604e-02 -5.79830334e-02
 -1.33742811e-02 -1.38029745e-02  3.33409756e-02 -2.37202663e-02
 -1.61765561e-01 -7.87013918e-02 -1.31271966e-02 -2.72348914e-02
 -1.50693972e-02  5.33835292e-02 -9.70655903e-02  6.25495389e-02
 -8.29307288e-02 -2.07587667e-02 -4.45112772e-03  7.04363286e-02
 -1.54227065e-02  4.74191718e-02  3.23436083e-03 -1.62952868e-33
 -6.23603016e-02  1.05738416e-02 -6.35913387e-02 -4.47899714e-04
  5.22419289e-02  8.77513960e-02  1.24238338e-02  9.68653858e-02
 -7.80681521e-03 -5.89188235e-03 -3.12448051e-02 -6.42747805e-02
 -6.89048916e-02  3.52654159e-02  7.35220537e-02  1.36399213e-02
 -6.01332709e-02 -3.51719707e-02  3.07895392e-02  2.05325279e-02
 -6.04889691e-02  3.64273824e-02 -3.95815559e-02 -4.91477959e-02
  5.83264045e-02  3.66147868e-02  9.19321086e-03 -5.58839291e-02
 -5.05929105e-02 -8.10966045e-02 -8.35318714e-02  6.50789589e-02
  5.33681549e-03  7.59204626e-02 -3.88806760e-02  9.34483781e-02
  4.70823385e-02 -8.04150403e-02  3.53423506e-02 -4.66069207e-02
 -1.73649192e-03  9.44285169e-02 -7.45576769e-02  3.35634388e-02
  1.31052779e-02  9.74569544e-02  2.24942602e-02  1.20254263e-01
  1.17427304e-01 -9.36093926e-03  2.74884477e-02 -3.54324142e-03
  3.52622345e-02  2.65523121e-02 -2.74135056e-03 -2.94864587e-02
 -7.47313425e-02 -1.07307462e-02 -6.66799024e-02 -1.33236367e-02
  2.24955976e-02 -1.68058947e-02 -3.31833474e-02  4.41835038e-02
 -2.08377447e-02 -7.43606165e-02  5.27440943e-02  1.91719681e-02
  2.49930304e-02 -9.06499252e-02  4.84413765e-02  8.02228751e-04
 -9.09064636e-02 -1.81926042e-02  8.96041375e-03 -6.30705953e-02
 -1.66696515e-02  2.46361513e-02  2.30207257e-02  1.66316237e-02
 -3.20298364e-03  1.75456551e-03  6.50133416e-02  2.27382444e-02
 -2.08236557e-02  1.14741530e-02  1.95568874e-02 -2.61287205e-02
  1.76766943e-02  3.51421498e-02 -5.65694533e-02 -2.75241546e-02
 -5.61185032e-02 -2.02408172e-02 -7.33178109e-03 -3.20058575e-08
  1.08920664e-01 -9.37217623e-02  2.39282325e-02 -6.50904775e-02
  6.62093163e-02  5.01576662e-02 -5.15624657e-02  8.81286636e-02
  7.66960382e-02  2.50195581e-02 -4.04683650e-02  4.84315269e-02
 -1.44716026e-03 -1.68857016e-02 -1.50146382e-02 -1.55874174e-02
  2.23756838e-03  2.63898745e-02 -6.50034025e-02 -2.98848357e-02
 -2.89830156e-02 -2.43770462e-02  2.53852853e-03 -7.11980537e-02
  8.96303449e-03 -4.93483134e-02  7.89135788e-03 -7.17349574e-02
 -7.32085109e-02 -1.00600146e-01 -1.38657093e-01 -2.20873449e-02
 -1.97172612e-02 -1.51499799e-02 -4.66741659e-02  1.44744087e-02
  9.88858715e-02 -9.78359655e-02 -6.27470389e-03 -9.23124850e-02
  2.39270311e-02 -1.45513215e-03  5.50664738e-02 -6.77804202e-02
 -2.27721967e-02  2.90523516e-03 -2.27103904e-02 -1.88093558e-02
 -4.31444794e-02 -8.95297974e-02 -1.02853971e-02 -2.09850986e-02
  9.29862037e-02 -3.23518589e-02 -1.08965218e-01  2.87843700e-02
 -5.11997342e-02 -6.51900470e-02  4.03705463e-02 -4.16751802e-02
  9.81816724e-02  4.30815630e-02  1.96954515e-03  7.70540982e-02]"
How is Ebola transmitted?,"Ebola is transmitted to people from wild animals and spreads in the human population through human-to-human transmission via direct contact with the blood, secretions, organs or other bodily fluids of infected people, and with surfaces and materials contaminated with these fluids.",Ebola spreads through direct contact with bodily fluids of an infected person or contaminated surfaces.,"How is Ebola transmitted? Ebola is transmitted to people from wild animals and spreads in the human population through human-to-human transmission via direct contact with the blood, secretions, organs or other bodily fluids of infected people, and with surfaces and materials contaminated with these fluids.","[ 7.41132572e-02  1.03317453e-02  1.40884891e-02  1.05822552e-03
  4.00973260e-02  3.71791515e-03  7.53824934e-02  4.36463952e-02
  1.34715941e-02  8.04978311e-02  2.67696772e-02 -2.41588131e-02
  2.36706864e-02  3.72658819e-02 -3.11059095e-02 -6.67046160e-02
  6.62064925e-03 -7.84073323e-02 -6.67525604e-02 -2.25084252e-03
  4.87242974e-02  4.00501117e-02 -7.24587962e-03 -1.02337720e-02
 -7.26440698e-02  1.03612859e-02  2.94043589e-02 -3.88226733e-02
  2.03667412e-04  3.50618339e-03 -1.84910372e-02 -6.79397956e-02
 -3.65309268e-02  3.50071192e-02 -1.21278271e-01 -7.13933930e-02
  6.87780380e-02 -9.42774862e-03  4.96114194e-02  1.94665324e-02
  1.33577094e-03 -1.29606336e-01  2.83988249e-02 -3.13172415e-02
  2.77937222e-02  3.85761000e-02  1.94221437e-02  5.78725860e-02
  2.69587804e-02 -1.88694969e-02 -3.71722854e-04  3.98069136e-02
 -2.00229213e-02  1.19083717e-01 -7.27781877e-02 -5.25540449e-02
  8.48800037e-03 -2.99840178e-02 -1.26480649e-03  1.19627407e-02
  3.18840072e-02  6.05046935e-02  2.16159075e-02  3.35688405e-02
 -5.93228266e-02 -7.56676644e-02  3.86278727e-03  7.42202029e-02
 -6.90705189e-03 -7.47532584e-03  3.97758372e-02  8.27457476e-03
 -3.01121771e-02  2.77874041e-02  7.77074099e-02 -5.26510254e-02
  5.26910350e-02  2.31777858e-02  1.16956690e-02  1.18300237e-01
  4.60357852e-02 -1.02809919e-02  6.57935292e-02 -1.98234599e-02
 -2.54361518e-02  5.39908782e-02  2.63407137e-02  4.60187159e-02
 -5.06138988e-02 -1.65208355e-02 -5.93688190e-02 -3.12454253e-02
 -1.42503874e-02  3.57028022e-02 -3.92634086e-02 -7.63623789e-02
 -3.05257607e-02  3.42959887e-03  7.92064890e-02  7.69120222e-03
 -1.39218390e-01 -3.83182131e-02  1.38618313e-02 -1.50507651e-02
 -3.07532921e-02 -6.07961230e-03 -4.74519692e-02  3.03446949e-02
  1.14053264e-02  3.28290500e-02 -4.71113436e-02 -1.69310551e-02
 -4.99134511e-02  8.61055311e-03  7.66845047e-02  6.67220280e-02
 -8.75618532e-02 -5.86313941e-02 -8.80007539e-03 -6.78366562e-03
  9.64585543e-02  1.24402402e-03 -1.40694454e-02  3.96578908e-02
  8.37973878e-02 -5.70618659e-02  6.02127761e-02 -1.65249343e-33
 -1.89358816e-02 -2.53243018e-02  5.05259596e-02  3.46427895e-02
 -4.83967029e-02  4.39309403e-02 -3.08569800e-03  1.62804183e-02
  4.01154794e-02  3.30083445e-02  2.85395654e-03 -1.85755398e-02
  2.85576656e-02  1.80310145e-01 -2.78043374e-02  5.18257311e-03
  2.64281388e-02 -7.61113688e-02 -4.43807021e-02  1.13282084e-01
  9.28165838e-02 -2.32950458e-03  1.59151070e-02  3.82093363e-03
  2.28118431e-02 -7.32266577e-03 -1.16645426e-01 -2.11072080e-02
  6.71988353e-02  5.51466737e-03 -7.43385926e-02  3.14538367e-02
  2.08216570e-02 -2.22980212e-02 -7.61548504e-02  4.70461324e-02
  3.13458852e-02 -3.56861725e-02  3.73184793e-02 -2.96713859e-02
  6.12697192e-02 -1.67388339e-02  2.20437814e-03 -1.11738998e-04
  6.62961826e-02  9.34236031e-03 -4.73272540e-02 -6.51495829e-02
 -4.49098460e-02 -5.53179346e-02  5.57857640e-02 -3.60544398e-02
 -1.04244119e-02 -2.22468600e-02 -2.17152797e-02 -1.94922425e-02
  7.13701127e-03  2.18978636e-02 -3.88398021e-02  6.49676695e-02
  1.54036786e-02  2.06114892e-02  3.49421538e-02  2.86973510e-02
 -5.19178668e-03 -6.15675300e-02  8.80999118e-02 -3.80297303e-02
 -9.01137537e-04 -6.42187148e-03 -5.23908660e-02  5.74467890e-02
 -4.24693711e-02 -1.68452449e-02 -1.49539998e-02 -5.02144545e-02
 -4.53069285e-02 -6.83923252e-03  9.53728557e-02  4.34397012e-02
 -9.11652073e-02 -2.06775535e-02 -2.29359660e-02 -1.40168089e-02
 -3.92972678e-03  6.12144917e-02 -2.34452691e-02  3.24688368e-02
 -4.65136245e-02 -6.61469810e-03  3.95926759e-02  2.06764648e-03
 -2.66961604e-02  2.74020564e-02  9.95406434e-02 -3.25512716e-33
  3.58054824e-02  4.82943282e-02 -8.21221545e-02  3.47080156e-02
 -2.30347067e-02  7.18608126e-02  1.50369843e-02  5.98051585e-02
  8.80020729e-04  4.75483090e-02 -9.99965593e-02 -5.01851514e-02
  2.16733534e-02 -1.44637842e-02  6.19320665e-03 -1.73249654e-02
  2.36916430e-02 -3.00681079e-03  6.12360891e-03 -5.69803305e-02
 -8.23464617e-02 -3.93215604e-02  5.35344798e-03 -1.06357969e-01
  7.30329379e-03 -5.67883328e-02 -2.11936701e-02  4.67702039e-02
 -1.00661004e-02 -4.09908686e-03 -7.05146864e-02  1.92326040e-03
  1.67326164e-02 -3.60201858e-02 -3.61237265e-02  8.69378895e-02
  7.80473500e-02 -4.81495783e-02  3.97390164e-02 -6.42226785e-02
  7.40509033e-02  5.41810319e-02 -3.92216593e-02  7.99220800e-03
 -2.87833810e-02  1.78772464e-01 -3.92614119e-02 -1.71378814e-02
  1.21937180e-02 -4.72996151e-03  6.98076338e-02  1.26995072e-02
 -4.67492417e-02 -1.06719628e-01 -2.81658527e-02  3.31917917e-03
 -5.09354919e-02 -6.82491809e-02 -2.21384447e-02 -4.35394235e-02
 -5.61175719e-02 -2.62893196e-02 -8.56736600e-02 -2.17752028e-02
 -2.93202605e-02 -4.82832231e-02  2.66774558e-02 -8.60157330e-03
  7.82810710e-03 -3.49966735e-02 -2.38264874e-02 -8.34379718e-03
 -2.70752013e-02 -1.15717016e-02  5.73862344e-02 -4.08019461e-02
 -6.88322783e-02 -6.05530106e-03  5.52273616e-02  2.95697115e-02
  4.47501428e-02 -3.90690640e-02  4.93882895e-02  4.49381815e-03
  6.28340319e-02 -1.99773442e-02  7.09812716e-02 -5.83682470e-02
 -7.72705162e-03 -4.52183001e-03 -3.01150065e-02 -4.87459749e-02
  9.86399688e-03 -8.89348313e-02 -1.76578797e-02 -3.42380204e-08
  8.61456916e-02 -8.29217434e-02  6.79273857e-03 -2.09310353e-02
 -3.46408808e-03  1.34187192e-01 -1.82701685e-02  4.19345759e-02
  4.86029349e-02  8.20514485e-02 -1.37603939e-01  6.11538161e-03
 -8.55379156e-04  3.60900760e-02  3.84748094e-02  7.58225694e-02
  1.96478399e-03 -6.90374598e-02 -1.49566215e-02 -8.01082924e-02
 -5.90936020e-02 -6.16102219e-02  4.01177555e-02  1.90495886e-02
  8.16604570e-02 -4.22396809e-02 -1.00423461e-02 -5.01457006e-02
 -4.16289009e-02 -2.68794484e-02 -1.32294416e-01 -5.69925793e-02
 -9.97721925e-02  8.38061869e-02 -2.34350339e-02  2.20429134e-02
  8.86821970e-02 -6.97366521e-02  4.13986593e-02 -3.02968156e-02
  4.44862433e-02 -4.49278951e-03 -5.07776886e-02 -3.72519270e-02
  2.09819004e-02  1.54727548e-02  2.08139736e-02 -5.47501184e-02
 -5.63507341e-02 -9.84450653e-02  4.22688313e-02 -4.35588434e-02
  8.52050558e-02 -3.69095728e-02 -1.14225902e-01 -2.25198045e-02
 -7.36793876e-02 -1.50379259e-02  1.29439443e-01 -5.26373647e-02
 -2.51978380e-03  1.05379038e-01  1.52615532e-02  1.18648438e-02]"
What are the symptoms of Ebola?,"Symptoms of Ebola can appear anywhere from 2 to 21 days after exposure to the virus, with an average of 8 to 10 days. Symptoms include fever, severe headache, muscle pain, weakness, fatigue, diarrhea, vomiting, abdominal (stomach) pain, and unexplained hemorrhage (bleeding or bruising).","Symptoms include fever, headache, muscle pain, weakness, gastrointestinal issues, and unexplained bleeding.","What are the symptoms of Ebola? Symptoms of Ebola can appear anywhere from 2 to 21 days after exposure to the virus, with an average of 8 to 10 days. Symptoms include fever, severe headache, muscle pain, weakness, fatigue, diarrhea, vomiting, abdominal (stomach) pain, and unexplained hemorrhage (bleeding or bruising).","[ 1.14179827e-01 -1.31146414e-02  7.89641514e-02 -1.28693864e-04
  7.37200379e-02 -3.41882408e-02 -5.08692227e-02  4.48248051e-02
 -1.30791581e-04  5.56824133e-02  7.04199215e-03  1.55928964e-03
  9.57009643e-02  4.52490039e-02 -9.98045225e-03 -2.21387986e-02
  4.66328207e-03 -1.12208985e-01 -1.26648573e-02  1.76376309e-02
  9.72984359e-03 -3.02956160e-02 -2.20149010e-02 -3.97207662e-02
 -5.86748756e-02  1.15406714e-01  3.10091563e-02  3.24700177e-02
 -5.67816943e-02 -5.41854277e-02 -4.67303880e-02 -8.05285573e-02
  2.07477696e-02  3.88923585e-02  2.07604337e-02 -6.50964826e-02
  6.28805980e-02 -9.74545348e-03  2.30081026e-02 -3.06368712e-02
 -3.15560810e-02 -9.94826294e-03  4.94137518e-02 -3.01456056e-03
  8.00770819e-02 -7.27277016e-03  2.02846993e-02  5.74092194e-02
  5.23964539e-02  3.46133709e-02  9.32766497e-02  2.43486589e-04
  2.16612406e-02 -5.49899647e-03 -3.25082764e-02 -1.18726650e-02
 -1.34198833e-02 -2.19844952e-02 -3.46935205e-02 -8.32400564e-03
  1.62224080e-02  6.02636598e-02  4.22229357e-02 -2.03807242e-02
 -7.52145052e-02 -1.14695146e-03  4.88654673e-02  3.38923628e-03
  2.31741797e-02  1.22989938e-01 -1.53165748e-02 -3.71971391e-02
 -6.80143163e-02 -2.59621348e-02 -8.39692075e-03  1.80975217e-02
  1.00859948e-01  1.44239282e-02 -1.08747538e-02  5.86385839e-02
  7.17327930e-03  6.82672635e-02  4.53292541e-02  2.83755064e-02
 -1.45212952e-02 -8.06783512e-03  3.30829062e-02  9.37637910e-02
  2.33948836e-03 -2.60418393e-02  6.77401107e-03 -8.07575881e-02
 -3.44660915e-02  5.78832068e-02  1.07061137e-02 -4.44504246e-02
 -7.05455765e-02  5.00005856e-02 -5.60718663e-02 -9.37636197e-03
 -1.01532251e-01 -3.61444503e-02 -1.34400162e-03  4.81121428e-02
  4.31663170e-02  3.02929338e-02 -1.18876947e-02  4.51192632e-02
 -3.00188493e-02 -5.03945909e-02 -5.91896027e-02 -9.37319826e-03
 -3.41870822e-02 -4.07922408e-03  3.92163992e-02  2.13304739e-02
 -5.23744226e-02 -4.78900373e-02 -2.58750133e-02 -3.97455879e-02
  1.52041331e-01 -6.44412041e-02  1.90080386e-02 -2.23590825e-02
  5.23161553e-02  3.00235618e-02  9.34235472e-03 -2.30939916e-33
 -1.06011527e-02 -1.12473108e-02  2.32299771e-02 -5.40739633e-02
  4.20504138e-02  9.07454232e-05 -2.46920134e-03  5.90206794e-02
 -9.71025415e-03 -2.02768501e-02  1.66833773e-02 -1.33796195e-02
  3.35425213e-02  1.26122251e-01 -5.90522699e-02  1.05470661e-02
  5.14727458e-02 -2.16479003e-02 -3.74066532e-02  4.41565700e-02
  3.12839188e-02 -1.36416420e-01 -1.91453714e-02  5.40524609e-02
  4.96070050e-02  4.42056544e-03 -5.28269969e-02  1.15816509e-02
  2.52869893e-02 -2.49900613e-02 -1.61048677e-02  5.40523566e-02
  2.15797848e-03 -8.75289552e-03 -9.07401890e-02  2.08489764e-02
  6.12637177e-02  7.19837472e-02  1.04164109e-01 -2.55929604e-02
  1.37749210e-01  8.62689391e-02 -2.05072835e-02  5.90979401e-03
  1.43063813e-02 -5.85147785e-03 -7.03912377e-02 -1.06159039e-02
 -1.52948713e-02 -5.49948812e-02  5.36248349e-02  2.82056089e-02
  6.42682835e-02 -4.38404679e-02  1.68580264e-02  4.35949303e-02
  3.20062749e-02  2.40703914e-02  1.48885918e-03 -2.57557631e-02
  6.97768629e-02 -5.73498383e-03  3.80914193e-03 -1.02856439e-02
 -4.61121537e-02  2.01038271e-02  8.49987045e-02 -2.68337131e-02
 -2.98903808e-02 -1.43746613e-02 -4.26131207e-03  5.75558357e-02
 -4.93038297e-02 -2.74463948e-02 -5.39689958e-02 -1.10387793e-02
 -8.02207217e-02 -8.40147808e-02 -4.69013443e-03  2.20432300e-02
 -3.61863226e-02 -1.17517732e-01  1.52231129e-02  1.34056918e-02
 -1.73147172e-02  2.29839087e-02 -1.89793427e-02  1.41430255e-02
 -5.05109578e-02 -3.88938934e-02 -1.45027237e-02  5.73622324e-02
 -1.60507802e-02  7.94193428e-03 -9.71555058e-03 -1.56347012e-33
  4.08964716e-02  1.28830643e-02 -5.11608534e-02 -1.04246419e-02
  4.07930976e-03  1.10150859e-01 -3.01333778e-02  1.47094294e-01
 -5.05427122e-02 -1.30187469e-02 -4.44067083e-03 -5.32213673e-02
 -1.12498447e-01 -1.46103632e-02 -9.21829510e-03  3.92455161e-02
  5.01151569e-02 -1.27191311e-02  1.08767457e-01 -1.57627407e-02
 -2.50315461e-02 -5.10697290e-02 -1.26652252e-02 -9.15288478e-02
  1.96828227e-02 -6.02008542e-03  5.65975010e-02 -2.98528038e-02
 -2.42780596e-02 -5.88998422e-02 -6.19167574e-02  4.26530130e-02
  6.21235147e-02  2.29456853e-02 -1.84971038e-02  8.46425891e-02
  4.04868945e-02 -3.10687199e-02  7.71735236e-02 -1.21409511e-02
  3.26685198e-02  4.84146290e-02 -3.41590345e-02 -5.25899604e-03
  4.42734221e-03  1.12323232e-01  6.86200522e-03 -2.27236000e-04
  4.96610813e-02 -7.63676083e-03  1.10434808e-01 -1.30746271e-02
 -1.25105130e-02 -5.03031127e-02  2.27376260e-02 -2.58788671e-02
 -6.32252470e-02 -8.83357599e-02 -6.67827725e-02 -4.19479571e-02
 -8.48155916e-02 -6.66914359e-02 -6.09834641e-02 -3.52355354e-02
 -4.59278412e-02 -5.39098196e-02  2.16092244e-02  1.20577151e-02
  4.99488153e-02 -6.67687505e-02 -5.54012135e-02 -6.88589141e-02
 -1.02796331e-01  3.68067138e-02  6.51855208e-03 -8.08541756e-03
 -1.09250262e-01  3.76193970e-02  4.10738587e-02  2.01129857e-02
 -6.46679327e-02 -5.03601646e-03  7.71021396e-02 -6.36799857e-02
  2.71917079e-02  2.00757235e-02  1.14356680e-03 -3.67766735e-03
  2.27961261e-02  2.49399059e-02  7.30839595e-02 -6.61411211e-02
  1.17520513e-02 -2.40218602e-02 -4.97125201e-02 -3.39656836e-08
  9.17338431e-02 -9.48976874e-02  1.21825477e-02  3.55039281e-03
 -2.64086109e-02  6.35037124e-02 -1.54476357e-03  3.68302315e-02
  2.21897359e-03  1.38107697e-02  3.02871950e-02  5.56292869e-02
 -4.89558205e-02  5.14078550e-02 -6.01396598e-02  6.00673705e-02
 -3.23344284e-05 -5.13469875e-02  1.06244674e-02 -5.82463890e-02
 -6.10250160e-02  2.85970643e-02 -6.48752525e-02 -7.15646818e-02
  4.67021093e-02  4.95854905e-03 -2.66955122e-02 -5.50531521e-02
 -1.15928531e-01 -1.87450694e-03 -1.31408334e-01 -1.03288908e-02
 -1.08316414e-01 -4.28396873e-02 -1.67867392e-02 -6.87391683e-02
  8.80875215e-02 -6.85938522e-02  1.05075557e-02 -3.40703758e-03
  4.14704680e-02 -3.41886505e-02 -5.73241971e-02 -7.27324188e-02
  6.36073500e-02 -5.91997728e-02  1.42900029e-03 -4.62300219e-02
  9.56770685e-03 -1.56054944e-01  6.39001578e-02  4.90626022e-02
  1.62041672e-02 -4.30137414e-04 -6.70824423e-02  3.28894444e-02
 -7.13633448e-02 -1.74085051e-03  5.91089353e-02 -9.02980417e-02
  3.24921571e-02 -3.33543718e-02 -1.16732754e-01  9.70514771e-03]"
Can Ebola be treated?,"There is no cure for Ebola, but early supportive care with rehydration and symptomatic treatment improves survival. There are also vaccines in development and treatments that have shown high levels of efficacy in preventing the disease.","While there's no cure, early supportive care improves survival, and vaccines are in development.","Can Ebola be treated? There is no cure for Ebola, but early supportive care with rehydration and symptomatic treatment improves survival. There are also vaccines in development and treatments that have shown high levels of efficacy in preventing the disease.","[ 4.65296619e-02  6.60396814e-02  9.53784436e-02  5.98169910e-03
  1.63672362e-02  1.59621350e-02 -4.10973243e-02  2.49129795e-02
 -2.61909198e-02  4.45745289e-02 -2.98307836e-02  8.89750496e-02
  3.59766856e-02  7.61843994e-02  1.81932915e-02 -9.41979047e-03
  3.13405246e-02  1.41160917e-02 -1.62224751e-02  1.10030156e-02
 -4.09789793e-02  1.10850390e-02  2.90399175e-02 -3.34593211e-03
 -1.25529379e-01  4.08917479e-02  1.60942767e-02  2.08144374e-02
 -4.80030254e-02 -5.36792316e-02 -4.89762612e-03 -5.73319755e-02
 -6.98616728e-02 -4.98663485e-02 -7.78425559e-02 -1.93686318e-02
 -3.31977825e-03  2.63475161e-02 -1.29007194e-02  2.06211060e-02
 -1.12399627e-02 -3.23257297e-02 -5.09962719e-03 -7.00491900e-03
  6.24818243e-02 -3.08644287e-02  8.83735716e-03  7.23317340e-02
 -2.38958914e-02 -2.16771662e-02  9.10859928e-02  5.93375589e-04
  1.53917465e-02  3.61038558e-02  4.72225659e-02 -4.03058007e-02
  2.62904982e-03  1.12987226e-02 -1.34099294e-02 -2.96062455e-02
  5.11950394e-03  2.60230359e-02  1.86089352e-02 -2.62801144e-02
 -5.45680039e-02 -5.70262223e-02 -1.72927324e-02 -1.11795845e-03
  2.75761448e-02  3.48745845e-02  4.57595699e-02 -6.06902968e-03
  7.33862743e-02  4.94271405e-02  9.38076619e-03  4.98468578e-02
  9.94283706e-02  8.41568783e-03  5.00874668e-02  1.19323283e-01
  8.71167518e-03 -3.76766510e-02  1.05802305e-01  4.95752599e-03
 -1.84703954e-02 -2.14034934e-02  7.38738105e-03 -4.61209305e-02
  1.30607113e-02 -4.83213030e-02 -2.32210709e-03 -2.32251212e-02
 -1.04428297e-02  2.10447833e-02 -3.30917053e-02 -4.99525778e-02
 -2.91996039e-02 -1.14241727e-02 -5.31663299e-02 -4.14995998e-02
 -3.84116918e-02 -4.81354073e-02  6.80278912e-02  6.65538106e-03
  2.45196279e-02  3.96704381e-05 -1.29985726e-02  6.38869777e-02
  2.45999936e-02 -4.58075814e-02 -1.00948557e-01 -4.85196076e-02
 -9.62005835e-03  4.92181666e-02  2.45701093e-02  5.39269969e-02
 -7.79180303e-02 -1.14312075e-01 -2.24136505e-02 -3.41943130e-02
  1.40993997e-01 -2.07141638e-02  4.66627628e-02 -3.42347398e-02
  1.12788893e-01 -1.82095300e-02  6.17989451e-02 -9.65584396e-34
 -4.81830053e-02  7.68700428e-03  4.28633951e-02 -5.43343127e-02
  5.93194701e-02  1.03491135e-02  5.14071144e-04  2.42380612e-02
 -8.58619064e-03 -1.11645214e-01  2.02053152e-02 -4.03384902e-02
  6.68019354e-02  7.34304115e-02 -9.63031054e-02  5.62336389e-03
  3.61985876e-03 -2.52339561e-02 -7.45451599e-02  4.63465117e-02
  5.14362715e-02 -5.11422381e-02  4.34231646e-02 -4.14116215e-03
  4.49653678e-02 -2.67735478e-02 -6.98198797e-03  1.44352093e-02
  4.83016856e-02 -1.56515315e-02 -4.24848944e-02  9.72242355e-02
 -4.35948279e-03 -3.93343270e-02 -9.51532125e-02 -3.24465409e-02
  3.86995748e-02  4.90965918e-02  1.43207163e-02 -4.53413650e-02
  3.20698135e-02  8.69112387e-02  1.23491921e-02  1.63698581e-03
  8.91349614e-02 -3.82105485e-02 -6.01826608e-02 -5.32223880e-02
 -9.66650695e-02 -7.55785257e-02  1.08929157e-01  1.41732879e-02
 -3.26811299e-02 -3.93226221e-02  4.58131060e-02 -1.75398793e-02
  1.95838381e-02  1.06681868e-01 -1.82448234e-02 -3.86381000e-02
  8.15526396e-02 -5.65286241e-02 -2.50565615e-02  1.90349258e-02
 -5.88768683e-02  4.52896673e-03  1.71722114e-01 -4.72252928e-02
 -2.86667626e-02 -5.51000945e-02 -3.60506065e-02  2.96605844e-02
 -1.50615107e-02  7.10278600e-02 -9.09694135e-02 -8.66044909e-02
  2.05152342e-03 -2.51321793e-02  1.78537071e-02  5.33553548e-02
 -2.45134849e-02 -7.25517794e-02 -6.09044358e-03  7.98316449e-02
  2.73669269e-02 -5.94159821e-03 -7.64210373e-02  5.79706319e-02
 -1.02870790e-02 -6.51987419e-02 -2.51689851e-02  1.70157850e-02
 -2.62137968e-02  4.13456708e-02  2.60359738e-02 -2.80367249e-33
  7.18543380e-02  1.27433408e-02 -1.58351827e-02  1.18604824e-02
 -1.71737710e-03  1.07888199e-01 -2.78433394e-02 -7.50141889e-02
  2.65286621e-02 -4.56805043e-02 -9.26493108e-02 -3.41002457e-02
 -1.24841155e-02 -2.92236288e-03 -7.28706568e-02  1.32231498e-02
 -1.02285564e-01 -2.22937297e-02 -1.29829161e-02  2.49896608e-02
 -2.94563323e-02 -4.82548513e-02  8.43397435e-03 -8.17421377e-02
  4.00049351e-02 -2.52244505e-03  7.55293574e-03  4.74127308e-02
  2.91065257e-02  4.53978963e-03 -4.88423333e-02 -3.58993188e-02
  3.12925763e-02 -4.01888192e-02 -4.39268630e-03  6.84193745e-02
  8.44234303e-02 -7.01099262e-02  6.12898879e-02  2.78626438e-02
  1.29840866e-01  1.29276514e-02 -5.35860797e-03  2.01352071e-02
  5.67067340e-02  1.00777306e-01 -1.51984151e-02  2.81984117e-02
  4.03006002e-02 -3.57549861e-02  4.86845672e-02 -3.85605134e-02
 -1.58289056e-02 -1.00676843e-04  2.01644357e-02 -5.53485975e-02
 -3.65065448e-02 -5.35161123e-02 -5.32175153e-02 -6.22014999e-02
 -1.02296814e-01 -3.46401446e-02 -2.35585924e-02 -2.00653588e-03
 -2.51638535e-02  1.38729915e-03  2.09619645e-02  3.97074521e-02
  2.60539129e-02 -1.15833342e-01 -1.84240844e-02 -5.18114194e-02
 -9.26287100e-02  7.87376463e-02  3.34499851e-02  1.93299819e-02
 -5.73789701e-02  8.03510752e-03  1.99869946e-02  3.48710567e-02
 -1.49528934e-02 -4.28940356e-03  5.31764030e-02 -2.04810165e-02
  3.95725295e-02  6.00367524e-02  3.81475277e-02 -3.47595438e-02
  5.45121403e-03  1.00289108e-02 -2.60139885e-03 -1.27299771e-01
  4.36944142e-02  4.06399695e-03 -2.93709468e-02 -3.33722667e-08
  1.18521415e-01 -7.45650157e-02  1.45910978e-02 -2.08933209e-03
 -7.43107200e-02  1.86043903e-02 -2.33041942e-02  4.78096865e-02
  2.81524956e-02  1.13596238e-01 -4.93749827e-02  6.71157613e-02
 -6.09101669e-04  2.57197637e-02 -1.04936433e-03 -5.61174005e-03
  3.53054665e-02 -1.64031442e-02 -3.69295664e-02 -3.84510793e-02
 -6.24712221e-02 -1.75116642e-03  2.85407770e-02 -1.77224074e-02
  7.83077329e-02 -2.53995731e-02 -9.64072533e-03 -6.90341815e-02
 -1.24076337e-01 -7.32178241e-02 -1.17493264e-01 -3.79561782e-02
 -5.63647505e-03 -1.52595034e-02  5.05317487e-02 -7.39318952e-02
  1.14262693e-01 -5.57870604e-02  4.62198369e-02 -2.35264450e-02
  6.41148612e-02  2.27550659e-02 -3.54278237e-02 -5.10934405e-02
  1.05487108e-02 -4.83104847e-02 -2.90502682e-02 -8.15085620e-02
 -3.41443084e-02 -1.38039485e-01  3.51266786e-02  1.92750748e-02
  4.44245078e-02 -5.73380329e-02 -1.08165883e-01  7.30462074e-02
 -4.94730063e-02 -3.73684838e-02  7.23883137e-02 -4.73960713e-02
  2.78137834e-03  8.12290329e-03  3.55561078e-02 -8.32377467e-03]"
Is Ebola contagious?,"Yes, Ebola is highly contagious once symptoms appear. It is not spread through the air but through direct contact with bodily fluids of a person who is sick with or has died from EVD.",Ebola is highly contagious through direct contact with bodily fluids of an infected person.,"Is Ebola contagious? Yes, Ebola is highly contagious once symptoms appear. It is not spread through the air but through direct contact with bodily fluids of a person who is sick with or has died from EVD.","[ 9.94619876e-02 -3.13594602e-02  9.99610126e-03 -4.63065766e-02
  6.16404675e-02 -5.27531616e-02  3.12625133e-02  3.54874656e-02
 -1.58997476e-02  3.70480344e-02  1.95079893e-02  4.14830968e-02
  9.85906571e-02  7.21570626e-02 -5.09811984e-03 -5.29661588e-02
 -8.49778764e-03 -1.14281319e-01 -6.81603849e-02  5.57068363e-02
  1.25767197e-02  1.33197894e-02 -1.64804030e-02 -3.01863216e-02
 -3.76893803e-02  1.37390308e-02  7.40105882e-02 -2.09291764e-02
 -2.74848938e-02  3.48850666e-03 -3.96304727e-02 -3.15251462e-02
 -6.26065806e-02  3.93124558e-02 -6.55287579e-02 -6.00888245e-02
  5.69882952e-02  6.15416002e-03  3.27661969e-02  1.26742497e-02
 -1.92138739e-02 -2.76416130e-02  6.04588119e-03 -2.22546346e-02
 -1.67752188e-02  2.92312596e-02 -1.48445405e-02  5.90547696e-02
 -3.55393402e-02 -3.26351896e-02  3.90481912e-02  1.46956416e-02
  4.37604263e-02  7.25317821e-02 -2.58333776e-02 -2.24656332e-02
  3.54232416e-02 -8.17864761e-02  1.56403016e-02  3.17955427e-02
 -1.62326153e-02  7.27914050e-02  3.30972373e-02 -9.12022218e-03
 -1.58084016e-02 -5.25507182e-02  1.76281091e-02  5.40715866e-02
  5.13655953e-02  4.49852459e-02  6.30742982e-02 -1.01537379e-02
  3.49517376e-03  4.27472815e-02  4.50714938e-02  6.18691370e-02
  4.43604253e-02 -7.45613407e-03 -4.64798212e-02  1.40035376e-01
 -5.01586571e-02 -3.55529897e-02  6.11231104e-02 -8.76829699e-02
  7.93290557e-04 -6.04096055e-02 -7.16765784e-03 -1.03379805e-02
  1.51301408e-02 -2.02567093e-02 -6.17456026e-02  4.99608479e-02
  1.65107995e-02 -2.26855092e-02  2.03056131e-02 -2.60457564e-02
  1.02281822e-02  4.93539274e-02 -3.67662795e-02 -2.09259503e-02
 -1.68832541e-01 -5.67472279e-02  4.62367982e-02  4.67370562e-02
 -1.72900911e-02 -1.27539122e-02 -2.86738966e-02 -3.53966770e-03
 -1.22487852e-02 -4.60515879e-02 -5.60167618e-02 -2.34321896e-02
  8.26325566e-02  7.70224771e-03  9.79707465e-02  8.70593414e-02
 -7.26808906e-02 -9.51137543e-02 -2.63588578e-02 -1.16721895e-02
  8.17434713e-02 -5.96997291e-02 -6.37389347e-03  5.94001310e-03
  4.94148508e-02 -3.51132043e-02  8.34956616e-02  9.97009493e-34
 -9.04881675e-03  2.41539571e-02  5.74194826e-02 -4.33143199e-04
  3.59203145e-02  2.17503868e-02 -4.22404036e-02  2.73668207e-02
  9.73360240e-03 -2.97836475e-02  6.74524456e-02 -2.75478289e-02
  3.05547547e-02  9.46989059e-02 -4.51074988e-02  2.88462341e-02
  3.86147834e-02 -1.21978149e-02 -9.18347463e-02  4.13530543e-02
  6.84915558e-02 -7.43689314e-02 -1.00363139e-02 -5.02520576e-02
  1.62207428e-02  2.38562562e-02 -6.16057105e-02 -8.72332230e-03
  1.02207184e-01 -1.65988263e-02 -2.53101680e-02  2.42214128e-02
  8.36171024e-03  6.91895634e-02 -9.79205891e-02  3.19800675e-02
 -1.39078475e-03  5.70789725e-02  1.40457777e-02 -3.54103073e-02
  7.48976767e-02  4.99848276e-03 -1.16737084e-02 -4.92416024e-02
  5.14403880e-02  2.12988872e-02 -1.85509305e-02 -5.28622530e-02
 -2.06419025e-02 -9.92497876e-02  7.64723346e-02 -2.37555243e-02
  8.14713910e-03 -5.42107560e-02  2.84628719e-02 -3.75119795e-04
  5.39361909e-02  3.68927680e-02 -3.54224327e-03  4.59999703e-02
  9.12141800e-03 -1.83518678e-02 -1.86869744e-02  1.15410462e-02
 -1.39636500e-02 -2.55303383e-02  1.41131103e-01  3.21773216e-02
  1.99392866e-02  1.50858872e-02  1.06785558e-02  2.15328671e-02
 -8.75959843e-02  6.32115081e-03 -3.29354331e-02 -6.33278117e-02
 -1.86866317e-02 -1.49773741e-02  5.48219793e-02  6.18563145e-02
 -8.78651515e-02 -4.05073464e-02 -2.64911652e-02  4.95475009e-02
 -4.87536490e-02  4.43422981e-02 -5.77634610e-02  5.26284352e-02
 -7.11302385e-02  6.63787052e-02  3.86651643e-02  3.04798596e-02
 -3.80820665e-03  4.71418314e-02  3.11932992e-02 -4.07040670e-33
  8.92854761e-03  2.20905393e-02 -8.29489306e-02  1.95014514e-02
 -1.14702089e-02  1.33030072e-01  2.09435336e-02  1.37225287e-02
 -4.67620790e-02 -3.89244631e-02 -3.35232280e-02 -4.88312654e-02
 -7.90472254e-02  2.18745451e-02  6.40252838e-03  1.58912875e-02
  7.77212484e-03 -8.57423712e-03  1.89138902e-03 -2.44063474e-02
 -5.20254932e-02 -1.12534888e-01  6.28809631e-02 -1.10734314e-01
  2.01080851e-02 -5.09580076e-02  2.57158875e-02  2.43202746e-02
 -3.45593728e-02  4.66376310e-03 -1.33262854e-02  6.66815862e-02
  6.38532341e-02  6.51244633e-03 -7.40419328e-02  3.10800727e-02
  8.25644508e-02 -1.04057334e-01  7.85539076e-02 -6.51010349e-02
  5.11110574e-02  9.78478938e-02 -8.06656608e-04  3.24887708e-02
 -5.06082457e-03  9.69505534e-02 -1.75376553e-02 -6.37099845e-03
  4.29049581e-02  1.25601850e-02 -2.15948541e-02  2.04738341e-02
 -8.92370045e-02 -1.16987526e-01 -4.56575304e-02 -3.57955024e-02
 -7.10831434e-02 -4.86684451e-03 -6.90092966e-02 -9.39266980e-02
 -6.40429854e-02 -3.17924879e-02 -6.73310384e-02 -2.65684687e-02
 -4.84952852e-02 -8.72910768e-02  6.35754317e-03  5.71814962e-02
  3.91137265e-02 -3.54894921e-02 -5.97589202e-02 -3.86068746e-02
 -7.99155608e-02  3.82520631e-02 -1.28369471e-02 -3.47828493e-02
  1.83705129e-02  3.82672027e-02  6.88523948e-02 -1.37534477e-02
 -2.80032661e-02  2.12142779e-03  3.43930610e-02 -1.35149900e-03
 -2.90462226e-02 -8.82408209e-03  4.45083492e-02 -2.62447763e-02
 -4.34000802e-04  6.67432994e-02 -4.83854003e-02 -8.18147957e-02
  5.90791553e-02 -4.35128249e-02 -1.53970113e-02 -3.12588710e-08
  1.39308989e-01 -3.21483687e-02  5.48661463e-02 -2.18309928e-02
 -5.39249517e-02  9.43152905e-02  3.18989344e-02  4.39751223e-02
  3.88034545e-02  1.23532139e-01 -6.29513860e-02 -7.83876143e-03
 -5.74434623e-02  1.19151350e-03 -2.13137511e-02  1.57058202e-02
 -6.44483697e-03 -7.98359960e-02 -1.99364312e-02 -8.57161451e-03
 -1.76080670e-02 -1.31939410e-03  1.84286386e-02  4.47153896e-02
  3.88751030e-02 -1.83636155e-02  5.10116620e-03 -2.64524892e-02
 -7.40604475e-02 -1.71266049e-02 -1.42876685e-01 -1.26089957e-02
 -5.71692623e-02 -1.22897346e-02 -2.14342847e-02 -2.61672270e-02
  9.88231897e-02 -6.71215430e-02  2.30741338e-03 -6.90134019e-02
  9.30101275e-02  2.63366266e-04 -5.00487275e-02 -6.16433397e-02
  3.18606533e-02  4.87871245e-02  1.35454610e-02 -1.01538457e-01
  1.70082245e-02 -1.02643438e-01  3.42493132e-02  8.15995689e-03
  1.02736749e-01 -4.80008908e-02 -9.72696990e-02  2.83591729e-02
 -8.55846703e-02  1.53804747e-02  7.68665075e-02 -6.51977062e-02
  4.57868800e-02  5.72512932e-02 -3.61571228e-03 -1.38500007e-02]"
How can Ebola be prevented?,"Preventing Ebola transmission involves avoiding contact with infected animals, proper use of personal protective equipment (PPE), and not touching the bodies of those who have died from the disease. Safe and dignified burial practices are also important.",Ebola prevention includes avoiding contact with infected animals and using personal protective equipment.,"How can Ebola be prevented? Preventing Ebola transmission involves avoiding contact with infected animals, proper use of personal protective equipment (PPE), and not touching the bodies of those who have died from the disease. Safe and dignified burial practices are also important.","[-8.52432626e-04  1.08372457e-01  1.05465546e-01 -2.97676120e-02
  5.21500707e-02  3.63429710e-02  2.84464508e-02  2.87422035e-02
 -4.04418958e-03  1.16152510e-01  4.13108766e-02  5.02716899e-02
  2.70069223e-02  4.20456976e-02 -6.13465086e-02 -4.05161502e-03
  1.81277879e-02 -2.79698409e-02 -3.73438895e-02 -1.22576281e-02
  4.18253690e-02  2.19686143e-02  4.98184860e-02 -9.26800538e-03
 -1.45950183e-01  5.70996897e-03  1.44253699e-02  3.17632407e-02
 -6.07976969e-03 -4.15651537e-02  1.17285773e-02 -1.14319049e-01
 -7.51787871e-02  1.74645893e-03 -1.24236368e-01 -1.59478746e-02
  4.05121632e-02  2.22987533e-02  3.57872956e-02  3.70209739e-02
 -2.11460553e-02 -7.76584595e-02  4.14571306e-03 -6.53071776e-02
  4.92933691e-02 -3.90688283e-03  3.29659358e-02  3.51248495e-02
 -1.49496936e-03 -7.57450461e-02  5.05012535e-02  4.40489799e-02
 -4.61471900e-02  5.69502264e-02  1.85034275e-02 -7.77328163e-02
  1.38566913e-02 -1.20760780e-02 -4.37664427e-02 -8.19353908e-02
 -4.59443731e-03  5.49538545e-02 -4.63620424e-02 -1.50672477e-02
 -8.57096985e-02 -1.77379772e-02  2.06320416e-02  5.98825477e-02
  5.25008515e-02  1.06050529e-01  1.63135864e-02 -1.65418051e-02
 -1.74962003e-02  5.42182773e-02  4.65999618e-02  4.99918312e-02
 -7.29166716e-03 -5.75220585e-02  3.13233919e-02  9.60088968e-02
  3.74031402e-02 -3.97121012e-02  1.16947517e-01  4.82421517e-02
 -1.35849454e-02  5.33852205e-02  2.92570293e-02 -2.71799900e-02
  3.20194028e-02 -1.01630360e-01 -6.45121112e-02 -4.91613634e-02
  3.95551398e-02  5.96953891e-02  9.00249090e-03 -5.70780337e-02
 -4.87942882e-02 -3.41836214e-02 -1.92412045e-02 -4.50166612e-04
 -8.21484160e-03 -6.26046434e-02  1.47875946e-03  5.87098673e-02
 -3.98403332e-02 -5.20226397e-02 -1.76444696e-03  1.13854390e-02
  1.15376199e-02  1.76280569e-02 -3.55793498e-02  3.02147921e-02
 -5.73403686e-02  6.74707144e-02 -8.50487221e-03  7.79039860e-02
 -1.21464524e-02 -5.76656265e-03 -2.82390993e-02 -3.72719355e-02
  9.93829742e-02 -6.89637987e-03  2.54129227e-02 -2.48320345e-02
  8.10470134e-02 -5.82443289e-02  7.58643672e-02  1.49275403e-33
 -1.23245083e-02 -1.05434367e-02  4.50526103e-02 -7.83407465e-02
  2.15331111e-02  3.64328213e-02 -6.86953440e-02  1.88912470e-02
  5.79778403e-02  2.07024291e-02 -6.30071899e-03 -2.74917930e-02
  5.45088314e-02  5.99238612e-02 -1.38165699e-02 -9.92544554e-03
  2.62766350e-02 -1.48104625e-02 -4.62222099e-03  1.87154654e-02
  9.45858210e-02 -1.68091610e-01  2.82753110e-02  3.83778885e-02
  5.89367934e-02  2.88405400e-02 -5.37209921e-02  1.38887553e-04
  7.33189359e-02  8.02673120e-03 -1.17014095e-01  5.54238185e-02
  1.87245067e-02  7.57880742e-03 -4.67998721e-02  2.88081300e-02
 -4.11739722e-02 -4.63435501e-02  3.37246209e-02 -1.65365487e-02
  1.24087753e-02  2.98202708e-02  2.15189662e-02  1.35737620e-02
  1.20814420e-01 -1.83842343e-03 -3.54456529e-02 -4.62261401e-02
 -1.23347186e-01  4.23420081e-03  8.21666121e-02  3.84156941e-03
 -2.33039241e-02 -7.10321823e-03 -5.12994826e-02 -6.27884939e-02
 -9.07020923e-03  7.93222617e-03 -1.27587439e-02 -1.22231580e-02
  9.75042656e-02 -1.98115036e-02  1.70344897e-02  2.72797104e-02
  1.24377683e-02  1.37013325e-03  8.10474753e-02 -8.16914886e-02
 -2.39586234e-02 -2.93557136e-03 -7.68009499e-02 -1.61218327e-02
 -2.79119574e-02 -6.29446134e-02 -9.98186991e-02 -8.33308697e-02
 -4.44051027e-02  4.53397706e-02  8.38978738e-02 -1.42496275e-02
 -9.38757956e-02 -2.19794605e-02 -1.90745958e-03 -2.99452655e-02
  7.67689524e-03 -1.81898326e-02  8.20637215e-03  1.33166790e-01
 -4.77881618e-02 -6.17229864e-02  3.90845397e-03  5.98298721e-02
  7.91783165e-03  3.69608253e-02  3.20937708e-02 -3.39539780e-33
  3.89154702e-02  3.18489447e-02  4.84723924e-03 -1.82755683e-02
 -2.14635842e-02  6.64194226e-02 -1.01884762e-02 -6.11869507e-02
  3.55907753e-02 -3.76982838e-02 -6.46449476e-02 -2.20831502e-02
  4.63815406e-02  3.94969573e-03 -1.71828475e-02 -3.15985233e-02
 -3.60277407e-02  1.79398507e-02 -6.17257394e-02 -2.33951472e-02
 -2.58928053e-02 -7.71057978e-03 -8.24023224e-03 -2.60305982e-02
 -7.24491430e-03 -1.74351577e-02 -7.23205432e-02  3.32749337e-02
  4.37002704e-02 -4.02962752e-02 -7.15156645e-02  2.91732010e-02
  3.88831198e-02 -6.23094626e-02 -4.50379029e-02  7.20579103e-02
  5.59950583e-02  3.09088994e-02  2.93216538e-02  2.06312872e-02
  1.01106256e-01  5.10668792e-02 -4.86272164e-02  1.62946302e-02
  9.42939485e-04  1.49056882e-01 -7.55925605e-04  2.31864769e-02
 -1.06537975e-02 -2.10916400e-02  4.94001806e-02  9.26217809e-03
 -4.59355786e-02 -7.56260902e-02 -4.61749500e-03 -4.04351344e-03
 -3.22303325e-02 -7.16405883e-02 -3.24040614e-02 -4.92496789e-02
 -1.50697259e-02 -4.01351452e-02 -3.73287611e-02  1.04466259e-01
  1.44821955e-02 -1.56608559e-02  2.50165183e-02  9.73066017e-02
  6.39500171e-02 -3.68473977e-02 -1.32908868e-02  1.07941674e-02
 -3.40982750e-02 -3.01536755e-03 -1.21135479e-02 -1.71971601e-02
 -8.05416554e-02  2.63429862e-02  6.73711449e-02  4.78244610e-02
  1.54843461e-03 -4.38535288e-02 -5.20493882e-03 -6.93287095e-03
  5.57025336e-02  2.63991822e-02  1.97542813e-02 -6.67188689e-02
 -2.20397487e-03 -1.41142057e-02 -7.49043375e-02 -5.84601574e-02
  3.90214473e-02 -1.77041329e-02 -4.00842503e-02 -3.21576117e-08
  1.13630965e-01 -1.22788504e-01  2.29359907e-03  1.61900893e-02
 -6.18405193e-02  1.06471740e-02 -2.21532490e-02  4.75620702e-02
  5.60329780e-02  7.82038197e-02 -5.94061427e-03  6.03753142e-02
 -6.18618634e-03  4.85871583e-02  1.97389703e-02  4.66025472e-02
  5.78173157e-03  1.42410845e-02 -6.70115277e-02 -1.08439982e-01
 -5.05821891e-02 -5.35405204e-02 -4.71551940e-02 -1.49643626e-02
  8.35357532e-02 -2.36600656e-02  8.69948864e-02 -5.24999276e-02
 -8.21583644e-02  4.33515906e-02 -1.14849918e-01 -8.39957669e-02
 -6.00105301e-02  3.58453654e-02 -2.49505136e-02  6.30784631e-02
  1.58850566e-01 -5.47257848e-02  7.43227303e-02 -4.14031409e-02
  2.21607909e-02 -4.70279753e-02 -3.55168134e-02 -1.11565669e-03
  3.62697393e-02  2.83574983e-02  2.22643279e-02 -2.59086527e-02
 -5.75896762e-02 -2.77786013e-02  2.48422176e-02  1.12252608e-02
  6.65339381e-02 -1.55015402e-02 -1.14408366e-01  1.63708497e-02
 -2.65951492e-02 -5.87747470e-02  8.94188657e-02  8.93356185e-03
  2.05905996e-02  1.06680403e-02  2.38956721e-03  2.74806265e-02]"
Has there been an Ebola outbreak recently?,"The most widespread outbreak of EVD in history was the West African Ebola virus epidemic from 2014 to 2016. Since then, there have been smaller outbreaks, most contained to Africa.","The largest Ebola outbreak occurred from 2014 to 2016, with occasional smaller outbreaks since then.","Has there been an Ebola outbreak recently? The most widespread outbreak of EVD in history was the West African Ebola virus epidemic from 2014 to 2016. Since then, there have been smaller outbreaks, most contained to Africa.","[ 6.48871288e-02 -4.39495954e-04  1.98392216e-02 -6.00170996e-03
  5.14732748e-02  2.15788302e-03 -9.14074033e-02  8.83931946e-03
 -2.34404802e-02  1.23864971e-01  5.81976324e-02  1.60268955e-02
  1.07297022e-02  9.51488167e-02  5.26880100e-02 -4.11226712e-02
 -4.69267778e-02 -1.34938359e-01 -2.21749023e-02 -5.53637464e-03
 -7.54821599e-02  8.09215754e-03  4.35212255e-02 -3.15022320e-02
 -5.28345630e-02 -4.36172336e-02  3.27791199e-02  1.64348760e-03
 -6.12924285e-02 -2.06740554e-02 -9.51349549e-03 -5.19857630e-02
 -2.41441112e-02  2.23081745e-03  1.34756099e-02 -8.09977576e-02
  4.75795707e-03  2.34872568e-02  3.94897312e-02 -2.07426436e-02
 -3.02928919e-03 -4.93069850e-02  4.73849848e-02 -8.16063285e-02
 -2.04891488e-02 -2.74852589e-02 -1.58745535e-02  2.25191936e-02
 -4.30915281e-02 -5.88627532e-02  6.38453439e-02 -3.29032093e-02
  2.40419954e-02  3.17710452e-02  1.30718267e-02 -1.55488446e-01
  1.57819991e-03 -2.97735315e-02  3.37233283e-02  1.64623149e-02
  1.81560479e-02  7.08989948e-02  6.01282855e-03 -1.33584253e-03
 -7.08804280e-02  1.29586002e-02  3.03019248e-02  4.99319658e-02
  2.39736773e-02  6.74576759e-02  4.71875072e-02 -1.37084415e-02
 -5.33461645e-02  4.05383967e-02  6.26146495e-02  5.97577877e-02
  7.26820603e-02  4.79606017e-02  3.64568792e-02  4.53393683e-02
  2.44299788e-02 -4.56784628e-02  9.68454629e-02 -2.67409589e-02
  3.51936296e-02 -3.29867862e-02 -1.39871947e-02  1.10767111e-02
 -1.39451101e-02 -1.11272661e-02 -2.86837691e-03  2.97067761e-02
  3.67116630e-02  8.11470821e-02  4.28946130e-02 -6.51109144e-02
 -1.18392557e-02  1.07933730e-02  1.77968554e-02 -3.35574709e-02
 -1.18131176e-01 -1.55169079e-02  6.66822344e-02 -1.12729846e-02
  2.08158363e-02 -3.19522396e-02  1.46103487e-03 -8.31147842e-03
 -3.22375484e-02 -4.43367325e-02 -6.68226331e-02  4.77024391e-02
 -3.79894525e-02 -3.43505405e-02  4.64651249e-02 -5.54951094e-02
 -4.69346019e-03 -3.68812717e-02 -1.56645048e-02  1.15143165e-01
  5.77470250e-02 -2.66426727e-02 -3.07309683e-02  2.96875816e-02
  7.53711686e-02  3.29178348e-02  4.85735610e-02 -1.08842622e-33
  3.63213718e-02 -9.58880931e-02  3.16544436e-02 -4.19264979e-04
  2.96601150e-02  4.16734293e-02 -3.30324098e-03  6.30870163e-02
  1.31810028e-02 -1.12970658e-01 -4.48474102e-02 -8.57860502e-03
  3.78440320e-02  4.83877622e-02 -4.33130227e-02 -6.85109720e-02
  2.90381033e-02 -6.21615071e-03 -7.88729191e-02 -1.21793104e-02
  4.94661853e-02 -6.97780624e-02  4.24565040e-02  1.49870440e-02
  4.63365503e-02  1.70253981e-02  1.63563211e-02 -9.59164929e-03
  7.85278976e-02  1.86211895e-02 -1.78129617e-02 -1.58148296e-02
 -3.16499243e-03 -2.36412100e-02 -4.35529090e-02  1.13673650e-01
 -1.44141084e-02  1.26725687e-02  4.18487750e-02 -4.57789451e-02
  4.05529253e-02  3.15892790e-03 -5.65019585e-02 -2.14751530e-02
  6.88805580e-02  3.08858808e-02 -5.92950918e-02 -4.20088582e-02
 -4.98484895e-02 -5.96331507e-02 -2.73147654e-02  1.84877636e-03
 -4.50617000e-02 -5.27666025e-02  7.41249844e-02 -3.68286967e-02
 -1.98591147e-02  6.61930367e-02  7.23750591e-02  4.38636504e-02
  4.32415940e-02  5.34406416e-02 -4.34141897e-04 -3.16517688e-02
  3.41953523e-02 -2.87159402e-02  1.14471056e-01 -4.04359922e-02
 -1.18469916e-01  6.89531490e-02  1.49613684e-02  1.73410140e-02
 -5.82921878e-02 -3.43579426e-02  1.04181347e-02 -3.35208662e-02
  1.16701648e-02 -9.32627637e-03  4.37433533e-02  5.72169907e-02
 -1.22621633e-01 -4.88407239e-02  3.54317762e-02  2.05896031e-02
 -2.57610567e-02  2.43503191e-02 -4.21450138e-02  6.54771030e-02
 -3.39571200e-02  2.14116042e-03 -1.19893225e-02  1.05824815e-02
  1.31017331e-03  4.21857424e-02  4.48894948e-02 -2.17628251e-33
 -3.23481411e-02  6.51289821e-02 -6.99621513e-02 -2.73485295e-03
  4.02800478e-02  5.14988899e-02  5.93130440e-02  6.40423521e-02
 -5.68006411e-02 -4.73610386e-02  2.18635295e-02 -4.07169461e-02
  5.31326644e-02  3.52069922e-02 -9.32194479e-03  2.27301195e-02
 -1.83443110e-02 -1.01994602e-02  3.79049033e-02  1.04756448e-02
 -9.67784822e-02 -9.03548673e-02  2.60318015e-02 -7.53426179e-02
  4.72522825e-02  2.70553287e-02 -2.69263703e-02  6.21354915e-02
 -9.69992951e-02 -6.87517077e-02 -1.17867753e-01  7.40179047e-02
  4.59026173e-02  6.04158677e-02 -8.75618309e-02  7.65150785e-02
  8.42211172e-02 -9.34381634e-02  2.69139633e-02 -2.73639206e-02
  6.35384396e-02  3.39534208e-02 -1.01597598e-02  3.16770636e-02
  4.46798690e-02  1.12132043e-01 -3.40123810e-02  7.12114722e-02
  6.09746650e-02 -5.91721444e-04 -1.35082658e-02  4.28576879e-02
 -7.30916262e-02 -1.50106894e-02  5.81737550e-04  3.56918685e-02
 -7.09288642e-02 -2.04342101e-02 -1.15172543e-01 -8.62320885e-03
 -7.90967643e-02  3.28663811e-02 -2.19757725e-02 -3.02861426e-02
 -7.92400725e-03 -5.87816760e-02  6.41517863e-02 -3.75313163e-02
  2.17902847e-03 -7.12042898e-02  3.34853195e-02 -2.75231395e-02
 -1.33842170e-01  3.52502475e-03 -4.19067070e-02  4.74365316e-02
  4.95090662e-03 -7.03446642e-02  1.20290825e-02 -1.80786643e-02
  6.14826158e-02 -1.47189070e-02  5.15991598e-02 -1.15578445e-02
 -1.30500803e-02  9.36530977e-02  1.79152433e-02 -1.05032720e-01
 -7.76407495e-03  9.04443935e-02 -6.32216632e-02 -6.33602887e-02
 -2.44999281e-03 -4.54901606e-02 -1.24667548e-02 -2.88332807e-08
  1.36187822e-01  3.62425223e-02  6.14417903e-02 -1.77616756e-02
  9.52547938e-02  4.84567247e-02 -1.27056539e-02  6.71624616e-02
  4.38654758e-02  5.84326126e-02 -1.11508612e-02  4.05291356e-02
  2.55261902e-02 -1.22733340e-02  2.65939478e-02 -9.02657956e-03
  1.67961437e-02 -4.61797677e-02 -2.69864034e-02 -7.05026239e-02
 -3.07645332e-02  2.02164035e-02  4.36871387e-02 -4.44944352e-02
  4.69942652e-02 -4.09002788e-03 -7.28419125e-02 -6.90566823e-02
 -5.46649918e-02 -1.00378402e-01 -6.80646673e-02 -5.26615940e-02
  1.54377008e-02 -3.60018723e-02 -3.17073725e-02  2.94660386e-02
  3.95851173e-02 -5.09922430e-02 -3.28145130e-03 -8.25050622e-02
  4.16854843e-02 -8.11278373e-02  4.63731214e-02  5.51766902e-03
 -2.61026341e-02  1.70078725e-02 -2.57718544e-02 -3.32286209e-02
 -8.36700760e-03 -1.06694646e-01 -3.70185077e-03 -6.57925457e-02
  8.92560929e-02 -1.69071630e-02 -6.00198694e-02  2.07047854e-02
 -4.04294915e-02 -7.25789070e-02  6.34026527e-02 -3.06558944e-02
  7.24346489e-02 -6.51119947e-02 -4.43647504e-02  1.16209097e-01]"
What is the mortality rate of Ebola?,"The average EVD case fatality rate is around 50%. Past outbreaks have varied from 25% to 90% mortality rates, depending on the virus strain and case management.","Ebola has an average case fatality rate of around 50%, but it can vary significantly.","What is the mortality rate of Ebola? The average EVD case fatality rate is around 50%. Past outbreaks have varied from 25% to 90% mortality rates, depending on the virus strain and case management.","[ 1.37536958e-01 -2.23989561e-02  1.83343105e-02 -5.91256693e-02
  5.08448109e-02 -2.87735332e-02 -7.54282996e-02  1.08213678e-01
  2.46160058e-03  9.23726261e-02  5.66747822e-02  3.59303551e-03
  8.18902999e-02  4.82289195e-02 -1.69824250e-03 -3.55740951e-04
 -2.56618764e-03 -1.02282882e-01 -9.76035297e-02  8.16534907e-02
  5.24547789e-03 -2.50102300e-03  9.43442211e-02 -7.14075565e-02
 -1.47610484e-02 -4.50876132e-02  2.22596191e-02 -5.27056539e-03
 -4.69993763e-02  1.25969173e-02 -3.60824578e-02 -3.36474255e-02
 -7.23226275e-03 -3.90287526e-02 -8.66729841e-02 -1.19786382e-01
  2.62933522e-02 -6.18912168e-02  2.56861020e-02  7.28242286e-03
 -1.35164345e-02  1.15575958e-02 -1.78822093e-02 -6.26532780e-03
  4.08960171e-02 -8.74610804e-03 -4.27657552e-02  1.91048160e-02
  6.21606363e-03  2.09573265e-02  5.44652678e-02 -3.20926495e-02
  7.83442240e-03  4.94223461e-02  2.07154490e-02 -9.77187008e-02
 -7.98798911e-03 -1.56738944e-02 -3.49581651e-02 -4.11668792e-03
  2.01288424e-02  7.95225650e-02  6.14907928e-02 -1.53438179e-02
 -6.19777888e-02 -6.33137748e-02  3.15177664e-02 -3.36834812e-03
 -5.67760617e-02  1.35213763e-01 -2.56225988e-02 -3.02424878e-02
 -5.83963245e-02  3.97698320e-02 -4.85776141e-02  1.13589391e-02
  6.54874817e-02 -1.09067289e-02  1.05053801e-02  1.88672300e-02
  5.50316572e-02 -6.63488060e-02  5.83177321e-02 -3.44805978e-02
  3.05619519e-02 -3.12085450e-02  4.53555994e-02  2.79747173e-02
  4.71787602e-02  3.45311351e-02 -4.40474600e-02 -2.18270719e-02
  5.44617176e-02  3.09876278e-02  4.57572155e-02  4.16686237e-02
 -6.42291531e-02  4.98685949e-02 -2.97264848e-02 -7.65318200e-02
 -1.48839667e-01 -6.48980513e-02  1.40846726e-02  3.93636525e-02
 -2.41287332e-02 -2.79568066e-03 -6.09965846e-02  7.48525709e-02
 -1.68079957e-02  4.99027548e-03 -1.46761804e-03 -3.45666967e-02
 -2.89372914e-02  1.26185454e-02  2.96009108e-02  8.15947540e-03
 -4.28092852e-02  4.72728023e-03  5.54646254e-02  4.84773852e-02
  1.30985856e-01 -2.09577549e-02 -2.06347299e-03  5.22771813e-02
  5.40019684e-02  1.44702271e-02  8.35349336e-02  8.72734474e-35
  1.51499202e-02 -1.00458629e-01 -4.59834281e-03 -5.43068685e-02
  1.69586688e-02 -2.79115494e-02 -3.90479416e-02  9.02597234e-02
  4.22763638e-02 -2.93237772e-02 -1.37704033e-02 -8.69633034e-02
  7.18123838e-02  1.17671721e-01 -5.59465624e-02 -3.29326163e-03
  4.04439084e-02  1.00829061e-02 -7.52329752e-02 -4.16053236e-02
  3.98325324e-02 -8.13234895e-02  7.79269356e-03  2.63253413e-02
  4.70016152e-02  4.24021892e-02 -2.05976726e-03  1.05422623e-02
  2.06671003e-02 -4.71231341e-02 -8.70384369e-03  4.33499329e-02
 -1.33570572e-02 -4.59969789e-02 -4.23453301e-02  8.17156285e-02
  1.58184487e-02  1.29811049e-01  7.23236129e-02  6.91255694e-03
 -3.24012116e-02  1.85255092e-02 -1.55752841e-02  1.30248759e-02
 -4.68790327e-04 -1.63548812e-02  1.29305152e-02 -5.19597717e-02
 -2.42977459e-02 -4.77284119e-02  1.38893500e-02 -4.93006073e-02
 -2.62132008e-02  3.83823067e-02  2.23891530e-02  4.01069149e-02
 -2.03716531e-02  5.83945811e-02 -1.34233823e-02  1.26622496e-02
  1.48928650e-02  3.13037932e-02  5.46811223e-02 -1.63619984e-02
 -3.31722833e-02  6.31720619e-03  9.78127196e-02 -7.98416287e-02
 -1.80702880e-02  3.10990750e-03  1.85770802e-02  1.90774780e-02
 -6.96953908e-02 -6.57246560e-02 -4.29606549e-02 -2.73103863e-02
  1.72636248e-02 -2.81378757e-02  5.80791123e-02  5.23009636e-02
 -1.06137685e-01 -5.94621226e-02 -7.29924664e-02 -4.20195796e-02
  2.51629557e-02  4.49703112e-02 -7.76729500e-03  6.41913414e-02
 -2.19746400e-02  3.18101011e-02  4.58860919e-02 -4.33069561e-03
 -3.17378156e-02  6.29657805e-02  2.24601924e-02 -3.03828262e-33
 -3.55197936e-02  3.94510478e-02 -5.74186146e-02  7.71872774e-02
  7.05795269e-03  4.70994525e-02 -1.77743919e-02  6.67695180e-02
 -7.74595095e-03 -3.11103687e-02 -3.25615183e-02  4.85920943e-02
 -1.63989644e-02  8.05195719e-02  1.42425951e-02 -4.14961280e-04
 -5.39298765e-02 -2.87000109e-02 -2.50127376e-03  1.95273980e-02
 -7.08967671e-02 -8.96771625e-02 -4.88828197e-02  7.80902663e-03
  1.68712977e-02  2.56475843e-02 -4.57502306e-02 -5.17887585e-02
  2.35827602e-02 -9.21101421e-02 -2.28865724e-02 -1.53754866e-02
  5.25985844e-02  4.34883274e-02 -4.45442423e-02  7.21697211e-02
  8.97026137e-02 -8.34055617e-02  4.51528244e-02 -7.61669353e-02
  7.24920779e-02  7.81916603e-02 -8.61047357e-02 -2.08211020e-02
  4.79772203e-02  4.66820523e-02  2.07469072e-02  6.52975664e-02
  8.97741839e-02 -6.89816996e-02  4.19053547e-02  1.04618212e-02
 -2.05827616e-02  4.96336445e-02  1.96712581e-03 -6.79603592e-02
 -2.10877042e-02 -5.53673767e-02 -5.30132242e-02 -7.94133246e-02
 -4.02841298e-03  4.91003208e-02  5.55080071e-04  8.74660015e-02
 -5.31576611e-02 -9.74983722e-02  1.99376494e-02 -2.90331617e-02
 -2.80557610e-02 -7.04771802e-02  3.23373601e-02 -1.05280802e-02
 -1.08673677e-01  2.02891212e-02  1.62178632e-02 -2.24409048e-02
  2.96914857e-02  5.05946390e-02  3.78559716e-02  3.87512110e-02
  4.05239537e-02  7.69419456e-03  2.70406879e-03  1.62888728e-02
 -5.83856851e-02  1.83488987e-02  3.96811999e-02 -6.82202727e-02
  1.26222083e-02  4.21468690e-02 -7.51129687e-02 -5.91161139e-02
  2.39621215e-02 -5.65565377e-02 -2.59368531e-02 -3.12925117e-08
  1.37155548e-01 -2.49427538e-02  1.49321565e-02 -5.77794164e-02
  4.52164514e-03  5.17929159e-02 -3.05517111e-02  9.89625677e-02
  1.77475084e-02  6.62688017e-02  1.08679151e-02  6.15333915e-02
 -7.19425902e-02 -1.72917694e-02 -3.12560163e-02 -6.15169201e-03
  1.73778757e-02  3.60425264e-02  2.76778266e-02 -4.19546152e-04
 -6.47833049e-02  1.50578646e-02 -2.30334396e-03 -8.91666859e-02
  3.67044881e-02  6.40860721e-02  5.56461476e-02 -6.76584840e-02
 -1.28951192e-01 -2.06598621e-02 -1.45043060e-01 -5.76752350e-02
 -2.23161206e-02 -1.68846641e-02 -2.73733167e-03 -2.89591961e-02
  1.06803559e-01 -6.50511757e-02 -3.72015522e-03  2.08938345e-02
  1.28491521e-02 -9.58053023e-02  6.07222924e-03 -7.54062980e-02
  5.58993332e-02  7.66796013e-03  3.37573420e-03 -5.45424074e-02
 -5.40273264e-02 -9.54255909e-02  7.78898671e-02 -3.29690501e-02
  3.09056882e-02 -4.37801816e-02 -9.26918089e-02  2.89954655e-02
 -2.84660105e-02 -2.30530817e-02  1.08247306e-02  3.15795245e-04
  8.12454224e-02  9.39259131e-04 -2.56141778e-02  3.76511365e-02]"
How long does Ebola last?,"The length of the disease varies, but it typically lasts from 6 to 16 days after the onset of symptoms, depending on whether the patient recovers or succumbs to the virus.","Ebola typically lasts 6 to 16 days post symptom onset, with outcomes varying from recovery to death.","How long does Ebola last? The length of the disease varies, but it typically lasts from 6 to 16 days after the onset of symptoms, depending on whether the patient recovers or succumbs to the virus.","[ 6.55002594e-02 -1.44519638e-02  7.10192844e-02 -3.21070962e-02
  7.18705952e-02 -4.15115468e-02 -8.87725055e-02  6.99582249e-02
  1.52574200e-03 -2.22117477e-03  1.18783126e-02  8.40835497e-02
  8.05457383e-02  4.50098217e-02 -1.16698015e-02  2.79604755e-02
 -3.07681933e-02 -1.29844248e-01 -2.30422262e-02  8.59360676e-03
  3.82416509e-02 -4.14101519e-02  3.02672177e-03 -4.37673144e-02
 -8.32547471e-02  8.73259902e-02  3.70909683e-02  6.76626759e-03
 -2.77214907e-02 -3.48964892e-02 -2.81805545e-02 -6.11795373e-02
  3.35344858e-02  6.57433495e-02 -2.85624061e-02 -6.36046231e-02
  2.02424899e-02 -2.75815167e-02  1.58681907e-02 -5.28053381e-02
 -5.45878075e-02 -1.32331895e-02  2.78843455e-02  7.57234311e-03
  7.11779073e-02 -1.32682528e-02  1.67844947e-02  7.64032733e-03
  2.66759843e-02  4.25632000e-02  5.74327335e-02  6.53899973e-03
  1.71618834e-02  5.01964688e-02 -8.63567274e-03  8.29419866e-03
 -2.24497840e-02  2.78667025e-02 -4.74437587e-02  8.20078980e-03
  1.94168091e-02  8.31497759e-02  1.11142239e-02 -2.60161608e-02
 -6.50200844e-02 -4.92640547e-02  2.49694306e-02  4.35307249e-03
 -8.33849423e-03  1.32344559e-01 -5.95040321e-02 -2.63853054e-02
 -6.89373240e-02  7.87645727e-02 -1.59180984e-02  2.59051602e-02
  8.36519003e-02  1.83606297e-02  4.69631603e-04  4.68572490e-02
  1.74390466e-03  3.45574506e-02  7.73942620e-02  3.88531620e-03
  1.07841298e-03 -3.11940890e-02  1.52448472e-02  6.53355271e-02
  6.70082076e-03 -5.59029579e-02 -6.57247263e-04 -2.92371456e-02
 -3.59695330e-02  4.58466187e-02  5.96333258e-02 -7.64995888e-02
 -3.39089110e-02  9.30214226e-02 -1.83165260e-02 -1.40611501e-02
 -1.64107710e-01 -6.77706823e-02 -8.80814716e-03  2.46325303e-02
  4.14231755e-02 -7.41143059e-03 -4.57387865e-02  6.51494637e-02
 -2.50544101e-02 -1.50605254e-02 -2.60020532e-02 -1.16789220e-02
 -4.17945581e-03 -6.95354119e-03  6.49594143e-02  3.49490494e-02
 -7.90939778e-02  4.53054532e-03  3.08476724e-02  1.15220016e-02
  1.50244400e-01 -5.61342873e-02 -1.19857406e-02  7.71958567e-03
  5.26799858e-02  8.50860104e-02  1.20908976e-01 -3.49759454e-33
 -6.56104311e-02 -4.27409075e-02  2.15828568e-02 -3.46417092e-02
  1.33170737e-02  1.83206494e-03  3.81787278e-04  4.71998788e-02
 -5.13208238e-03  4.59628552e-03  1.95009471e-03 -5.53596951e-03
  2.86689680e-02  1.12853669e-01 -3.88423055e-02  2.50946768e-02
  1.00988612e-01 -1.98166743e-02 -8.70124996e-02 -1.74834356e-02
  6.72761649e-02 -8.79099816e-02  2.98304968e-02  1.48266796e-02
  5.86399548e-02 -2.85661928e-02 -2.52292082e-02  3.61767560e-02
 -6.13506418e-03 -3.15344334e-02  4.75515053e-03  9.19259563e-02
 -3.75130922e-02 -4.77595814e-03 -6.64850175e-02  1.00052021e-02
  8.47978145e-02  5.60879782e-02  1.27787873e-01 -3.92790847e-02
  9.22242478e-02  7.26365522e-02  3.16317119e-02 -1.68322660e-02
  1.08400192e-02 -3.36551592e-02 -2.94424240e-02  5.49273659e-03
 -3.82893160e-02 -2.82745883e-02  6.66797161e-02 -2.63200346e-02
  4.07184549e-02 -3.48403268e-02  8.48634355e-03  5.39717544e-03
  5.33164665e-03  2.80154608e-02 -1.64458118e-02 -4.52016518e-02
  1.00038506e-01 -2.52449084e-02  2.14121379e-02  1.49054208e-03
 -1.74401943e-02  5.45706600e-02  9.43337530e-02 -7.89375417e-03
 -4.80323918e-02 -2.62464173e-02  4.72058579e-02  3.19574066e-02
 -6.02535419e-02 -3.49474661e-02 -2.81658117e-02 -1.02466233e-01
 -1.91655084e-02 -6.95619732e-02  2.05824133e-02  4.14908789e-02
 -5.44538051e-02 -9.13434625e-02 -4.49513681e-02  1.00595653e-02
  5.86670358e-03 -1.91004132e-03  1.72161385e-02 -1.14227533e-02
 -5.66362515e-02 -1.77775789e-02 -2.89436411e-02  2.69521028e-02
 -2.04731505e-02  5.34516945e-02  4.87353988e-02 -5.07865171e-34
  4.82083783e-02  1.80001315e-02 -5.89684322e-02 -6.66086888e-03
  4.58420776e-02  8.94020274e-02 -5.75847998e-02  1.49089709e-01
 -5.50999679e-02 -5.25085442e-02 -9.59193334e-03 -7.60483295e-02
 -1.73500441e-02  1.11843171e-02 -3.11828824e-03  4.07372303e-02
 -1.32483942e-02 -7.86636397e-02  3.86049561e-02 -1.42754521e-02
  3.47670098e-03 -9.04100090e-02 -3.87195423e-02 -1.14881240e-01
 -1.18251815e-02 -3.32690333e-03  3.33620273e-02 -3.39082293e-02
 -2.42192950e-02 -9.16710719e-02 -7.88467601e-02 -2.85325442e-02
  2.16087326e-03 -3.88941392e-02 -3.07028983e-02  3.89774926e-02
  4.20437865e-02 -4.33061980e-02  7.59422854e-02 -2.27609798e-02
  3.24546807e-02  3.01502198e-02 -3.81854270e-03 -3.32006998e-02
  3.56319472e-02  1.06009908e-01  1.98265333e-02  3.98951322e-02
  8.91759396e-02 -5.31395487e-02  8.61670226e-02 -8.28031451e-03
  9.34631564e-03 -5.80129810e-02 -1.91619201e-03 -3.07220481e-02
 -6.83675259e-02 -5.92608117e-02 -8.30749422e-02 -7.69641176e-02
 -7.39072189e-02 -6.09113239e-02 -6.01264872e-02  4.40716296e-02
 -5.43633811e-02 -7.01045524e-03  5.23071736e-02  1.87599845e-02
  4.22152244e-02 -8.03981796e-02 -2.35597342e-02 -1.76625215e-02
 -1.11227088e-01  4.70796339e-02 -5.52156661e-03  3.72828841e-02
 -7.46093988e-02  3.30659607e-03  3.36798877e-02  6.79270783e-03
 -6.00692853e-02 -1.16677396e-02  5.10792546e-02 -7.22882301e-02
  2.35915538e-02  5.88392327e-03  1.18757142e-02 -1.58251915e-02
  3.88095081e-02  5.96911311e-02  7.75935501e-02 -1.03626966e-01
  2.64279936e-02 -5.15747033e-02 -4.17639352e-02 -2.79062267e-08
  1.40408099e-01 -3.21804881e-02  7.06149614e-04 -2.03007217e-02
  2.76642069e-02  8.06382373e-02  1.97273660e-02  1.94782335e-02
  5.08747846e-02  3.49390917e-02  3.64149846e-02  4.74928208e-02
 -3.00400872e-02  1.23282848e-02 -3.17803286e-02  3.96998972e-02
  2.48846412e-03 -4.54045087e-02  2.73151714e-02 -5.36934379e-03
 -9.34927911e-02 -2.87148077e-02 -3.94864269e-02 -5.69981709e-02
 -3.02693713e-03  4.80584092e-02  1.30266929e-02 -5.97898960e-02
 -1.20318100e-01 -3.69424792e-03 -9.65796486e-02  3.76601927e-02
 -1.04373723e-01 -1.49122635e-02 -4.16894667e-02 -5.78991659e-02
  9.09425020e-02 -8.18744898e-02 -4.48907173e-04  3.41182537e-02
  2.59263515e-02 -2.23246999e-02 -5.74852228e-02 -6.66327178e-02
  5.03587611e-02 -2.96644885e-02  1.12937056e-02 -4.79243509e-02
 -2.21084151e-02 -1.04103029e-01  8.66014957e-02 -6.43901061e-03
 -9.70488880e-03 -2.54352521e-02 -4.33216728e-02  1.17387008e-02
 -6.92646876e-02 -1.50428824e-02  3.95355858e-02 -9.09395069e-02
 -1.03297792e-02  1.19314296e-02 -6.93080872e-02  3.01117282e-02]"
Can Ebola reoccur in a person?,"Once a person recovers from EVD, they can no longer spread the virus. However, the virus can persist in certain bodily fluids, like semen, and in rare cases, may cause later complications or even relapse.","Recovered Ebola patients can't spread the virus, but it can persist in bodily fluids and potentially relapse.","Can Ebola reoccur in a person? Once a person recovers from EVD, they can no longer spread the virus. However, the virus can persist in certain bodily fluids, like semen, and in rare cases, may cause later complications or even relapse.","[ 2.32637115e-02  1.03018312e-02 -2.39117090e-02 -7.28016905e-03
  3.35982777e-02  8.67099036e-04  1.64234266e-02  3.09139937e-02
 -7.99338706e-03  3.24188955e-02  4.01053466e-02  1.01974368e-01
  1.76959448e-02  6.53018057e-02  2.12386157e-03 -6.43694177e-02
  1.76115595e-02  2.04183497e-02 -1.02630882e-02  5.50433584e-02
 -9.63457953e-03  1.37533934e-03 -4.17821072e-02 -7.88086280e-02
 -2.65807547e-02 -1.24378195e-02  2.39769043e-03  1.08575366e-01
 -3.37091684e-02 -3.40375304e-02  3.50413434e-02 -7.51263574e-02
 -9.29162502e-02 -3.57561596e-02 -2.42530089e-02 -2.56933607e-02
  2.72850338e-02  1.09232161e-02  3.43110114e-02  1.43202068e-02
 -4.08196561e-02 -3.10770962e-02  1.33354245e-02 -3.56379226e-02
  4.35735621e-02 -2.33391672e-02  1.04305977e-02  3.39484848e-02
  2.36089714e-02 -2.69805100e-02  1.17148004e-01 -1.65836643e-02
 -2.83234157e-02  7.62590542e-02  1.58810243e-02 -4.29453049e-03
 -1.96416117e-02 -5.61205717e-03  1.03705656e-02  3.64322253e-02
 -3.42589221e-03  7.36168399e-02  8.58725458e-02  3.31944078e-02
 -7.02907844e-03 -5.26002757e-02  1.23225932e-03  6.61958707e-03
  4.03275937e-02  7.06677064e-02  9.75147635e-02 -4.54596765e-02
 -4.69537638e-02  3.44201103e-02  5.61450236e-02  6.26305267e-02
  3.87396403e-02 -1.82529092e-02 -1.78373102e-02  1.16827354e-01
 -1.85247734e-02 -9.56700929e-03  4.75774556e-02 -3.52372825e-02
 -3.35393697e-02 -5.19483648e-02  2.75987145e-02 -4.52769436e-02
  1.14252400e-02  2.00514719e-02  3.68115935e-03 -4.26789038e-02
  7.12927133e-02 -2.57076826e-02  2.17584129e-02 -5.91958798e-02
 -1.68011058e-02 -1.47857645e-03 -4.05017249e-02 -3.85355242e-02
 -1.80281326e-01 -2.72207893e-02  2.75044180e-02  6.21739635e-03
 -2.35748664e-02 -1.94026623e-02 -2.09083874e-02  1.79972835e-02
  2.47367192e-02 -2.17514690e-02 -5.25777973e-02 -1.84769817e-02
  3.12698819e-02  2.47281175e-02  9.33226347e-02  4.66844998e-02
 -1.14294454e-01 -6.05832711e-02 -6.10241927e-02 -1.89831145e-02
  3.86012048e-02 -4.72048000e-02  3.15155201e-02  1.39948342e-03
  1.33478731e-01 -4.87512238e-02  1.03716023e-01 -1.85807802e-33
 -3.39038894e-02 -5.59852570e-02  3.30976620e-02  3.73780057e-02
  4.15746495e-02  1.10817872e-01  8.35851114e-03  4.55122367e-02
  5.72155267e-02 -9.00253206e-02  1.06863538e-02 -1.67341549e-02
  7.08169490e-02  1.33724347e-01 -5.64122461e-02  4.30972464e-02
  2.12492775e-02 -3.25850658e-02 -1.10583514e-01  8.58617425e-02
  6.46386743e-02 -5.51191531e-02  2.87258122e-02 -1.73097700e-02
 -1.34647703e-02  1.59845746e-03 -6.13029972e-02  3.16683650e-02
  7.28357881e-02 -8.90569761e-03 -2.53555775e-02  1.03470258e-01
 -2.91694496e-02  2.66484208e-02 -5.62906936e-02  1.11385211e-01
  4.91237193e-02  7.46501237e-02  2.53404360e-02 -4.25869860e-02
  6.99741617e-02  6.76898211e-02 -1.35295922e-02 -3.44149093e-03
 -2.17124466e-02 -8.43696296e-02  1.44367870e-02 -5.49435429e-02
 -9.73642841e-02 -7.06890970e-02  4.65472639e-02  5.02829291e-02
 -1.48131407e-03 -3.76904532e-02 -1.27264410e-02 -4.50446606e-02
 -2.68116333e-02  4.87983711e-02  1.37541024e-02  9.00354329e-03
  3.03045213e-02  5.18518426e-02  5.94323408e-03  5.56441359e-02
 -1.67315565e-02 -3.87751758e-02  1.16697751e-01 -8.39750990e-02
 -4.58428338e-02  8.83875787e-03 -1.00279786e-02  2.07160115e-02
 -4.42059003e-02 -6.79349303e-02 -1.76943298e-02 -4.80504632e-02
 -4.10818793e-02 -1.32922875e-02  4.94938567e-02 -1.91599056e-02
 -5.67173846e-02 -1.18016355e-01  1.49529492e-02  1.33747049e-03
  1.57786496e-02  5.53392842e-02 -7.44258091e-02  2.58046500e-02
  9.99643002e-04 -9.96851362e-03  7.80390799e-02  1.43242916e-02
 -6.30896538e-03  1.65075976e-02  1.65897030e-02 -1.91670819e-33
 -3.40700559e-02  3.47653753e-03 -6.18079826e-02 -4.56596166e-02
  1.85952950e-02  9.97599214e-02  3.39415260e-02  9.56876054e-02
 -7.82944784e-02 -8.02249312e-02 -8.36534053e-02 -6.90274462e-02
  3.35728079e-02  3.84750105e-02  1.45575022e-02  2.26383619e-02
 -8.53002593e-02  1.47681125e-03 -2.95860004e-02  1.58443162e-03
 -6.03546388e-02 -1.04462191e-01  9.26551372e-02 -8.19463879e-02
  4.76749875e-02  1.83854867e-02 -1.61903445e-02  9.06511908e-04
 -1.73251182e-02 -8.43956918e-02 -1.55819654e-02 -2.72413343e-03
 -3.83774713e-02  3.35292816e-02 -1.39476061e-02  2.90543437e-02
  5.47329988e-03 -8.88105482e-02  5.72403781e-02 -2.85647549e-02
  8.15160051e-02  9.53271911e-02 -4.87542562e-02  1.69194862e-02
  1.18768718e-02  1.22924738e-01  2.36802138e-02  6.81100860e-02
  9.81995687e-02  2.60273851e-02  2.44670454e-02 -8.57591536e-03
 -5.63517399e-03 -2.77735256e-02  1.29121691e-02 -5.02634458e-02
 -5.67379268e-03 -7.80147314e-02 -9.03146043e-02 -2.63775438e-02
 -7.23337159e-02  1.45311207e-02 -3.46643850e-02  2.23156121e-02
  2.67119780e-02 -5.87278977e-02  3.25643495e-02  2.67179478e-02
 -1.65116061e-02 -9.38803181e-02  7.97401071e-02 -8.84817541e-02
 -7.28511289e-02 -2.99196541e-02 -6.73865201e-04 -5.36521226e-02
 -4.97609451e-02 -7.14014983e-03  4.56684362e-03 -2.95654647e-02
 -4.00289074e-02 -3.07542761e-03  4.60969731e-02  1.82133121e-03
  8.92618597e-02 -3.94912297e-03  1.11300619e-02 -2.57291254e-02
  2.17311736e-02  3.96657623e-02  5.52509818e-03 -4.08346467e-02
  7.56707788e-02 -3.97334844e-02  2.24632509e-02 -3.39599957e-08
  5.17263971e-02 -4.09023464e-02  5.48060499e-02  2.63086837e-02
  4.19926494e-02  2.23190766e-02  8.50091875e-03  1.61176287e-02
  5.70697822e-02  9.70134512e-02 -2.72866413e-02  4.26541194e-02
  1.12991054e-02 -1.34556107e-02  2.94826599e-03  4.91494760e-02
  6.74710795e-02 -3.64676192e-02 -2.38164086e-02 -4.72204946e-02
 -5.05798757e-02 -5.50679043e-02  1.41930245e-02  5.70105501e-02
 -1.41254393e-02  2.15875432e-02  1.18428282e-02 -4.96390983e-02
 -1.04152091e-01 -4.23397161e-02 -1.39968395e-01 -5.75281605e-02
  3.72218923e-03  1.05319554e-02 -4.27506380e-02 -7.25258440e-02
  1.23806551e-01 -2.21475549e-02  3.31293745e-03 -9.85210314e-02
  4.69175577e-02 -5.82780875e-02  1.81819983e-02 -1.32071208e-02
 -2.76480652e-02 -7.63986334e-02 -2.77228411e-02 -1.02785036e-01
 -2.23196615e-02 -8.41216221e-02 -7.94930942e-03 -1.71668679e-02
  2.22547129e-02 -6.76166713e-02 -5.36919013e-02  1.16358157e-02
 -6.27691448e-02  3.03202551e-02  5.60347028e-02 -5.45166321e-02
 -3.48496949e-03  4.24616747e-02  1.93033309e-03 -1.57798100e-02]"
What are the complications of Ebola?,"Survivors of Ebola can experience post-viral complications such as joint and muscle pain, eye problems including cataracts, and neurological problems.","Ebola survivors may suffer from joint pain, eye issues, and neurological complications.","What are the complications of Ebola? Survivors of Ebola can experience post-viral complications such as joint and muscle pain, eye problems including cataracts, and neurological problems.","[ 8.86954814e-02  3.95842083e-02  5.48746251e-02  3.12141632e-03
 -7.45859835e-03  4.89734672e-02 -3.75632010e-02  8.90840068e-02
 -6.61332607e-02  7.81993344e-02  1.96167435e-02  3.51913162e-02
  7.64403790e-02  2.34468896e-02 -1.02920961e-02 -7.77389333e-02
 -1.78800225e-02 -4.60726991e-02 -6.94185570e-02  3.78314406e-02
  2.69636847e-02 -7.03477766e-04 -5.58088981e-02  7.65441405e-03
 -9.09784660e-02  2.76850555e-02  2.82386411e-02  3.11196428e-02
 -3.10723465e-02 -5.89900240e-02 -1.09194897e-01 -5.28149493e-02
 -4.53373231e-02 -2.91638989e-02 -2.81053837e-02 -6.34202287e-02
 -3.89920175e-02  1.80466119e-02  1.92610957e-02 -6.00169115e-02
 -4.51196283e-02 -6.23754449e-02 -3.96855921e-03  7.48746679e-05
  5.16421199e-02 -3.51104364e-02  1.00127351e-03  5.75755350e-03
 -1.09798345e-03  1.85909458e-02  2.40836889e-02 -2.89695505e-02
  2.09858385e-03 -4.53089643e-03 -1.82070788e-02 -1.03403285e-01
 -6.07496463e-02 -5.94231151e-02 -4.88188788e-02  1.70911383e-02
  3.95834781e-02  8.30992404e-03 -9.18236002e-03 -1.74283534e-02
 -2.50585247e-02 -6.88927844e-02  4.29268628e-02 -5.39220236e-02
  6.55891076e-02  8.99892598e-02 -1.28043154e-02 -6.46503940e-02
 -7.07401708e-02  1.03561264e-02  2.57974141e-03  1.13855861e-02
  1.30338386e-01 -6.55734539e-03 -2.57022958e-03  9.67041031e-02
  5.78698739e-02  1.61078610e-02  3.55936699e-02  3.37718278e-02
  1.54751521e-02  7.77640706e-03 -2.15279944e-02  3.49708088e-03
 -5.01193292e-02 -1.00406883e-02 -7.12909400e-02 -7.37557784e-02
  5.56689762e-02  3.92210633e-02  4.23658229e-02 -1.68261547e-02
 -3.32895927e-02 -6.88031875e-03 -1.75410323e-02 -5.31955622e-02
 -3.95926274e-02 -6.85364055e-03  9.01283622e-02  5.68359457e-02
  2.98158191e-02  3.01425532e-02 -1.12876398e-02 -4.06567082e-02
  2.95953378e-02 -6.33333111e-03  3.49069163e-02  3.49108577e-02
 -2.99961884e-02 -2.15479452e-02  4.74740341e-02  6.09917603e-02
 -3.45929116e-02 -1.20240919e-01 -5.77241136e-03 -2.80899759e-02
  8.66823345e-02 -5.09344116e-02  3.24077234e-02  1.77578591e-02
  2.29566302e-02 -4.13471609e-02  1.70544535e-02 -2.83676321e-33
  1.96968373e-02 -4.48821075e-02 -4.36073057e-02 -6.25818910e-04
  8.13930333e-02 -2.37981509e-02 -1.22521101e-02  3.31631079e-02
 -4.34343070e-02 -3.70720513e-02  2.06701085e-02 -5.28216735e-02
  8.39664713e-02  4.42106202e-02 -1.97046045e-02  4.98275608e-02
  3.03832497e-02  4.30780165e-02 -5.42742647e-02  1.12955958e-01
  6.34132326e-02 -1.01229094e-01  3.47521454e-02  9.31254104e-02
  3.86428051e-02  1.82522517e-02 -3.24426591e-02 -2.03935951e-02
  1.67582271e-04 -6.84748869e-03 -1.05644211e-01  3.85534987e-02
  4.26050462e-02 -3.61597491e-03 -4.44550663e-02  1.04185045e-01
 -1.82276685e-03  5.90100437e-02  8.88180453e-03 -7.61225005e-04
  2.27370299e-02  6.35845289e-02  2.15000492e-02  3.32432613e-02
  3.57102007e-02 -3.15208100e-02  7.86074400e-02 -1.42148985e-02
 -7.74130300e-02 -5.13190366e-02  8.28024757e-04 -7.38673285e-03
 -1.72834296e-03  5.32246102e-03  3.48991342e-02  4.99673598e-02
  2.55622156e-02  1.70443533e-03 -7.37178279e-03 -1.72971860e-02
  6.42509982e-02 -1.99078508e-02  1.59279089e-02  6.60993457e-02
 -5.84925748e-02 -3.52612324e-02  9.98898372e-02 -3.54092568e-02
 -5.90885952e-02 -1.51956175e-02 -8.13362524e-02 -2.46632230e-02
 -3.89913842e-02 -5.17708110e-03 -1.26851033e-02  4.06800024e-02
 -1.01663545e-01 -6.63511604e-02  6.68288171e-02  1.20609803e-02
  1.02561051e-02 -4.14688326e-02  4.14413810e-02  4.04686201e-03
 -1.39971254e-02  8.69256258e-02  1.84814967e-02  7.58393714e-03
 -5.62786125e-02 -4.90023009e-02  5.78438789e-02  6.81699216e-02
 -2.26895586e-02  4.40383330e-02  2.32538804e-02 -1.89663607e-33
 -5.03397174e-02  2.04895250e-02 -1.00874566e-01 -8.65306035e-02
 -3.04340236e-02  8.57572556e-02  3.21118673e-03  5.26944250e-02
  4.15476970e-02 -1.09481752e-01 -1.21647820e-01 -6.26524016e-02
 -1.02020748e-01 -1.55505659e-02 -8.36748779e-02 -1.55116040e-02
 -1.00375198e-01  3.23616043e-02  3.73510048e-02  7.35769197e-02
  1.94906222e-03 -3.00779901e-02 -1.95926651e-02 -1.04965918e-01
  1.56594235e-02  4.76150922e-02 -1.06648840e-02 -6.10958599e-02
 -4.80373986e-02 -4.99208979e-02  5.72845601e-02  3.93761732e-02
  5.36834039e-02  1.88025006e-03  9.85569204e-04  1.24615289e-01
 -1.76906306e-02 -5.49159609e-02  5.37007377e-02 -4.07701405e-03
  1.27018616e-01  7.90291280e-02  7.08002150e-02 -1.33056873e-02
  4.70094234e-02  9.46824104e-02 -2.16545947e-02  2.83725472e-04
  6.76268898e-03  2.31168158e-02  5.91493472e-02 -2.82656010e-02
 -8.88748188e-03 -5.18367114e-03 -3.25733982e-02 -3.87649424e-02
 -5.27667925e-02 -4.60581258e-02  5.43406382e-02 -3.58447880e-02
 -2.59243734e-02 -2.95567233e-02 -2.55630519e-02 -1.53758097e-02
  4.34150174e-03 -6.67177513e-02 -3.24435707e-04 -4.47697239e-03
  5.35015576e-02 -4.73025367e-02 -8.63836706e-03 -1.08989574e-01
 -1.20471142e-01  1.88255738e-02  5.42912595e-02 -4.57085297e-03
 -1.04160666e-01  1.06347345e-01  5.15522659e-02  6.66757971e-02
  4.70949672e-02 -9.09842725e-04  1.06442392e-01  3.62195037e-02
 -8.62616487e-03  4.91633564e-02  8.85642320e-02 -1.99954677e-02
 -4.24402300e-03 -4.06983308e-02 -1.80475302e-02 -6.44615442e-02
 -2.38076653e-02 -3.24130058e-02  6.27578143e-03 -2.95126181e-08
  5.10736592e-02 -5.97783774e-02 -4.39236350e-02 -2.36753980e-03
 -8.50886405e-02  2.77701672e-02 -4.41323267e-03  7.95883760e-02
  1.21899340e-02  1.25959620e-01 -6.69638887e-02  4.60857712e-02
 -2.35470813e-02  3.14567424e-02 -2.86181364e-02  8.71715546e-02
  7.71467993e-03  2.49771848e-02 -1.75412640e-03 -5.15286997e-02
 -9.74211767e-02 -1.49411301e-03  3.59634496e-02 -2.15993840e-02
  3.88939120e-02  3.78412195e-02 -3.44364308e-02  1.04910256e-02
 -1.25102326e-01  1.59990918e-02 -9.22343135e-02 -2.07580850e-02
 -2.56801601e-02  3.15727107e-02 -7.30432719e-02 -2.95063220e-02
  8.97679701e-02 -6.47769794e-02  3.67706344e-02 -1.99026819e-02
  3.17011736e-02  1.62151698e-02 -6.19330863e-03  2.78422348e-02
  3.99367092e-03 -8.79144296e-02  3.71450074e-02 -5.18411547e-02
 -4.76192348e-02 -1.28004670e-01  2.13456955e-02  1.46845225e-02
  3.11094858e-02 -8.39893706e-03 -7.91724473e-02  2.61880551e-03
 -7.00077275e-03  2.57767830e-02  9.54383016e-02 -3.55844088e-02
  3.97399627e-02  2.13829949e-02 -4.95662168e-02 -9.75660980e-03]"
How do you test for Ebola?,"Ebola is diagnosed by various tests, including antigen-capture enzyme-linked immunosorbent assay (ELISA), serum neutralization test, reverse transcriptase polymerase chain reaction (RT-PCR) assay, electron microscopy, and virus isolation by cell culture.","Ebola diagnosis involves tests like ELISA, RT-PCR, electron microscopy, and virus isolation.","How do you test for Ebola? Ebola is diagnosed by various tests, including antigen-capture enzyme-linked immunosorbent assay (ELISA), serum neutralization test, reverse transcriptase polymerase chain reaction (RT-PCR) assay, electron microscopy, and virus isolation by cell culture.","[ 6.58836812e-02  1.00737158e-02  3.06200124e-02 -2.88136192e-02
  6.52694404e-02 -2.32984759e-02 -7.50848884e-03  5.07840887e-02
 -9.22605582e-03  8.95429701e-02  1.67484768e-02 -5.74059933e-02
  1.35617545e-02  9.70828086e-02 -6.86915591e-02 -7.37276748e-02
 -1.36446096e-02 -7.15767741e-02  3.45778950e-02 -7.72983208e-02
 -1.27340928e-02 -4.12541628e-02  2.49851458e-02 -2.59082392e-02
 -7.97265992e-02  2.75593325e-02 -1.02075431e-02  1.63307339e-02
 -6.01145998e-02 -1.24174580e-02  1.78086087e-02 -5.69931082e-02
 -1.99258868e-02  3.68199088e-02 -1.99036486e-02 -7.85012320e-02
  3.80491950e-02  1.26881720e-02  5.82634434e-02  1.51877115e-02
  1.17353695e-02 -1.02448396e-01  6.53983727e-02 -4.40040678e-02
  5.04072383e-02  1.00811906e-02 -2.15593316e-02  8.39267224e-02
 -1.60198323e-02 -1.94429401e-02  7.30412528e-02 -2.01245416e-02
 -1.84296332e-02  4.87436401e-03 -6.40150085e-02 -4.06974405e-02
  2.26151273e-02 -5.31256162e-02  1.92085281e-02  7.40216067e-03
 -1.14875603e-02  2.17068568e-02  8.17309693e-03  1.89941544e-02
 -4.96845283e-02 -1.90832894e-02  3.80586497e-02  4.10628207e-02
  4.01207730e-02  2.19256803e-02  1.65796839e-03 -3.18728597e-03
 -5.12638642e-03  8.78462717e-02 -1.50372405e-02  3.78103484e-03
  9.68965590e-02  1.36216627e-02  1.74701435e-03  1.18711896e-01
 -3.30962837e-02 -8.42947571e-04  2.37279013e-02  8.55088141e-03
  3.43194194e-02  6.40563369e-02  2.07088031e-02  3.38615738e-02
 -5.40016964e-02 -2.02057399e-02  4.05522138e-02 -4.27585840e-02
 -8.77901986e-02  2.93776039e-02  3.05947065e-02 -3.42941247e-02
 -6.85103890e-03  2.06841193e-02  3.64617109e-02 -1.46123422e-02
 -7.21882805e-02 -9.02475342e-02  6.39778599e-02  1.36481710e-02
 -1.20036239e-02  1.76106337e-02 -3.93010117e-02 -1.74447577e-02
  1.01847395e-01 -3.96090522e-02 -6.47049993e-02  1.50644882e-02
  3.35718840e-02  3.88277918e-02  9.04378816e-02  1.64066087e-02
 -9.52004418e-02 -3.37260626e-02  3.66264209e-03 -3.92247643e-03
  1.11164935e-01 -3.61809097e-02  4.29038405e-02 -2.77663879e-02
  1.30782396e-01  6.95077777e-02  4.91770590e-03  1.03719221e-33
  8.41909926e-03  1.65872760e-02  5.90139963e-02  3.81743233e-03
 -1.13818171e-02  1.81238838e-02  1.81021146e-03  1.01467177e-01
 -2.46481374e-02  2.97621824e-02  4.67999354e-02  1.51601592e-02
  3.36607285e-02  1.16590329e-01 -3.30673233e-02  7.08805472e-02
  1.28053240e-02 -5.37355356e-02 -8.63167718e-02  1.02191456e-01
  4.76096831e-02 -1.04359999e-01  6.16044141e-02 -1.62594747e-02
  2.91032121e-02 -2.33585145e-02 -6.62422702e-02  2.98642553e-03
  3.05618662e-02 -1.39689324e-02 -7.93504491e-02  4.37313132e-02
 -5.04579656e-02  2.14136820e-02 -3.91035192e-02  1.43008037e-02
  2.72590038e-03  5.32227010e-02  9.27747041e-03 -2.82487534e-02
  4.76080365e-02  3.67781078e-03  1.50678167e-02 -1.68110114e-02
  9.75685641e-02 -3.21218334e-02 -8.87079239e-02 -3.22247222e-02
  7.77665153e-03  1.08701708e-02  7.97235444e-02 -3.80677148e-03
 -2.26858165e-02 -6.39274418e-02  1.11023604e-03  5.92093095e-02
 -1.14477649e-02  8.87328479e-03  1.06181270e-02  2.29439512e-02
  6.11082017e-02 -4.49249744e-02 -1.40307546e-02  2.82933898e-02
 -1.07787356e-01 -6.07986515e-03  6.05255254e-02 -7.57936537e-02
  1.25701092e-02  4.45234589e-02 -1.49776507e-02  6.31421432e-03
  9.42031015e-03  1.97223164e-02  1.53618995e-02 -1.24639245e-02
 -8.01547691e-02 -6.40297728e-03  2.98369005e-02 -1.74985472e-02
 -1.17424717e-02 -6.26744628e-02 -1.05807362e-02  4.55728583e-02
 -2.67201085e-02 -2.47068107e-02 -4.00665812e-02  5.08857071e-02
 -3.95326428e-02 -6.53573424e-02 -1.91490129e-02  6.14962988e-02
 -5.75428121e-02  3.35946009e-02  5.95501252e-02 -4.40328319e-33
  5.73069900e-02  1.00190938e-02 -3.37855630e-02  2.71728244e-02
 -3.06651089e-02  5.35856858e-02  1.02187302e-02 -5.03546819e-02
  2.78351754e-02  1.07900314e-02 -4.75422153e-03 -2.01667100e-02
 -4.50682379e-02  2.25447752e-02 -4.65163291e-02  2.07680557e-03
 -8.54124278e-02 -2.25016288e-02  3.21026035e-02  5.41445874e-02
 -6.83240816e-02 -1.40834143e-02  5.27210440e-03 -8.33897144e-02
 -3.82419042e-02 -3.27417515e-02  3.49398442e-02 -1.29222982e-02
  4.39013802e-02 -5.34071624e-02 -5.10022305e-02  3.23722847e-02
  6.15329593e-02  1.70525648e-02  2.16264017e-02  6.24272637e-02
  9.36032683e-02 -8.25748071e-02  9.71514657e-02  3.98845784e-02
  9.00974944e-02  1.38787702e-01 -5.96413352e-02  1.54797146e-02
 -1.47960130e-02  1.32394940e-01 -5.80710871e-03  6.77726641e-02
  6.47747889e-02 -2.21570786e-02  5.32735661e-02 -5.74039109e-03
  5.56982914e-03  7.97663582e-04 -4.47472334e-02  4.49459814e-03
 -8.63575190e-02 -3.71254981e-02 -9.19748247e-02 -1.77202951e-02
 -8.26455802e-02 -1.69842169e-02 -5.16412184e-02  7.88762942e-02
 -9.56493393e-02 -5.90153672e-02  4.42567691e-02  1.81829650e-02
  5.74528193e-03 -2.37326194e-02 -4.91039716e-02 -2.88959574e-02
 -4.23670262e-02  9.42005310e-03  7.05109909e-02 -3.58257443e-02
 -1.35627270e-01 -1.91265263e-03  4.98886667e-02  1.50081338e-02
  9.63005796e-03 -1.05978429e-01  2.11500973e-02 -1.50392461e-03
 -1.99738704e-03  5.11770546e-02  7.33544398e-03 -3.80288325e-02
 -4.28136848e-02 -4.74213110e-03  4.84704599e-02 -1.24042220e-01
 -4.35220683e-03 -5.12171127e-02  7.78642111e-03 -3.96380067e-08
  8.94400328e-02 -1.58041984e-01  4.26148809e-02 -5.04866540e-02
 -8.38001519e-02  6.97132125e-02 -1.84373241e-02  1.23808924e-02
  1.26739210e-02  5.36639355e-02 -5.19020893e-02 -1.20499125e-02
 -1.27100602e-01  2.82237567e-02  5.63129187e-02 -6.82398118e-03
  2.99488027e-02  3.83679606e-02 -3.49767543e-02 -2.54850648e-02
 -8.78590047e-02  3.74286273e-03  2.27865949e-02 -1.55350780e-02
  3.01124845e-02  2.33757552e-02 -9.29945847e-04 -2.51417626e-02
 -8.42783749e-02 -2.49209106e-02 -7.40973651e-02 -2.09083920e-03
 -7.41610155e-02 -6.09658398e-02  1.10669918e-02  3.78056541e-02
  6.30522296e-02 -4.40247096e-02  6.62518367e-02  2.56684143e-02
 -3.11026908e-03 -3.60069647e-02 -7.02971369e-02 -9.96110290e-02
  2.47213487e-02 -3.31451781e-02 -2.11528987e-02 -9.63677615e-02
 -5.38723916e-02 -1.68387830e-01  1.83890630e-02 -1.80007480e-02
  3.20002623e-02 -5.14125936e-02 -8.36138576e-02  8.58237147e-02
 -3.39937322e-02 -1.09238168e-02  3.45157571e-02 -3.80270034e-02
  8.46276432e-02  7.42823705e-02 -1.42792035e-02 -6.31101504e-02]"
Are there vaccines for Ebola?,"Yes, there is an approved vaccine for Ebola, known as rVSV-ZEBOV, which has been used in outbreak control since 2016 with high efficacy.","An effective Ebola vaccine, rVSV-ZEBOV, has been available and used since 2016.","Are there vaccines for Ebola? Yes, there is an approved vaccine for Ebola, known as rVSV-ZEBOV, which has been used in outbreak control since 2016 with high efficacy.","[ 4.30201925e-02  2.52642166e-02  4.82629752e-03 -5.68661839e-02
  4.11064737e-02  4.73389123e-03 -1.97011922e-02  5.37957205e-03
  4.11390420e-03  1.17066331e-01  2.66874991e-02  4.13788818e-02
  6.01414926e-02  6.99703172e-02  4.90106940e-02 -3.83782610e-02
  4.32241894e-02 -6.04200102e-02  1.66784562e-02 -7.65694911e-03
 -4.48461510e-02  3.37640457e-02  6.40056059e-02 -2.38773376e-02
 -9.65815187e-02 -3.37832011e-02 -3.06997746e-02  2.33482439e-02
 -6.63454160e-02 -4.57344130e-02 -1.08851176e-02 -1.01545498e-01
 -6.36174753e-02 -4.87328433e-02 -3.32437977e-02 -1.11154012e-01
  9.92162712e-03  2.50788275e-02  3.45631279e-02  1.47039397e-02
 -3.20795216e-02 -2.53645480e-02 -2.55664345e-02 -1.69156473e-02
  2.94532906e-02  2.36094482e-02 -8.29409622e-03  4.49513495e-02
 -7.02668028e-03 -5.31152934e-02  6.91349134e-02 -5.51345572e-02
  5.58115318e-02  4.57704999e-02  7.94715714e-03 -1.43763006e-01
 -3.17572504e-02 -1.64766461e-02  3.66705284e-02 -2.33809208e-03
 -3.86792570e-02  5.20612821e-02  6.80738874e-03  4.60274890e-02
 -1.25395954e-01  3.77901644e-02 -1.87255349e-02  3.18132229e-02
  1.51466634e-02  4.90651242e-02  3.20744738e-02  2.74791643e-02
  1.80706140e-02  9.34450105e-02  1.68574248e-02  7.31270239e-02
  1.28516778e-01  5.51240519e-02  4.58566137e-02  6.62827343e-02
 -1.36545561e-02 -3.70928384e-02  5.07374033e-02 -4.87098806e-02
  2.90753655e-02  2.12446861e-02 -2.43989881e-02  4.38111685e-02
  4.03520875e-02 -4.99023199e-02  3.71536650e-02 -7.31290281e-02
  4.97580972e-03  5.70010133e-02 -1.30064236e-02 -1.03462905e-01
 -2.46551284e-03  2.09596623e-02 -3.69826891e-02 -2.91769598e-02
 -8.75836685e-02 -7.91991130e-02  5.25251813e-02 -9.51626804e-03
  1.27024744e-02  1.87521297e-02  2.00092886e-02  2.38933023e-02
  2.27737129e-02 -2.02856562e-03 -9.09082964e-02 -2.48509888e-02
 -2.22134721e-02 -5.18798316e-03  2.35913508e-03  4.30927724e-02
 -1.34833334e-02 -9.70531479e-02  2.66201925e-02 -4.64472622e-02
  1.06185377e-01 -2.58546825e-02  7.22620403e-04 -3.16403620e-02
  1.01884134e-01 -1.39684137e-02  7.38884434e-02 -2.16046274e-33
 -3.74955125e-02  4.24095057e-02  5.71856350e-02 -2.99129616e-02
  9.61309951e-03  4.28306684e-02  8.92288517e-03  8.71181935e-02
 -6.06797561e-02 -8.50042105e-02 -2.56308075e-02  4.23011696e-03
  4.43666838e-02  1.30740747e-01  1.71328243e-03  1.61044579e-02
 -1.03547599e-03 -7.37966448e-02 -2.53751408e-02  5.72592244e-02
  5.72643727e-02 -4.48550843e-02  2.51912810e-02 -1.04540801e-02
  3.64080258e-02  3.62004042e-02 -6.71638828e-03  4.44294605e-03
  4.65607420e-02  2.31330786e-02 -6.07458204e-02  1.72216799e-02
 -1.92233175e-02 -6.24759542e-03 -4.59905937e-02  1.34870159e-02
 -2.51331623e-03  3.01405787e-02  2.11370401e-02 -1.89797115e-02
  1.08209789e-01  8.85932893e-02 -5.95035776e-02  2.65117604e-02
  4.63627987e-02 -4.09639850e-02 -6.05768263e-02 -5.84347770e-02
 -4.46572751e-02 -5.60973734e-02  8.02186280e-02 -4.07525105e-03
 -6.88767210e-02 -9.26651880e-02  1.10786678e-02  1.62630621e-02
 -1.82468118e-03  1.08629093e-01  1.79552827e-02 -4.77966741e-02
  5.09883054e-02 -1.37215331e-02 -2.04750020e-02 -8.02102126e-03
 -4.15393338e-02  1.46869076e-02  9.98245031e-02 -4.94148508e-02
 -1.59275047e-02 -2.42717005e-03  2.16228850e-02 -2.80385073e-02
 -2.19844580e-02  1.19986478e-02 -3.34896483e-02 -2.78864447e-02
 -1.65001117e-02 -5.74428774e-02  6.42844886e-02  7.57659450e-02
 -2.36468446e-02 -6.35974258e-02 -4.20054719e-02  5.08374982e-02
 -1.36503519e-03 -4.41627465e-02 -6.91412538e-02  6.46795183e-02
 -3.64971235e-02 -1.49717014e-02 -1.99980363e-02  5.92415333e-02
  7.73010449e-03  2.02363506e-02  3.05407145e-03 -1.62278685e-33
  1.66064836e-02  5.99556565e-02 -3.62430550e-02  4.78543006e-02
  4.37141992e-02  1.09430648e-01  4.33871113e-02 -7.46340379e-02
 -8.08963552e-04 -7.70274103e-02 -3.37467343e-02 -7.80741945e-02
  3.02382465e-02  6.55046524e-03 -1.65792089e-03 -1.50332367e-02
 -8.92699659e-02 -2.14133970e-02 -7.55765289e-03 -7.46638142e-03
 -3.25672925e-02 -5.77695891e-02  7.01281726e-02 -9.96140614e-02
  7.08560720e-02 -1.58328451e-02  1.35912094e-02  6.94317594e-02
 -8.25711340e-03 -3.94563526e-02 -1.28440052e-01  9.56916343e-03
  6.59961924e-02  1.23551730e-02 -5.75045124e-02  5.31910211e-02
  6.44800365e-02 -4.68131378e-02  4.47593927e-02 -3.79095674e-02
  7.82896206e-02  3.68318297e-02 -4.27513458e-02  6.19125850e-02
 -6.27477595e-04  1.23933695e-01  1.14377523e-02  6.37368560e-02
  6.50758073e-02  9.02279746e-03 -3.19658816e-02 -4.20606323e-03
 -7.45089874e-02  1.08391987e-02 -2.29181089e-02 -9.11828876e-03
 -7.09913820e-02 -3.04793268e-02 -1.31754288e-02 -1.52687095e-02
 -5.49107157e-02 -1.92724653e-02 -2.47502346e-02 -1.87807102e-02
  2.49021221e-02 -4.66622273e-03  4.54360992e-02  1.96206644e-02
 -7.89588410e-03 -8.62710774e-02  5.46776056e-02 -3.36598605e-02
 -8.07608292e-02  1.25219468e-02 -1.50779001e-02 -2.72995438e-02
 -1.52838398e-02 -2.08848482e-03  4.02520178e-03  3.31087485e-02
  5.83134219e-02 -5.12320083e-03  6.91995174e-02  5.59894405e-02
  5.96859306e-02  6.09616973e-02 -3.15018483e-02 -5.83321229e-02
 -3.10244914e-02  4.28872630e-02  1.38382260e-02 -9.37295556e-02
  6.45650923e-02  2.58932263e-02 -5.27427718e-02 -2.91732007e-08
  1.84499979e-01 -7.05823600e-02  2.93103606e-02 -1.39516108e-02
 -7.03040659e-02  1.09351380e-02 -4.54339087e-02  7.85240997e-03
 -2.18499801e-03  8.45884755e-02  2.18396075e-02  6.12392686e-02
 -1.08737741e-02 -7.18068285e-03  3.18731926e-02  3.07423435e-03
  4.23749648e-02  3.87517437e-02 -4.33662534e-02 -3.25226374e-02
 -1.74119824e-03  7.34740868e-03 -5.92805725e-03 -2.38073878e-02
  4.95238043e-02 -1.84051134e-02 -8.59542340e-02 -7.33356774e-02
 -5.14841191e-02 -1.17660627e-01 -1.13256112e-01 -3.23651135e-02
  9.64496005e-03 -1.14506848e-01 -2.33263290e-03 -4.00272571e-02
  5.93133382e-02 -1.06675234e-02  4.97474298e-02 -2.98988298e-02
  5.49608320e-02 -1.87754892e-02 -1.04302820e-03 -6.08700439e-02
 -5.37110530e-02  3.26836184e-02 -4.39326279e-02 -6.89815357e-02
 -1.39625417e-02 -9.19706970e-02 -1.13144359e-02 -2.94134486e-02
  7.31862113e-02 -6.61539137e-02 -1.37289107e-01  3.86158787e-02
 -7.91271105e-02 -7.48519748e-02  7.51975700e-02 -7.95523599e-02
  5.18317670e-02 -1.66235436e-02  2.57995687e-02  3.42053212e-02]"
How is Ebola transmitted?,"Ebola is transmitted to people through direct contact with the blood, body fluids, and tissues of infected persons or animals. It can also be spread through contact with objects contaminated with such fluids and through sexual contact.","Ebola spreads through direct contact with bodily fluids of those infected, contaminated objects, and sexual contact.","How is Ebola transmitted? Ebola is transmitted to people through direct contact with the blood, body fluids, and tissues of infected persons or animals. It can also be spread through contact with objects contaminated with such fluids and through sexual contact.","[ 7.08344877e-02  2.20313948e-02  1.52252829e-02 -9.00891889e-03
  2.82261316e-02  1.05641445e-03  6.77453503e-02  4.42219488e-02
  4.28845547e-03  8.53072256e-02  2.19191369e-02 -2.91963406e-02
  2.99415756e-02  4.33216728e-02 -2.06071213e-02 -6.95080385e-02
  1.70400143e-02 -7.51747191e-02 -8.16976950e-02  1.59221310e-02
  6.51080310e-02  5.05501628e-02 -4.03554644e-03 -2.28840504e-02
 -6.34392351e-02  2.47728974e-02  3.36463489e-02 -3.66802402e-02
 -1.00890202e-02  1.34626245e-02 -2.92119756e-02 -5.46872690e-02
 -6.07927479e-02  4.50342484e-02 -1.26666546e-01 -7.04176798e-02
  6.98062256e-02  3.87693616e-03  4.01153229e-02  1.28586199e-02
 -1.15945442e-02 -1.00194067e-01  3.00752185e-02 -2.98009720e-02
  4.84487042e-02  5.29431701e-02  4.43454236e-02  7.15197697e-02
  1.58487894e-02 -3.93950455e-02 -6.99231680e-03  1.48278335e-02
 -9.75362491e-03  1.08776748e-01 -5.87784760e-02 -3.81654687e-02
  8.00675806e-03 -2.86838710e-02 -7.61653529e-04  1.68245882e-02
  9.74957645e-03  5.03950268e-02  1.87985096e-02  1.96072869e-02
 -7.12282956e-02 -8.68866667e-02  2.36298982e-02  9.47097093e-02
  1.05811705e-04  2.85416506e-02  6.98828474e-02  5.91741782e-03
 -3.48824784e-02  3.34092900e-02  8.09019655e-02 -4.39061671e-02
  5.44461682e-02  2.47422680e-02  1.54317624e-03  1.14525266e-01
  2.96106990e-02 -1.95964538e-02  6.32244274e-02 -1.57632716e-02
 -5.00309877e-02  2.17759721e-02  3.09168678e-02  2.81216335e-02
 -4.20898050e-02 -1.21193584e-02 -6.30798340e-02 -1.95309129e-02
 -1.00958878e-02  3.90538536e-02 -4.40149345e-02 -7.18856677e-02
 -1.10619478e-02 -7.64426123e-03  6.73124716e-02 -7.62665179e-03
 -1.31493822e-01 -3.50353569e-02 -2.49646651e-03  5.74685168e-03
 -4.68476154e-02 -6.67291367e-03 -5.13051674e-02  1.08846445e-02
  1.11613106e-02  3.75302397e-02 -3.17228176e-02 -7.96037726e-03
 -5.53289540e-02 -1.30400481e-02  5.95709682e-02  6.09923974e-02
 -7.70465732e-02 -5.67628220e-02 -2.23203399e-03 -8.28956906e-03
  9.31725577e-02 -3.12241632e-02 -1.99234467e-02  2.92114150e-02
  7.23946095e-02 -6.81065321e-02  5.79073541e-02 -2.18013390e-33
 -1.15850037e-02 -1.54192010e-02  5.64817600e-02  2.54187938e-02
 -3.47277671e-02  3.96526121e-02 -4.02179547e-03  3.12919319e-02
  3.38268429e-02  2.05899216e-02  2.95507652e-03 -2.06559282e-02
  5.18968031e-02  1.56729415e-01 -3.82480323e-02  1.84466001e-02
  1.67612173e-02 -6.84284344e-02 -7.66272694e-02  1.20960996e-01
  8.88922364e-02 -5.31137735e-03  3.11877090e-03 -3.10063502e-03
  2.25642677e-02  1.15036061e-02 -1.20980218e-01 -3.61940265e-02
  7.13538975e-02 -2.46450584e-03 -6.43802434e-02  4.29049954e-02
  3.26216891e-02 -5.68722095e-03 -6.30130619e-02  6.94173798e-02
  1.96041949e-02 -1.58582442e-02  3.40629891e-02 -3.31634916e-02
  6.53270856e-02 -2.24716868e-02 -1.94199069e-03  1.55747226e-02
  7.13193640e-02  1.87312160e-02 -5.40154614e-02 -6.12163506e-02
 -4.24404591e-02 -3.90502848e-02  4.71511073e-02 -4.36978787e-02
  2.93765985e-03 -7.60131003e-03 -7.21030356e-03 -1.64967813e-02
  1.43615417e-02  2.08461322e-02 -3.58145013e-02  7.07992539e-02
  2.19541807e-02 -4.71195811e-03  3.87214869e-02  4.06199396e-02
 -2.14099698e-02 -5.29236980e-02  7.44445845e-02 -3.68484780e-02
 -4.22520144e-03 -2.19716281e-02 -6.86328113e-02  6.08508997e-02
 -5.46958260e-02 -5.37879067e-03 -3.82927209e-02 -4.93350476e-02
 -6.16908073e-02 -1.07016312e-02  9.24997553e-02  4.09351252e-02
 -9.88247842e-02 -3.24740894e-02 -8.77675787e-03 -3.41069102e-02
 -8.03743210e-03  6.25536293e-02 -3.67127061e-02  4.32205684e-02
 -6.38845712e-02 -1.05476575e-02  1.60547551e-02 -1.17320255e-04
 -8.21695756e-03  1.72525067e-02  1.03878751e-01 -2.89081997e-33
  4.92567196e-02  4.97864820e-02 -9.23586637e-02  2.98208725e-02
 -1.01018697e-02  7.84088075e-02  1.33607769e-02  3.38546820e-02
  1.31457336e-02  4.69849668e-02 -1.05423950e-01 -4.50290479e-02
  9.65430494e-03 -4.56383266e-03  2.05030944e-03 -3.63692222e-03
  1.96671132e-02  4.45051491e-03 -1.24169961e-02 -5.65439686e-02
 -7.87154287e-02 -4.20775712e-02  2.44991425e-02 -1.19174600e-01
 -1.70017721e-03 -8.72535482e-02 -1.31441979e-03  3.39795724e-02
 -8.25634971e-03  6.29855832e-03 -7.31620789e-02 -1.09134393e-03
  3.46116647e-02 -1.84620582e-02 -4.82704863e-02  9.66451094e-02
  8.63175169e-02 -5.21880388e-02  5.33908792e-02 -6.60215393e-02
  7.63542056e-02  5.41602261e-02 -3.02199386e-02  2.72733029e-02
 -2.58805975e-02  1.55944243e-01 -4.16139029e-02  1.42611442e-02
  1.90159399e-02 -1.15493555e-02  4.62167636e-02 -2.76001170e-04
 -3.89610268e-02 -9.12121087e-02 -2.36141700e-02  4.95617883e-03
 -5.53037822e-02 -3.42528783e-02 -4.08688523e-02 -5.05818203e-02
 -4.46807072e-02 -2.77171880e-02 -7.00497553e-02 -1.26273138e-02
 -3.52193927e-03 -3.29095274e-02  1.78112015e-02  1.59023721e-02
  2.25725621e-02 -3.28310579e-02 -5.21249883e-02 -1.97592173e-02
 -3.41796540e-02  2.06022169e-02  2.62816865e-02 -4.02086712e-02
 -6.59483671e-02 -4.36904980e-03  4.47639003e-02  3.99975404e-02
  4.65509929e-02 -2.35105138e-02  5.57027981e-02  5.12765534e-03
  5.18522002e-02  7.34865759e-03  7.73838088e-02 -6.68505281e-02
 -3.41641083e-02 -1.67968590e-02 -3.76150608e-02 -4.49678600e-02
  3.38531509e-02 -8.71991962e-02 -2.72252914e-02 -3.13287813e-08
  1.06801882e-01 -9.56528410e-02  1.59231126e-02 -5.65380789e-03
  2.10725889e-03  1.35229006e-01 -1.09475131e-05  5.16913757e-02
  5.02278842e-02  8.66775885e-02 -1.38405815e-01  1.64293014e-02
 -1.63210242e-03  2.39851046e-02  3.58549953e-02  5.51466756e-02
  3.14753689e-03 -9.86556262e-02 -2.62056943e-02 -8.23920742e-02
 -4.59555238e-02 -7.12926537e-02  3.62842716e-02  3.02311238e-02
  7.53403306e-02 -3.43369097e-02  1.48949241e-02 -4.50696014e-02
 -5.19851595e-02 -2.18795054e-02 -1.24546289e-01 -6.82459772e-02
 -1.07962146e-01  7.32949302e-02 -4.73381579e-02  5.68966521e-03
  8.86844695e-02 -6.70586824e-02  3.63421850e-02 -3.17950845e-02
  3.78021859e-02 -3.68728228e-02 -4.77466770e-02 -2.61205006e-02
  2.72521302e-02  2.57573221e-02  1.36074815e-02 -7.37379789e-02
 -3.84638868e-02 -7.82336369e-02  4.75522280e-02 -2.78438237e-02
  8.33953470e-02 -5.16415238e-02 -1.32817253e-01 -1.92398962e-03
 -7.33468011e-02  5.74387668e-05  1.26152724e-01 -4.02605049e-02
 -1.55591071e-02  8.66769776e-02  4.88616154e-03  3.00026163e-02]"
What are the symptoms of Ebola?,"The symptoms of Ebola can appear anywhere from 2 to 21 days after exposure to the virus, with an average of 8 to 10 days. Symptoms include fever, severe headache, muscle pain, weakness, fatigue, diarrhea, vomiting, abdominal pain, and unexplained hemorrhage (bleeding or bruising).","Symptoms of Ebola include fever, headaches, muscle pain, and in severe cases, unexplained bleeding, usually appearing 2 to 21 days after exposure to the virus.","What are the symptoms of Ebola? The symptoms of Ebola can appear anywhere from 2 to 21 days after exposure to the virus, with an average of 8 to 10 days. Symptoms include fever, severe headache, muscle pain, weakness, fatigue, diarrhea, vomiting, abdominal pain, and unexplained hemorrhage (bleeding or bruising).","[ 1.08924188e-01 -1.17388014e-02  7.81519860e-02 -1.21233941e-04
  7.71058425e-02 -3.32126766e-02 -4.97166924e-02  4.33183089e-02
 -5.88304654e-04  5.37036210e-02  7.16580683e-03  2.43055774e-03
  9.35621038e-02  4.31095697e-02 -8.42173956e-03 -2.33283322e-02
  6.13578409e-03 -1.13935709e-01 -1.48283700e-02  1.92566831e-02
  6.03943318e-03 -2.78616548e-02 -2.48682909e-02 -3.75178792e-02
 -5.47788069e-02  1.17602274e-01  3.18730585e-02  3.33584510e-02
 -5.68085983e-02 -5.36823571e-02 -4.74624634e-02 -8.30388218e-02
  2.15346813e-02  3.90000567e-02  1.85347740e-02 -6.25412017e-02
  6.26906008e-02 -1.12207010e-02  1.94388889e-02 -3.11101712e-02
 -3.03822346e-02 -1.09582469e-02  4.58149873e-02 -3.63764050e-03
  8.04967880e-02 -6.74367324e-03  2.02490818e-02  5.85438348e-02
  5.38150780e-02  3.32674421e-02  9.50605497e-02 -1.38425326e-03
  2.17327960e-02 -4.32371628e-03 -3.18523794e-02 -7.11506465e-03
 -1.58722866e-02 -2.23978609e-02 -3.46291550e-02 -6.55160658e-03
  1.33191375e-02  5.87150231e-02  4.16501351e-02 -1.83872916e-02
 -7.19230920e-02 -8.59980122e-04  4.78529632e-02  3.86688882e-03
  2.25906838e-02  1.23495594e-01 -2.26990916e-02 -3.80879194e-02
 -7.11930916e-02 -2.34801061e-02 -4.43158951e-03  1.97517686e-02
  9.75685641e-02  1.12099415e-02 -8.78061540e-03  6.03804179e-02
  8.61357152e-03  6.61281794e-02  4.33061831e-02  2.97251530e-02
 -1.35838231e-02 -7.83351064e-03  3.35448310e-02  1.00247622e-01
  2.87740724e-03 -2.51252744e-02  5.95807983e-03 -8.12476128e-02
 -3.45686339e-02  5.74594140e-02  1.00960732e-02 -4.19405364e-02
 -7.11768270e-02  5.08250706e-02 -5.51045313e-02 -6.36310689e-03
 -1.02413282e-01 -3.49859856e-02 -2.04257690e-03  4.67307791e-02
  4.18746062e-02  2.95369420e-02 -1.10636530e-02  4.46920618e-02
 -3.18631679e-02 -4.89010885e-02 -5.51777892e-02 -9.95528512e-03
 -3.10852733e-02 -4.88485256e-03  3.74347568e-02  2.19100900e-02
 -5.13642691e-02 -4.94150184e-02 -2.74349526e-02 -4.01774198e-02
  1.52419552e-01 -6.41811267e-02  2.04752367e-02 -2.14067176e-02
  5.07817753e-02  3.13650481e-02  1.06080845e-02 -2.25468614e-33
 -1.03214225e-02 -1.52593311e-02  2.48109233e-02 -5.30352890e-02
  4.01838608e-02  1.76544173e-03 -3.05531803e-03  5.70102185e-02
 -7.15665519e-03 -2.06008479e-02  1.74359530e-02 -1.28470650e-02
  3.19911093e-02  1.23971425e-01 -6.01619408e-02  1.15866149e-02
  4.97198254e-02 -1.96230784e-02 -3.59998010e-02  4.84404489e-02
  3.28331552e-02 -1.36649266e-01 -1.80113744e-02  5.43467291e-02
  4.76143956e-02  4.45993012e-03 -5.43351322e-02  1.03854081e-02
  2.37914380e-02 -2.40693204e-02 -1.63448565e-02  5.40334471e-02
  9.79367178e-04 -9.50375106e-03 -9.34441686e-02  2.30703447e-02
  6.07183091e-02  6.89279661e-02  1.04931653e-01 -2.58136932e-02
  1.35110691e-01  9.01380554e-02 -2.19940618e-02  6.05228823e-03
  1.54477097e-02 -5.82675915e-03 -6.94111660e-02 -1.09767122e-02
 -1.61896609e-02 -5.63401096e-02  5.13743982e-02  2.68403459e-02
  6.51507080e-02 -4.62698564e-02  1.41152870e-02  4.31295969e-02
  3.10338475e-02  2.35147011e-02 -1.81456306e-03 -2.73114219e-02
  7.04214498e-02 -4.52920189e-03  1.87244255e-03 -9.15392581e-03
 -4.63118739e-02  2.02076193e-02  8.62050131e-02 -2.96708513e-02
 -2.89701261e-02 -1.64359827e-02 -3.05506913e-03  5.45910448e-02
 -4.99667898e-02 -2.48705950e-02 -5.33169582e-02 -6.60013873e-03
 -8.14059153e-02 -8.42321292e-02 -6.36301795e-03  2.16788854e-02
 -3.48272845e-02 -1.18764699e-01  9.27406177e-03  1.22952471e-02
 -1.62500460e-02  2.53528971e-02 -1.98940877e-02  1.26077216e-02
 -4.96341139e-02 -4.13175039e-02 -1.46157984e-02  5.32728583e-02
 -1.27523532e-02  9.94504802e-03 -9.84296482e-03 -1.59686536e-33
  4.59257849e-02  1.16534075e-02 -4.92223762e-02 -9.57431644e-03
  5.82450023e-03  1.09424144e-01 -2.66760681e-02  1.46483496e-01
 -5.10170944e-02 -9.86817479e-03 -2.28196243e-03 -5.36339059e-02
 -1.11243956e-01 -1.65040549e-02 -6.10522367e-03  4.03113589e-02
  5.30761927e-02 -1.65701192e-02  1.07773788e-01 -1.90625973e-02
 -2.46620998e-02 -5.02095632e-02 -9.56145208e-03 -9.17087346e-02
  1.61556266e-02 -6.25033211e-03  5.65437190e-02 -3.15410756e-02
 -2.79434212e-02 -6.12313189e-02 -5.86559474e-02  4.11202274e-02
  6.20699450e-02  2.26843189e-02 -1.82339959e-02  8.83386955e-02
  4.07273732e-02 -3.20448838e-02  7.94797614e-02 -1.30690401e-02
  3.57560031e-02  4.67779897e-02 -3.39357592e-02 -7.46688992e-03
  6.80242712e-03  1.12646401e-01  5.41225681e-03  2.18435656e-03
  4.82919849e-02 -5.29798493e-03  1.10054694e-01 -1.25282742e-02
 -1.10718971e-02 -5.29786982e-02  2.41122525e-02 -2.99937595e-02
 -6.40338808e-02 -8.95857587e-02 -6.61598146e-02 -4.02071103e-02
 -8.40260163e-02 -6.59311712e-02 -5.89445569e-02 -3.17553319e-02
 -4.69508134e-02 -5.43774217e-02  2.04564258e-02  1.32489633e-02
  5.52284159e-02 -6.91061467e-02 -5.61002269e-02 -7.13617951e-02
 -1.03266068e-01  3.45519260e-02  5.97218610e-03 -9.79904644e-03
 -1.09394521e-01  3.71716768e-02  4.30182964e-02  1.74381267e-02
 -6.77938089e-02 -5.93167730e-03  7.65140429e-02 -6.48659393e-02
  2.67745350e-02  1.90802217e-02  2.06096889e-03 -2.67378241e-03
  2.77384724e-02  2.59673260e-02  7.10598826e-02 -6.30269274e-02
  9.49753541e-03 -2.50681899e-02 -4.81323861e-02 -3.40234436e-08
  9.29974392e-02 -9.50876176e-02  1.19600492e-02  5.15301852e-03
 -2.61034742e-02  6.10428900e-02  3.18681938e-04  3.94087061e-02
  3.81273357e-03  1.76179726e-02  3.27470042e-02  5.65185212e-02
 -4.28100415e-02  5.04739210e-02 -6.23256229e-02  6.02780618e-02
  4.94259759e-04 -5.40056974e-02  9.77086462e-03 -5.93951307e-02
 -6.09460846e-02  2.81317737e-02 -6.26074970e-02 -6.83311746e-02
  4.63862047e-02  5.26771182e-03 -2.71761250e-02 -5.52611314e-02
 -1.15962118e-01  2.87092268e-03 -1.29691631e-01 -9.16972291e-03
 -1.09002426e-01 -3.86396721e-02 -1.88858006e-02 -6.84596673e-02
  8.82040709e-02 -6.84394538e-02  1.23480400e-02 -5.28672291e-03
  4.06443216e-02 -3.20446305e-02 -5.69666699e-02 -7.31908903e-02
  6.13641106e-02 -6.27430752e-02  2.01401301e-03 -4.48393300e-02
  5.55237569e-03 -1.58840463e-01  6.36515394e-02  5.06376103e-02
  1.76765844e-02  2.20252201e-03 -6.89886808e-02  2.91865226e-02
 -7.36066401e-02 -3.98627686e-04  6.25158772e-02 -9.18928459e-02
  3.32042798e-02 -3.37975509e-02 -1.16751097e-01  8.06752965e-03]"
Is there a cure for Ebola?,"There is no proven cure for Ebola. However, supportive care such as rehydration and symptomatic treatment improves survival. There are also vaccines under development that have shown high efficacy in preliminary trials.","There is no definitive cure for Ebola; however, supportive care and new vaccines are improving survival rates.","Is there a cure for Ebola? There is no proven cure for Ebola. However, supportive care such as rehydration and symptomatic treatment improves survival. There are also vaccines under development that have shown high efficacy in preliminary trials.","[ 4.61218767e-02  2.53418256e-02  9.35537666e-02  9.91024449e-03
  1.22214127e-02  4.59951209e-03 -5.85835911e-02  8.58594198e-03
 -1.34025356e-02  5.03462218e-02 -1.22450851e-02  4.01824564e-02
  5.83769828e-02  6.35341704e-02  1.35664884e-02 -1.03838388e-02
 -2.99712643e-02  2.33027954e-02  2.47371034e-03 -3.16153057e-02
 -4.44327034e-02  1.80528108e-02  8.27619806e-02  7.92799238e-03
 -1.19841121e-01  2.01614220e-02 -3.61676747e-03 -4.60386947e-02
 -8.05192366e-02 -6.16604164e-02 -1.47884069e-02 -6.10432960e-02
 -5.03396615e-02 -7.87547082e-02 -2.02567596e-02 -4.34201621e-02
  2.71812268e-02  2.43085250e-02  2.14957655e-03  1.89996790e-02
 -3.62871401e-03 -4.50083464e-02  5.79945743e-03 -1.55890118e-02
  5.17244004e-02 -3.17874625e-02  6.55378541e-03  8.17120075e-02
  3.39629478e-03 -1.90401694e-03  5.54713793e-02 -2.45470852e-02
  2.22919136e-02  5.71753159e-02  7.72277787e-02 -8.62886608e-02
  2.80792592e-03  5.60854040e-02 -1.23549774e-02 -1.82508938e-02
  2.40446255e-02  6.74027577e-02 -1.84351057e-02 -1.61751620e-02
 -5.08908145e-02  5.80646330e-03 -2.21783575e-02  2.24227216e-02
  2.40349979e-03  5.37392609e-02  4.48834263e-02  3.78602053e-05
  1.71620138e-02  7.36888647e-02 -3.32874968e-03  6.39749914e-02
  9.40076411e-02  1.23336269e-02  4.47241217e-02  1.38989598e-01
  6.24173880e-03 -2.51180865e-02  8.18795562e-02 -9.37749792e-05
  3.04490142e-02 -1.75235681e-02  2.22804770e-02 -2.27272473e-02
 -1.27476426e-02 -5.87580279e-02 -3.83427665e-02 -4.09141220e-02
 -6.45405576e-02  1.55910784e-02 -5.84959388e-02 -3.95037979e-02
 -3.13183106e-02  2.69408757e-03 -5.55199981e-02 -4.71505933e-02
 -9.14262906e-02 -5.68921156e-02  8.32657218e-02 -8.68543051e-03
  3.56776118e-02  2.08483636e-02 -1.26662664e-02  8.74746740e-02
  3.80757265e-02 -4.94867302e-02 -8.48024786e-02 -4.08230536e-02
 -2.32943464e-02  5.81945926e-02  2.82647796e-02  3.93765979e-02
 -5.79645820e-02 -9.51985940e-02 -1.75818801e-02 -5.98023506e-03
  1.34847879e-01 -1.09748729e-02  4.26555388e-02 -3.40054929e-02
  8.80467072e-02 -3.83757683e-03  5.80323115e-02  1.47299223e-33
 -6.81110248e-02  3.20683978e-02  6.66595176e-02 -1.70285683e-02
  6.73724487e-02  1.03712957e-02 -1.63988452e-02  3.81473303e-02
 -1.50428026e-03 -9.17514339e-02  1.70825012e-02 -2.34036297e-02
  5.60108908e-02  6.21111393e-02 -8.64118710e-02 -4.47144993e-02
  1.23294638e-04 -4.18934040e-02 -6.61079288e-02  2.52410453e-02
  6.26709610e-02 -4.54771742e-02  5.44773377e-02 -3.13359089e-02
  4.41500470e-02 -1.69158131e-02 -2.98084738e-03  2.18854775e-03
  6.64287731e-02 -1.89594505e-03 -5.20718582e-02  9.81411487e-02
  3.56508084e-02 -4.31612395e-02 -1.23885006e-01 -3.51585522e-02
 -1.60511083e-03 -8.11123382e-03  3.39637361e-02  1.09251719e-02
  2.23915838e-02  6.95846677e-02 -1.84590649e-02 -3.30313668e-02
  9.90797281e-02 -4.00250144e-02 -8.68612155e-02 -5.96879385e-02
 -7.10971802e-02 -6.01427667e-02  9.44297314e-02  1.04312617e-02
 -4.64335978e-02 -5.36403470e-02  5.78839937e-03 -2.80899070e-02
  1.14560686e-02  8.74753296e-02 -3.28231566e-02 -4.02621850e-02
  8.52136090e-02 -6.55985177e-02 -4.63607758e-02 -1.18799275e-03
 -6.33261800e-02  3.00304517e-02  1.52708963e-01 -8.63032490e-02
 -3.46786566e-02 -4.62753884e-02 -1.47801163e-02  3.52382772e-02
 -1.65423956e-02  5.38823307e-02 -7.58387670e-02 -9.61082280e-02
 -2.51590665e-02 -6.69786558e-02  1.09174754e-02  5.07840104e-02
 -2.72514001e-02 -7.95134827e-02  5.90509409e-03  7.90865198e-02
  4.42140028e-02 -4.22773696e-03 -9.36464220e-02  6.33291155e-02
 -2.91116573e-02 -3.86731513e-02 -3.41620967e-02  1.13553014e-02
 -1.29495021e-02  4.29299586e-02  1.54212760e-02 -4.06587480e-33
  5.99485524e-02 -2.22272724e-02 -2.00674944e-02  4.23706211e-02
  7.32125482e-03  1.02564156e-01 -8.07343516e-03 -5.42721450e-02
  9.87472199e-03 -6.73385262e-02 -5.81374057e-02 -3.30362208e-02
  6.80723274e-03  3.31763439e-02 -4.44502868e-02  2.76878048e-02
 -7.30063245e-02 -1.54675534e-02 -7.48646073e-03  2.76356358e-02
 -2.25792713e-02 -5.25574647e-02  1.50097320e-02 -8.89453292e-02
  3.95522192e-02 -2.49768584e-03  4.83828550e-03  5.37010729e-02
 -4.47756471e-03  8.91561341e-03 -5.53061441e-02 -2.23383345e-02
  2.55394317e-02 -3.80981043e-02  8.83739069e-03  8.71901289e-02
  1.20324045e-01 -7.07533136e-02  4.68797050e-02  3.12400181e-02
  1.08744271e-01  9.75038204e-03  5.34723466e-03  1.53106321e-02
  6.86328188e-02  1.03485204e-01 -1.72466263e-02  3.91775593e-02
  4.16004807e-02 -3.01265754e-02  5.58992289e-02 -3.13602835e-02
 -4.03672867e-02 -1.47961425e-02  3.42338495e-02 -3.98261473e-02
 -6.67360201e-02 -6.51842877e-02 -6.49466515e-02 -4.21870761e-02
 -1.28943697e-01 -1.19609097e-02 -2.16256361e-02  3.10150795e-02
 -5.00511704e-03  8.51363875e-03  4.37826775e-02  6.61242679e-02
  5.35383960e-03 -8.22049528e-02 -2.62280880e-03 -3.83577347e-02
 -1.05977498e-01  5.92470802e-02  7.67203886e-03  5.14655486e-02
 -4.62928340e-02 -8.84814654e-03  2.21133884e-02  2.07002051e-02
  1.37131838e-02 -3.27544333e-03  2.56641209e-02 -4.52429540e-02
  4.31305245e-02  5.12409024e-02  2.76767202e-02 -4.44764597e-03
 -3.11262924e-02  4.65311892e-02 -1.35675073e-02 -1.33733541e-01
  4.47136909e-02 -1.11776376e-02 -1.00189773e-02 -3.23059837e-08
  1.28445551e-01 -5.17433323e-02  7.97015242e-03 -1.18484562e-02
 -3.25025320e-02  3.11074480e-02 -1.29342331e-02  6.24470189e-02
  1.71383023e-02  7.19638169e-02 -4.70046587e-02  7.06675202e-02
  1.02004013e-03  3.06793209e-02  5.49529260e-03 -2.20584981e-02
  4.25933227e-02  1.73393954e-02 -4.97698821e-02 -5.38946465e-02
 -5.87380342e-02  1.93453976e-03  7.84096867e-03 -4.62790988e-02
  6.78554624e-02 -3.48957106e-02 -3.09179933e-03 -5.76214194e-02
 -9.37729329e-02 -8.54788423e-02 -1.08063892e-01 -6.29727244e-02
  1.67001691e-02 -2.92634089e-02  7.17078075e-02 -3.87810469e-02
  1.33958355e-01 -4.04125638e-02  4.89148535e-02 -1.83738749e-02
  7.39004984e-02  3.34730260e-02 -1.43399937e-02 -5.13946190e-02
  2.50253268e-02 -1.33002196e-02 -2.50293519e-02 -5.16699702e-02
 -4.60186377e-02 -1.13782108e-01  2.62999162e-02  2.05013528e-02
  3.46200429e-02 -5.99481948e-02 -1.01284049e-01  7.00019151e-02
 -8.14954638e-02 -2.47997604e-02  7.78958723e-02 -4.88004647e-02
  4.86950278e-02 -1.96064282e-02 -8.28338088e-04  2.31457762e-02]"
How can Ebola be prevented?,"Prevention involves avoiding contact with the blood and body fluids of people infected with the virus. Outbreak control relies on a series of standard interventions, including case management, surveillance and contact tracing, a good laboratory service, safe burials, and social mobilization. Community engagement is key to successfully controlling outbreaks.",Preventing Ebola requires avoiding contact with infected fluids and implementing control measures like case management and safe burial practices.,"How can Ebola be prevented? Prevention involves avoiding contact with the blood and body fluids of people infected with the virus. Outbreak control relies on a series of standard interventions, including case management, surveillance and contact tracing, a good laboratory service, safe burials, and social mobilization. Community engagement is key to successfully controlling outbreaks.","[ 4.99332920e-02  9.56460983e-02  7.26017281e-02 -3.82007775e-03
  6.09033033e-02  5.82293160e-02 -2.31952984e-02  1.09236455e-02
 -1.35075338e-02  8.34409669e-02  3.74290086e-02  2.51144804e-02
  3.80394459e-02  7.70825194e-03 -6.64396212e-02 -4.05329354e-02
  2.16549225e-02 -5.25755100e-02 -4.54632491e-02 -1.78567879e-02
  3.28237191e-02  6.83793519e-03  7.07205757e-02  1.32559864e-02
 -1.66483983e-01  1.65563002e-02  3.32964733e-02  3.00196074e-02
 -2.72011757e-02 -4.46153060e-02  3.98613214e-02 -1.02549508e-01
 -2.98602916e-02 -2.35046586e-03 -9.82913449e-02 -5.52583560e-02
  6.02964200e-02  4.13787067e-02  1.31954653e-02  1.66716333e-02
 -5.70528880e-02 -6.07902259e-02  6.67969882e-03 -5.58386035e-02
  5.56105673e-02  1.19617814e-02  4.29903623e-03  5.82116991e-02
 -2.00067535e-02 -5.23128733e-02  4.89028320e-02  8.07396136e-03
 -2.23634113e-02  4.09675017e-02  3.43493260e-02 -4.87120971e-02
  7.62280729e-03  1.03410659e-03 -2.19019391e-02 -5.56154475e-02
  2.24392880e-02  2.83994451e-02 -4.45492603e-02 -5.99953579e-03
 -1.05582915e-01 -4.36078932e-04  6.33561192e-03  8.42013732e-02
  6.87000304e-02  1.13451183e-01  4.46576551e-02 -1.04411896e-02
 -9.97045264e-03  6.13824725e-02  5.34366369e-02  5.63255064e-02
  3.56122442e-02 -3.71626914e-02  5.45872822e-02  1.09770767e-01
  3.34487818e-02 -2.55580116e-02  1.22150324e-01  5.70465103e-02
 -3.78429033e-02  2.98767649e-02  2.54089329e-02 -5.43527901e-02
  6.02926053e-02 -5.39855920e-02 -5.50985299e-02 -4.41866927e-02
  3.67029049e-02  1.85197704e-02 -2.65636127e-02 -5.40832169e-02
 -1.28342081e-02 -1.92479175e-02 -3.16646555e-03 -1.87465630e-03
  8.18592217e-03 -7.23897964e-02  2.56838500e-02  5.52734509e-02
  7.83671997e-03 -8.70956928e-02  8.08648486e-03  2.21593529e-02
  2.37360061e-03  1.73247547e-03 -2.41273995e-02  1.34977857e-02
 -6.46912307e-02  4.32515144e-02  3.14537026e-02  4.04614657e-02
  2.42966712e-02 -1.76953264e-02 -2.32444555e-02  5.48457401e-03
  1.21075265e-01 -2.36020610e-02  4.40061726e-02 -1.70949195e-02
  8.48838240e-02 -2.89524551e-02  2.27878075e-02 -6.60780639e-34
 -1.50300274e-02 -3.27246040e-02  1.55315725e-02 -1.75422207e-02
  2.17967052e-02  2.47408133e-02 -7.25167170e-02  2.76463479e-02
  8.07685032e-03  6.46995986e-03  4.19524685e-02 -7.88604608e-04
  7.17418864e-02  8.18229765e-02 -9.32929106e-04 -4.06481884e-02
  3.87549447e-03 -4.85265516e-02 -2.12235264e-02  3.78462076e-02
  7.18773380e-02 -1.69908985e-01  1.33446446e-02  3.39673236e-02
 -6.39271038e-03  1.18061965e-02 -5.74939698e-02  1.12368073e-02
  1.12934507e-01  1.29261678e-02 -8.30728412e-02  7.38805085e-02
  2.27369685e-02 -1.26529997e-02 -1.96066368e-02  3.07402331e-02
 -2.16173567e-02 -2.93837842e-02  6.57027885e-02 -4.10989448e-02
  3.33293178e-03  6.44685403e-02  1.40459854e-02  4.83713811e-03
  1.02120005e-01  3.38829495e-02 -3.67687158e-02 -4.07350697e-02
 -1.15689680e-01 -3.70347649e-02  8.90417993e-02  1.61709636e-02
  1.31644532e-02  1.43948533e-02  3.19039646e-05 -6.98029324e-02
 -9.71870404e-03  2.84310034e-03 -4.22710702e-02 -1.23180375e-02
  1.03325859e-01 -5.96265495e-02  1.04573965e-02  4.67976220e-02
  5.24811493e-03 -2.18314454e-02  1.18415870e-01 -8.62384886e-02
 -4.16085906e-02 -2.07144837e-03 -7.68189952e-02  2.92620119e-02
 -4.31993678e-02 -1.45529499e-02 -1.17936268e-01 -7.04319179e-02
 -2.47355457e-02  2.01200433e-02  3.74857038e-02  7.46851414e-03
 -7.19889924e-02 -4.16057892e-02  2.37214044e-02 -2.01891698e-02
  1.83059573e-02 -4.72415239e-02 -2.05464568e-02  1.23084255e-01
 -4.58514914e-02 -5.85862361e-02 -1.75841227e-02  4.83818091e-02
  9.75542888e-03  9.49238390e-02  4.80276812e-03 -1.53237021e-33
  4.19262461e-02  1.44618135e-02 -3.09385313e-03 -4.11105454e-02
  9.58616904e-04  8.13501626e-02  1.18981872e-03 -8.69936794e-02
  2.75057890e-02 -2.20435876e-02 -6.18788861e-02 -5.27192988e-02
  4.63376716e-02  9.11993673e-04 -1.46402810e-02 -1.73680317e-02
 -2.20372025e-02  2.51901569e-03 -4.09425497e-02 -3.00542060e-02
 -5.47680892e-02 -3.23511772e-02 -4.83773043e-03 -4.31890599e-02
 -3.46543193e-02 -6.47163251e-03 -7.78427497e-02  3.16791236e-02
  7.87130371e-03 -2.86961664e-02 -9.84865353e-02  2.06550751e-02
  5.60720265e-02 -5.31147942e-02 -6.90441802e-02  1.01858132e-01
  7.08031654e-02 -1.54507272e-02  3.55960503e-02  1.93925630e-02
  1.08099498e-01  6.18471466e-02 -7.73299560e-02 -6.56810030e-03
  6.45747408e-03  1.68041289e-01  1.63266622e-02  6.31038174e-02
 -3.36228013e-02 -1.42391901e-02  1.47869494e-02 -2.06578001e-02
 -3.51923183e-02 -3.95928100e-02 -1.83420181e-02 -3.34261023e-02
 -2.16831770e-02 -8.21524411e-02 -8.48359615e-02 -8.98216479e-03
 -4.48855795e-02 -2.28116848e-02 -7.22107142e-02  6.80631027e-02
  9.46972705e-03 -2.52831969e-02  4.97761294e-02  8.63352641e-02
  7.33211488e-02 -6.04287572e-02 -1.66166518e-02 -4.51211259e-02
 -3.05897389e-02  5.81886247e-03 -8.24034773e-03 -5.06439321e-02
 -8.19517523e-02 -2.12971233e-02  5.37407734e-02  3.05854063e-02
 -6.72091905e-04 -5.33508556e-03  2.74891388e-02 -2.43678726e-02
  3.99732925e-02  6.23205267e-02 -1.74902542e-03 -5.29101826e-02
 -2.34233811e-02  4.66220602e-02 -4.47765887e-02 -7.83407167e-02
  3.04552428e-02 -4.17755470e-02 -3.38259377e-02 -3.32219834e-08
  1.33678481e-01 -1.13782302e-01  4.14591506e-02  4.06471640e-02
 -4.12729569e-02  2.89259702e-02 -1.60609800e-02  4.62781228e-02
  6.32268861e-02  8.76895785e-02 -9.40997037e-04  7.59072229e-02
 -3.06686899e-03  4.76235105e-03  5.57453511e-03  1.79539323e-02
  3.20305899e-02  3.19298618e-02 -7.30128437e-02 -6.99414536e-02
 -2.53206845e-02 -3.97577547e-02 -2.97807120e-02 -4.25121821e-02
  7.80782700e-02 -4.98921089e-02  3.93155143e-02 -3.83106060e-02
 -6.58596680e-02  4.06281166e-02 -1.26781791e-01 -8.73943344e-02
 -6.06250651e-02  2.74248682e-02 -5.29735200e-02  3.37610990e-02
  1.15494609e-01 -7.23522305e-02  6.25456870e-02 -3.94502431e-02
  4.04746868e-02 -3.35168093e-02 -3.18998434e-02 -1.12395203e-02
  8.75759311e-03  1.89007372e-02  1.81815736e-02 -3.57771330e-02
 -9.44272731e-04 -6.20098487e-02 -4.12848266e-03 -1.07511571e-02
  7.53109083e-02  3.92886512e-02 -9.40102115e-02  8.75962619e-03
 -2.09506266e-02 -1.32741891e-02  1.01110853e-01  3.19457264e-03
  7.80445151e-03  1.91432741e-02 -2.97146849e-02  1.85594112e-02]"
What is the mortality rate of Ebola?,"The mortality rate for Ebola has varied from 25% to 90% in past outbreaks, with an average of around 50%. The difference in mortality rates depends on the virus strain and the quality of the healthcare provided to the patients.","Ebola's mortality rate has varied between 25% to 90%, averaging around 50%, influenced by the virus strain and healthcare quality.","What is the mortality rate of Ebola? The mortality rate for Ebola has varied from 25% to 90% in past outbreaks, with an average of around 50%. The difference in mortality rates depends on the virus strain and the quality of the healthcare provided to the patients.","[ 1.27126575e-01 -4.79866266e-02  3.39968242e-02 -6.17218390e-02
  7.93459639e-03 -3.31988148e-02 -7.71307424e-02  8.56108591e-02
  5.81914373e-03  5.70753329e-02  1.34424046e-02  3.18767061e-03
  9.14362893e-02  5.03968373e-02  2.76349299e-02  1.00098765e-02
 -1.52808744e-02 -1.10319488e-01 -1.02389514e-01  5.74916564e-02
  2.18705833e-02 -1.80701818e-02  1.07838854e-01 -3.11403014e-02
 -3.80847715e-02 -4.05390710e-02  7.90038088e-04 -5.31923119e-03
 -7.07273930e-02  1.41851427e-02 -5.63861951e-02 -8.95753782e-03
  1.81908309e-02 -2.15495341e-02 -1.01736106e-01 -1.11001775e-01
 -1.67383142e-02 -1.50015252e-02  4.38970774e-02  1.60470493e-02
 -3.49626951e-02  1.48629248e-02 -3.12938020e-02  1.30703030e-02
  4.81999665e-02  1.54108899e-02 -4.82786559e-02  3.07562388e-02
 -5.96803660e-03  6.12319186e-02  2.89946087e-02  9.35582351e-03
  9.50536982e-04  5.92758991e-02  5.72011806e-03 -8.57263133e-02
 -1.70480218e-02 -2.01021763e-03 -4.45661545e-02 -1.39403192e-03
 -9.29229148e-03  5.37263453e-02  4.65113297e-02 -2.92516034e-02
 -8.78165886e-02 -6.07533306e-02  9.17235110e-03 -1.16933659e-02
 -4.95876186e-02  1.32154837e-01 -3.50902304e-02 -2.20847521e-02
 -1.39730312e-02  5.79011105e-02 -6.87554255e-02 -2.20782515e-02
  1.02537774e-01  4.31016088e-02 -1.50399527e-03  3.11002750e-02
  5.11130318e-02 -6.83707297e-02  6.24330454e-02 -5.37051260e-03
  9.94919334e-03 -3.05438228e-02  4.58963923e-02  3.11046299e-02
  3.20536643e-02  4.81938338e-03 -4.33573909e-02  3.77513794e-03
  2.69761942e-02  1.46345412e-02  8.26997459e-02  2.00695265e-02
 -6.82776049e-02  7.68044442e-02 -9.36118234e-03 -7.38061741e-02
 -1.13862589e-01 -9.97954234e-02  2.35966314e-02  3.14702690e-02
  2.90750060e-03  1.04022045e-02 -8.21981654e-02  8.31732377e-02
 -2.09175851e-02  3.55164446e-02 -5.93900308e-03 -2.04469934e-02
 -4.65552509e-02 -4.75031789e-03  4.28411812e-02 -8.18472356e-03
 -5.26964739e-02 -5.19495830e-02  4.74323146e-02  6.97971731e-02
  1.40122026e-01 -5.40345348e-02 -2.17656698e-03  1.63531974e-02
  5.24898395e-02  1.13905007e-02  9.05989483e-02 -3.40054904e-33
 -7.69937458e-03 -6.72913417e-02  1.48367826e-02 -5.06150648e-02
  4.17326391e-02 -6.09555840e-02 -6.95319567e-03  8.34286362e-02
  1.07305879e-02 -3.85906957e-02 -2.31071543e-02 -6.62933066e-02
  4.54150774e-02  1.23774715e-01 -6.08876459e-02  1.12680830e-02
  6.24995828e-02 -1.06274744e-03 -7.47009143e-02 -1.76696561e-03
  1.41626978e-02 -4.71493527e-02 -4.65158094e-03  2.09476296e-02
  5.25613502e-02  1.89592876e-02 -3.64317894e-02  4.18500695e-03
 -2.66718473e-02 -5.77696972e-02 -1.04863402e-02  2.32055429e-02
  7.44222710e-03 -8.81515667e-02 -4.49726880e-02  2.61246413e-02
  3.73380706e-02  1.18196532e-01  5.65021336e-02 -1.26522053e-02
 -1.62354149e-02  2.63951551e-02 -1.88191701e-02  2.92597860e-02
  2.65915282e-02 -1.80694833e-02  4.22288245e-03 -4.32752743e-02
 -6.93771057e-03 -6.84929490e-02  2.83423513e-02 -4.09389101e-02
 -4.24850099e-02  3.90547253e-02  2.77644880e-02  2.76571438e-02
  1.76008027e-02  6.51921853e-02 -1.75884496e-02  1.92786083e-02
  5.41496985e-02 -4.37797140e-03  5.07574975e-02 -5.15028229e-03
 -2.58765090e-02 -2.76475359e-04  1.00787699e-01 -2.15528924e-02
 -7.85741024e-03  6.93099527e-03 -2.11934689e-02  3.62853259e-02
 -1.06013007e-01 -1.16884699e-02 -4.43615317e-02  7.94211030e-03
 -2.86121760e-02 -5.77498525e-02  5.70866764e-02  8.52882937e-02
 -5.48706129e-02 -5.58656976e-02 -7.73118064e-02 -2.90788841e-02
 -7.65978405e-03  4.77761999e-02  2.60549001e-02  4.35231142e-02
  1.11415060e-02  3.30432914e-02  1.25738317e-02  2.44005281e-03
 -2.63013672e-02  5.48878796e-02  5.17099388e-02 -1.73175848e-33
  1.85130872e-02  6.88494071e-02 -6.50537759e-02  7.30651021e-02
  3.00247775e-04  6.96843863e-02 -2.83245072e-02 -1.17788352e-02
 -1.64016453e-03 -1.52241644e-02 -2.12801415e-02  5.41399010e-02
  4.76974109e-03  4.08827625e-02 -1.78179070e-02 -6.59215217e-03
 -5.59511706e-02 -1.11159375e-02 -2.45127715e-02  3.79308797e-02
 -6.83993623e-02 -1.25107959e-01 -3.75810638e-02 -2.93927062e-02
 -2.65080109e-02 -9.55534447e-03 -2.95241568e-02  1.15366396e-03
  3.26605849e-02 -7.19085112e-02 -4.82545197e-02 -4.44638282e-02
  9.31878090e-02 -2.10328363e-02 -1.05257239e-02  2.97558028e-02
  8.26863348e-02 -6.01848774e-02  4.13586572e-02 -7.56561011e-02
  1.17989488e-01  6.51962012e-02 -4.81744036e-02 -2.77801175e-02
  3.44584063e-02  5.02287336e-02  7.90611282e-03  5.10604531e-02
  5.36740571e-02 -9.24400538e-02  6.81893751e-02 -6.13452774e-03
 -4.40056249e-02  2.02342402e-02  3.90592322e-04 -3.62425670e-02
 -8.48481283e-02 -7.79057741e-02 -2.07138211e-02 -6.78549856e-02
 -4.57786359e-02  1.19455699e-02 -3.05545665e-02  6.90431222e-02
 -7.21401870e-02 -8.70665833e-02  4.03103605e-02 -2.96766777e-03
 -2.21138988e-02 -5.32829724e-02  7.24552665e-03 -2.74050124e-02
 -7.79201761e-02  5.00175469e-02  2.44306102e-02 -8.89232557e-04
 -4.02527768e-03  5.74417412e-02  2.39452310e-02  6.38489574e-02
  6.12542219e-02 -1.82289556e-02  3.45227425e-03 -2.06902549e-02
 -6.95668533e-02  2.78482474e-02  5.74653558e-02 -4.93443422e-02
  9.00032558e-03  2.91065685e-02 -4.61746752e-02 -8.85014907e-02
  6.58400403e-03 -9.45216119e-02 -4.76044342e-02 -3.35506378e-08
  1.44468307e-01 -4.35981601e-02 -1.20837576e-04 -5.28316461e-02
 -2.08490547e-02  4.57616746e-02  4.08020860e-04  9.15331319e-02
  2.12287903e-02  1.10118531e-01  9.40138288e-03  3.71684395e-02
 -9.99113470e-02 -2.82731727e-02 -5.69835491e-03 -2.95157917e-03
 -7.81233143e-03  2.86069177e-02  5.95629886e-02 -5.07653132e-03
 -6.07871078e-02  5.66581218e-03  3.90924588e-02 -7.37559572e-02
  4.71227877e-02  6.16388321e-02  5.47368018e-06 -6.56025857e-02
 -1.34219214e-01  9.58607625e-03 -1.14737883e-01 -4.00543995e-02
 -8.36335775e-03 -1.81052983e-02  6.94382889e-03 -4.49562185e-02
  9.97924209e-02 -7.49878064e-02  2.16455087e-02  3.94448712e-02
  3.85128744e-02 -8.70039314e-02 -3.78696024e-02 -7.54952952e-02
  5.30418456e-02 -1.22006536e-02  3.08427662e-02 -5.11826165e-02
 -5.94243295e-02 -1.36547059e-01  9.51027721e-02 -1.09155476e-02
  4.30376790e-02 -4.19157408e-02 -9.43537429e-02  1.80883501e-02
 -3.93097326e-02 -1.87825784e-02  1.34498337e-02 -1.44999484e-02
  6.19894378e-02  1.52729442e-02 -2.04760469e-02 -6.33411692e-04]"
How is Ebola diagnosed?,"Ebola is diagnosed through various laboratory tests, including antigen-capture enzyme-linked immunosorbent assay (ELISA), serum neutralization test, reverse transcriptase polymerase chain reaction (RT-PCR) assay, electron microscopy, virus isolation by cell culture, and more. Samples from patients are an extreme biohazard risk.","Ebola diagnosis is made through tests such as ELISA, RT-PCR, and virus isolation, but handling patient samples requires stringent biosafety measures.","How is Ebola diagnosed? Ebola is diagnosed through various laboratory tests, including antigen-capture enzyme-linked immunosorbent assay (ELISA), serum neutralization test, reverse transcriptase polymerase chain reaction (RT-PCR) assay, electron microscopy, virus isolation by cell culture, and more. Samples from patients are an extreme biohazard risk.","[ 8.09765682e-02  5.23012504e-02 -4.88396676e-04 -1.26030426e-02
  6.09696768e-02 -2.73890607e-02  1.06700324e-02  9.90277082e-02
 -1.21157533e-02  7.63292238e-02  9.50238947e-03 -2.79600974e-02
  2.00278386e-02  9.80542302e-02 -8.85986686e-02 -6.48045465e-02
 -3.61103676e-02 -1.01585045e-01  2.25431900e-02 -7.60499239e-02
 -1.79627165e-02  8.21737479e-03  2.41171829e-02 -2.03604996e-02
 -4.11374383e-02  2.02966649e-02 -2.18128413e-03  6.13025622e-03
 -6.30138367e-02 -1.42403748e-02  1.66413207e-02 -5.94435148e-02
 -1.61654167e-02  4.12907191e-02 -1.75186787e-02 -8.13231170e-02
  1.90458745e-02  1.36167491e-02  4.02400792e-02 -7.03583891e-03
  3.07478830e-02 -1.08902067e-01  5.03219664e-02 -4.56422530e-02
  6.07341789e-02 -2.28970796e-02 -2.80992482e-02  8.87623355e-02
 -1.95601676e-02 -5.56168798e-03  5.40929101e-02 -1.10154999e-02
 -2.87324633e-03  1.52166924e-02 -5.28340861e-02 -4.69181165e-02
  9.77768749e-03 -5.14215976e-02 -1.02707297e-02  1.63846035e-02
 -3.15651596e-02  6.63627777e-03  9.74372961e-03  2.24601571e-02
 -5.34135441e-04 -9.40340851e-03  4.18167934e-02 -6.50544139e-03
  5.02933227e-02  2.35507060e-02  6.20759279e-03 -1.33432047e-02
  1.08400751e-02  6.93904757e-02 -2.44215932e-02 -1.97429340e-02
  1.08548529e-01  4.59281504e-02  8.03355686e-03  1.32800177e-01
 -2.30503492e-02  1.01567535e-02  3.36475410e-02 -9.40896105e-03
  3.82897370e-02  2.50652172e-02  3.45333060e-03  2.57528964e-02
 -4.10420708e-02 -1.49650509e-02  6.76640077e-03 -8.01022649e-02
 -5.11611924e-02  3.32027487e-02  2.00536530e-02 -5.06271012e-02
  2.21863668e-02 -1.28431409e-03  3.16764042e-02 -1.96573511e-02
 -1.01514637e-01 -6.78125843e-02  6.95118681e-02  1.37297222e-02
 -3.19365449e-02  8.30027368e-03 -4.32851091e-02  3.07628978e-02
  8.33307505e-02 -5.12439869e-02 -5.69285639e-02  9.29474924e-03
  5.66378348e-02  2.37230700e-03  9.00367200e-02  4.65795286e-02
 -7.40056559e-02 -1.83975138e-02 -1.32142082e-02  1.00446846e-02
  9.33803022e-02 -2.95679457e-02  6.46983981e-02 -2.83417199e-02
  1.43488705e-01  8.26518759e-02 -9.15744435e-03  2.07742123e-33
  2.70790644e-02 -2.26921379e-03  1.71191357e-02 -1.59017351e-02
  1.50232110e-02  4.65642400e-02 -1.27788875e-02  6.90378025e-02
 -4.25102562e-03  3.20498124e-02  6.48152307e-02  1.67928617e-02
  5.78973815e-02  1.07900277e-01 -6.71660230e-02  7.09209964e-02
 -2.01145783e-02  1.01375068e-02 -1.11925505e-01  9.75208431e-02
  2.55937185e-02 -7.45778605e-02  6.46288544e-02 -2.27780715e-02
  3.81698050e-02 -1.48524167e-02 -4.82285619e-02  8.77966266e-03
  4.70545851e-02 -2.10778974e-02 -7.61517212e-02  4.81173210e-02
 -4.04689973e-03 -1.01965433e-03 -1.24427509e-02  1.28370698e-03
 -8.88227113e-03  6.17098287e-02  4.13027517e-02 -2.35969643e-03
  9.17561501e-02 -1.41616967e-02  1.67340916e-02 -3.43194008e-02
  7.91472644e-02 -2.72062980e-02 -7.97832385e-02 -3.37390192e-02
 -3.53714339e-02 -3.93497944e-03  6.29206523e-02 -8.69769789e-03
 -1.49968415e-02 -5.33654578e-02  3.83639634e-02  4.89840619e-02
 -9.69503820e-03 -1.42690586e-02 -2.76952726e-03 -8.16371571e-03
  7.42422342e-02 -1.37018859e-02 -4.68712300e-02  2.31087245e-02
 -1.06452040e-01 -6.89615076e-03  7.75843635e-02 -5.30739538e-02
  1.47304265e-02  2.21284218e-02 -2.55462062e-02 -2.27256794e-03
  2.37790514e-02  7.61877745e-03  2.14938484e-02 -8.49500299e-03
 -9.34278294e-02 -3.41861732e-02  3.00744120e-02 -5.10906707e-03
 -2.90880594e-02 -3.51229981e-02 -2.06716754e-03  4.19008732e-02
 -2.91277133e-02  1.04481922e-02 -4.68889624e-02  6.70029670e-02
 -7.40801170e-02 -6.57060668e-02 -1.79493800e-02  5.94375096e-02
 -6.00553490e-02  3.79494168e-02  3.61044854e-02 -5.85627722e-33
  2.94282176e-02  2.44765040e-02 -4.91198935e-02 -1.85984597e-02
 -4.05326225e-02  4.40621637e-02  2.38013007e-02 -5.02123311e-03
  3.06644123e-02  1.58511291e-04 -2.39101425e-03 -1.41571527e-02
 -5.98901771e-02  2.08098404e-02 -2.92818826e-02  3.15712765e-02
 -9.83046368e-02 -9.44550056e-03  2.91793812e-02  5.91715239e-02
 -5.13889529e-02 -4.75023035e-03 -1.44231468e-02 -7.02301115e-02
 -3.26421745e-02 -1.83328260e-02  4.88497168e-02 -1.93662439e-02
  4.75897007e-02 -7.18048736e-02 -2.68636495e-02  1.32986195e-02
  5.34389839e-02  3.42427916e-03  1.40979989e-02  5.48281670e-02
  7.14204535e-02 -8.69041830e-02  8.85664970e-02  5.35182357e-02
  8.15244988e-02  1.44488320e-01 -1.20923787e-01  3.14580612e-02
  2.44499533e-03  1.06633931e-01  3.64308022e-02  6.98570237e-02
  7.34034628e-02 -7.84979481e-03  2.63281185e-02 -1.11036804e-02
  5.82274864e-04 -5.46815014e-03 -3.93359587e-02 -1.78605374e-02
 -1.24287814e-01 -4.27229702e-02 -1.13526233e-01 -8.77180230e-03
 -4.53564078e-02 -2.89303381e-02 -3.16946544e-02  7.36793205e-02
 -6.94063306e-02 -4.57867570e-02  3.75692956e-02  1.91003270e-02
 -1.18614407e-03 -3.54909040e-02 -4.08325829e-02 -5.14250696e-02
 -9.16146114e-02 -2.03265958e-02  7.82845989e-02 -2.86662951e-02
 -1.52985424e-01  3.47407535e-03  2.16089990e-02  2.85068173e-02
  3.20411375e-04 -1.11201279e-01  3.72046717e-02 -1.82438623e-02
  5.20206103e-03 -1.78686399e-02  2.45717671e-02 -4.56630215e-02
 -6.76287198e-03  3.26423417e-03  5.97136319e-02 -1.02788232e-01
 -4.00883071e-02 -4.98895682e-02 -1.83344074e-02 -4.44151596e-08
  8.33382532e-02 -1.21350601e-01  2.25534812e-02 -7.48560429e-02
 -5.84603921e-02  6.06092736e-02 -1.53130917e-02  4.35563624e-02
  3.73997982e-03  7.41813853e-02 -2.97681000e-02 -2.69172955e-02
 -1.53236642e-01  8.68160557e-03  7.19795302e-02 -9.01702698e-03
  2.70227864e-02  7.34972432e-02 -4.33881879e-02 -4.53875288e-02
 -5.84909879e-02 -3.83871347e-02  3.29524837e-02 -1.83853768e-02
  3.72882076e-02 -2.66492809e-03  1.03375455e-03 -9.22595058e-03
 -1.10538796e-01 -6.85155950e-03 -1.20806187e-01  8.27400072e-04
 -4.38391566e-02 -2.99679358e-02 -7.27422303e-03 -6.46552350e-03
  8.48775059e-02 -5.34555279e-02  6.15153909e-02  2.22264826e-02
 -4.83275019e-03 -2.18772627e-02 -5.87858595e-02 -6.15863539e-02
  1.46709075e-02 -1.26807969e-02 -1.69788040e-02 -9.46766362e-02
 -3.49623971e-02 -1.81944489e-01  1.12018771e-02  4.54746559e-03
  5.50384335e-02 -4.18849960e-02 -5.08572459e-02  8.30473751e-02
 -2.72073504e-02 -1.01879407e-02  1.85883287e-02 -4.17717211e-02
  5.40050529e-02  6.93472847e-02 -2.47683871e-04 -8.36205259e-02]"
Can Ebola be treated at home?,Treating Ebola at home is not recommended due to the high risk of transmission and the need for specialized medical care. Patients require isolation in treatment centers where healthcare providers can use proper infection control measures.,Home treatment of Ebola is not recommended; specialized care in treatment centers is necessary to prevent the spread and provide adequate care.,Can Ebola be treated at home? Treating Ebola at home is not recommended due to the high risk of transmission and the need for specialized medical care. Patients require isolation in treatment centers where healthcare providers can use proper infection control measures.,"[ 7.40947276e-02  7.31477141e-02  7.20702186e-02 -6.17430806e-02
  3.14260162e-02 -8.01022816e-03 -2.49663331e-02  5.79498075e-02
 -3.37538011e-02  1.02821477e-02 -2.05638446e-02  9.30103511e-02
  8.75424535e-04  5.17882667e-02  5.79436123e-02 -2.63238251e-02
  8.16793367e-02 -8.42101648e-02  1.20164743e-02  3.63356546e-02
 -3.07982080e-02  2.22960990e-02  1.13399951e-02  2.63570603e-02
 -4.88433912e-02  5.83296381e-02  1.74973700e-02  2.94882450e-02
 -2.73192655e-02 -2.88045499e-02  9.44413710e-03 -3.86712700e-02
 -4.05452326e-02 -1.89030096e-02 -9.88464653e-02 -5.47660403e-02
 -4.76831757e-02  3.85106206e-02  5.17476983e-02  2.99058314e-02
  3.73134278e-02 -9.36141051e-03  7.29606375e-02 -1.18632028e-02
  1.01185096e-02 -2.47271173e-03  2.96460604e-03 -3.18754651e-02
  1.09383836e-02 -3.83919366e-02  8.36485401e-02  8.01930875e-02
  6.28766790e-03  5.81213571e-02  1.21743826e-03  2.50503491e-03
 -6.94803242e-03 -3.51569466e-02  3.18767652e-02 -1.24520045e-02
  5.78007028e-02 -4.51075612e-03  4.01151814e-02 -1.59428995e-02
 -5.60306236e-02 -5.85521050e-02  1.31168300e-02  1.28633473e-02
  8.52673575e-02  2.62734946e-02  1.10898986e-02  2.83006020e-03
  8.39259326e-02  7.63766915e-02  2.08976269e-02  1.71404481e-02
  6.38039932e-02 -3.96808013e-02  4.78957221e-02  1.10092118e-01
 -2.65822280e-02 -3.59165855e-02  1.01128295e-01  1.25007620e-02
 -4.22282107e-02  4.46122289e-02 -5.49515337e-03 -6.68291235e-03
  4.53246310e-02 -6.10168315e-02  5.39541841e-02 -1.40735907e-02
  3.05044092e-02  8.15057755e-03  4.18794295e-03 -8.22614804e-02
 -1.28078926e-02 -3.14421952e-03 -7.16745108e-02 -1.90739837e-02
 -3.74825671e-02 -6.14903010e-02  2.75790263e-02  3.00520491e-02
 -1.20310104e-02 -1.40465852e-02 -2.37132683e-02  5.11558615e-02
 -8.99183936e-03 -2.12854780e-02 -9.50974450e-02 -3.79316583e-02
 -1.87701136e-02  7.47040426e-03 -7.17586325e-03  5.47635406e-02
 -4.64437297e-03 -1.17197022e-01 -1.35628842e-02 -5.30063547e-02
  1.06272928e-01 -7.04990923e-02  5.12453541e-02 -5.94237335e-02
  1.17955610e-01 -2.53483355e-02  8.70713666e-02 -3.77601318e-34
 -3.54046077e-02 -1.44585699e-03  2.80447844e-02 -1.07557565e-01
  2.37117689e-02  3.16813029e-03 -1.69168171e-02  4.35482636e-02
  3.28153670e-02 -7.93051943e-02  4.43896390e-02 -9.43692122e-03
  7.55359158e-02  8.78362358e-02 -6.68330565e-02  1.12800352e-01
  4.08957750e-02  8.15917086e-03 -3.63359563e-02  4.58508283e-02
  1.02451816e-01 -7.14247823e-02 -5.71752619e-03  4.57815826e-02
 -3.12644616e-02 -5.57890981e-02 -2.78304443e-02  1.51594114e-02
  6.58539012e-02 -2.30000224e-02 -5.85872261e-03  5.09627536e-02
  2.33033113e-02 -1.46548357e-02 -7.22296834e-02  7.82843400e-03
 -3.99364196e-02  4.66545224e-02 -3.10278311e-03 -8.52395147e-02
  5.62945604e-02  8.75346065e-02  5.49739115e-02  3.43766063e-02
  1.02622114e-01 -2.91132578e-03 -4.35441062e-02 -5.35535738e-02
 -1.20670535e-01 -6.57040477e-02  3.44594531e-02  8.82957969e-03
 -4.60879616e-02  1.46837933e-02  6.28989339e-02  4.38001938e-02
  4.87392619e-02  5.34076430e-02  6.40086830e-02 -1.19603649e-02
  4.71429490e-02 -6.30656183e-02 -7.10207736e-03  3.55769359e-02
 -9.67233256e-03 -4.41712365e-02  1.56655639e-01 -2.41452362e-02
 -2.42045950e-02 -2.88904030e-02 -2.74321567e-02  1.98017266e-02
 -7.78684914e-02  2.41973419e-02 -6.95090815e-02 -8.63749459e-02
 -1.88104231e-02 -1.33322682e-02  3.94025706e-02  4.26935963e-02
 -3.92772779e-02 -6.82070255e-02  3.91591759e-03  8.95800591e-02
  4.85401787e-02  6.24099374e-03 -8.87967050e-02  8.29978362e-02
 -5.81566431e-02  3.37167941e-02 -2.12288238e-02 -2.28382554e-02
  1.68651305e-02  4.72596213e-02  1.58883035e-02 -2.15374846e-33
  1.76776350e-02  3.03364918e-02 -3.65356319e-02  7.91724026e-03
  1.59008987e-02  8.81582946e-02 -1.77905932e-02 -1.09349564e-01
  2.74248831e-02  2.21443474e-02 -8.52925181e-02  3.05218482e-03
  1.23606967e-02 -2.30407324e-02 -3.98413837e-02 -4.05397825e-02
 -9.14592519e-02 -4.67754714e-02 -2.16906033e-02  3.36828642e-02
 -7.41845220e-02 -4.99383584e-02  1.70647388e-03 -7.27079660e-02
  4.23701815e-02 -1.56147592e-02 -4.14954722e-02  2.92666033e-02
  1.08357407e-02 -6.82113506e-03 -9.89573151e-02  9.89204855e-04
  2.53669433e-02 -4.07054201e-02 -6.29612356e-02  5.19384742e-02
  4.52851504e-02 -4.56167236e-02  3.10330149e-02 -7.29036168e-04
  9.16457698e-02  3.42219546e-02 -1.00094311e-01  1.32178590e-02
 -1.13092158e-02  1.52250618e-01 -2.88882293e-02  1.40803568e-02
  2.28255726e-02  3.48162539e-02  9.44517925e-03  5.11547253e-02
 -1.30589437e-02 -4.57613580e-02 -3.44362929e-02 -3.83737944e-02
 -1.70641076e-02 -3.56711224e-02 -5.88678680e-02 -2.54260041e-02
 -3.72544006e-02 -3.00872829e-02 -8.14894810e-02 -9.50261205e-03
 -3.62535901e-02  1.08377207e-02 -2.34015882e-02  9.08565149e-02
  1.36224611e-03 -9.97241735e-02 -8.69866833e-02 -9.27718729e-02
 -2.68496424e-02  5.51409908e-02  3.79305013e-04  2.24585203e-03
 -2.91482359e-02 -1.43734505e-02  3.27283889e-02  5.76772466e-02
  1.01849828e-02 -6.75717741e-02  6.18790723e-02  4.89784346e-04
  4.48205061e-02 -1.47276046e-02  2.03568451e-02 -2.47498937e-02
 -2.70489324e-02  3.53970937e-02 -9.17880144e-03 -9.56607386e-02
  1.35930558e-03 -6.64446270e-03  1.58029574e-03 -3.00086569e-08
  9.26956832e-02 -8.47422704e-02  8.16043243e-02  3.18234600e-02
 -9.88980457e-02  2.73598135e-02 -2.32551768e-02  2.28051329e-03
  1.77920125e-02  1.43016711e-01 -6.38122484e-02  1.29015390e-02
 -1.36635974e-02  8.77931155e-03 -1.41890561e-02 -9.42915399e-03
  5.78166731e-02 -3.39883827e-02 -6.64795041e-02 -1.45407887e-02
 -4.30463403e-02 -1.05664385e-02  2.85157771e-03  1.73585508e-02
  7.43875802e-02 -5.96391736e-03  2.84303222e-02 -3.11629754e-02
 -9.47148353e-02 -4.00799792e-03 -8.74668360e-02 -5.24600372e-02
 -1.29895946e-02  2.16308720e-02 -1.07935350e-02 -6.21618144e-02
  1.07945189e-01 -8.29627663e-02  3.96416597e-02 -2.80915014e-02
  4.18791398e-02 -8.25619400e-02 -9.30382013e-02 -5.29722460e-02
 -7.06800306e-03 -4.05797102e-02  7.53218401e-03 -1.09975904e-01
 -4.86667864e-02 -1.14351116e-01  4.48791496e-02 -4.12073024e-02
  6.52016401e-02 -5.41072525e-02 -3.23467143e-02  6.79605380e-02
 -7.00130966e-03 -5.50060570e-02  5.51222786e-02  7.16588181e-03
 -3.36586386e-02 -1.88232400e-03  2.08450407e-02  1.71951782e-02]"
How long does Ebola last?,"The duration of Ebola virus disease varies by individual. If a person does not succumb to the disease, improvement may occur within seven to fourteen days. However, certain health effects may persist for months or even years, and the virus can remain in certain bodily fluids, like semen, after recovery.","The acute phase of Ebola can last 7 to 14 days for survivors, but long-term health effects and viral presence in certain fluids can persist beyond this period.","How long does Ebola last? The duration of Ebola virus disease varies by individual. If a person does not succumb to the disease, improvement may occur within seven to fourteen days. However, certain health effects may persist for months or even years, and the virus can remain in certain bodily fluids, like semen, after recovery.","[ 6.95559308e-02  7.11471215e-03  6.70879558e-02 -3.57952453e-02
  6.46532997e-02 -4.34865355e-02 -8.63343030e-02  4.46942523e-02
  8.83998116e-04 -8.81300439e-05  1.43447435e-02  1.08444437e-01
  8.82368162e-02  4.33601923e-02  2.49308394e-03  2.32654475e-02
 -2.63809897e-02 -1.20688058e-01 -2.33065076e-02  1.58044007e-02
  4.85465936e-02 -2.72482242e-02  7.96828233e-03 -4.83630076e-02
 -7.83905834e-02  8.18546340e-02  1.38916932e-02  6.64224755e-03
 -9.86370072e-03 -4.45315316e-02 -2.62653325e-02 -4.85588759e-02
  3.99688371e-02  3.43619436e-02 -5.36892340e-02 -6.16164580e-02
  1.37267243e-02 -2.55588703e-02  4.57323305e-02 -5.43350950e-02
 -5.06285615e-02 -1.71308499e-02  1.54625252e-02 -1.93647202e-03
  4.64417934e-02 -1.15267970e-02  3.05913035e-02 -1.07893907e-02
  1.35814734e-02  2.49524172e-02  3.53225991e-02 -5.79627231e-04
  2.07951684e-02  4.03951779e-02  9.51097161e-03 -9.55436658e-03
 -1.99027658e-02  3.64032090e-02 -5.09955883e-02  2.14453395e-02
  3.39276083e-02  9.18641090e-02  3.57716461e-03 -3.05676293e-02
 -2.13394482e-02 -6.03660941e-02  3.28271836e-02  5.66049130e-04
  6.90760138e-03  1.36268646e-01 -2.95369495e-02 -3.05182282e-02
 -7.21440762e-02  7.41995275e-02 -9.44394525e-03  3.14905569e-02
  9.21512470e-02  3.51780616e-02  9.46894288e-03  2.29950957e-02
  1.44245045e-04  3.43612134e-02  1.02029398e-01  1.03712259e-02
 -2.64402814e-02 -5.42111211e-02  9.43603087e-03  6.48287982e-02
 -4.95110964e-03 -4.04559486e-02 -7.39061553e-03 -1.34440577e-02
 -8.94037075e-03  2.75273640e-02  4.06794064e-02 -5.33546694e-02
 -2.99431942e-02  7.59418160e-02 -8.10567010e-03 -2.27894355e-03
 -1.61802784e-01 -5.98493069e-02 -1.65351387e-02 -8.12680554e-03
  4.19908389e-02 -1.32758403e-02 -6.53602481e-02  6.22589104e-02
 -4.45717797e-02 -4.01127851e-03 -1.09558692e-02 -2.21849699e-03
 -1.18402317e-02  8.55410751e-03  8.03084373e-02  3.79390419e-02
 -9.42871496e-02 -5.19343838e-03  2.60089356e-02  1.68773644e-02
  1.54652253e-01 -6.07986748e-02 -5.19213092e-04  1.32593531e-02
  4.86734807e-02  7.79662728e-02  1.56266689e-01 -1.13857079e-33
 -5.10023870e-02 -7.51435757e-02  2.05649249e-02 -5.33616636e-03
  5.50869247e-03  8.66227690e-03  2.37684697e-02  3.26723978e-02
  2.30493415e-02 -2.63096336e-02  3.11100129e-02 -5.12582995e-02
  1.09360414e-02  1.00610785e-01 -3.18185389e-02  1.79409198e-02
  1.15875691e-01 -9.95281246e-03 -7.45017603e-02  1.42898383e-02
  8.28873143e-02 -9.85498056e-02  2.67605297e-02  1.05884979e-02
  8.09721574e-02 -2.45920960e-02 -1.98925193e-02  4.89701182e-02
 -2.67319642e-02 -3.44932750e-02  1.80255584e-02  1.12400323e-01
 -5.09704873e-02 -1.02790752e-02 -6.06503412e-02 -2.23813881e-03
  8.13412592e-02  6.89586028e-02  9.79554877e-02 -4.60463390e-02
  7.66631141e-02  8.30243975e-02  3.65866125e-02 -6.56065298e-03
  1.34730823e-02 -4.18288037e-02 -5.80417551e-03 -1.48914736e-02
 -6.44138381e-02 -4.29805294e-02  4.85775508e-02  3.04048765e-03
  3.86557728e-02 -4.63685617e-02  6.05479348e-04  4.86563984e-03
 -1.26830768e-02  1.30425720e-03 -3.74746099e-02 -4.09380198e-02
  1.08853258e-01 -2.36701593e-02  1.27122002e-02  2.36465838e-02
 -2.60614790e-02  5.81150614e-02  1.11200176e-01 -1.70515440e-02
 -3.70273329e-02 -2.59049665e-02  2.93869209e-02  2.03590374e-02
 -6.36034533e-02 -7.38708153e-02 -1.87760480e-02 -1.25033081e-01
 -2.50209197e-02 -9.99346972e-02  1.25871515e-02  5.63218370e-02
 -3.14134173e-02 -7.88300708e-02 -6.45013601e-02 -3.85911833e-03
  1.86589230e-02  3.26411314e-02  1.81882754e-02 -1.99324470e-02
 -1.99973099e-02 -3.94007862e-02 -5.52912988e-02  2.73980666e-02
 -1.06894074e-03  5.45967780e-02  6.96466416e-02 -2.62682580e-33
  4.60355207e-02 -7.76425411e-04 -6.46139905e-02  1.22083295e-02
  6.94260076e-02  7.75232986e-02 -4.69604731e-02  1.64727286e-01
 -8.62235799e-02 -4.42840867e-02 -2.30976902e-02 -4.81123365e-02
  6.73487317e-03 -4.96946275e-03 -2.30153985e-02  4.64813821e-02
 -8.59255996e-03 -6.87363297e-02  6.50990102e-03 -4.79985029e-03
  1.32056298e-02 -7.83582702e-02 -1.61956120e-02 -1.10447653e-01
 -3.24718878e-02 -1.32850176e-02 -4.60487977e-03  3.65278777e-03
 -1.04577458e-02 -6.04890771e-02 -7.50558451e-02 -2.29149312e-02
 -9.27341171e-03 -9.33844969e-03 -1.53044965e-02  4.79140244e-02
  2.81387661e-02 -4.84592803e-02  7.60552436e-02 -3.04806735e-02
  5.41591309e-02  3.41253057e-02  1.22472411e-02 -3.30905467e-02
  6.24644309e-02  1.16469301e-01  2.13592611e-02  2.85012890e-02
  7.06951618e-02 -5.23709208e-02  7.22396821e-02 -1.44795757e-02
 -2.54289396e-02 -5.64318933e-02  8.88127461e-03 -4.08331677e-02
 -4.61514220e-02 -8.32356885e-02 -6.84967190e-02 -3.69807556e-02
 -9.20996517e-02 -3.44203226e-02 -6.69064000e-02  7.39687234e-02
 -4.60750796e-02 -2.32446790e-02  4.52445149e-02  4.18487675e-02
  4.48083617e-02 -9.80606973e-02  1.39775639e-02 -1.96606927e-02
 -1.01089805e-01  4.03094180e-02 -1.54823698e-02  1.08483983e-02
 -6.63646907e-02  2.02846318e-03  2.75074895e-02  1.53858112e-02
 -3.85972559e-02 -3.44322138e-02  2.85575502e-02 -6.52649850e-02
  3.42820622e-02  2.46643480e-02  1.56988874e-02 -1.70731805e-02
  4.05719243e-02  5.86777553e-02  5.91925420e-02 -1.01674281e-01
  2.24720463e-02 -5.22564985e-02 -2.23648436e-02 -3.26850689e-08
  1.44873530e-01 -3.08658406e-02 -3.49754794e-03 -2.66750576e-03
  2.39988007e-02  4.57096398e-02 -2.98824720e-03  1.69295613e-02
  8.44520032e-02  2.57940255e-02  3.17573063e-02  2.92995069e-02
 -1.61311263e-03 -2.33027409e-03 -5.27228750e-02  3.13876458e-02
 -9.65246465e-03 -4.41347659e-02  1.83862671e-02 -1.48988292e-02
 -5.84106222e-02 -5.07295579e-02 -2.39337888e-02 -2.12978292e-02
 -2.54799128e-02  5.89692816e-02  2.62859389e-02 -7.21050128e-02
 -1.29706338e-01 -3.65653783e-02 -7.41971582e-02  1.47010600e-02
 -8.48291516e-02  1.36417057e-02 -4.43654619e-02 -6.91336542e-02
  1.01098143e-01 -6.72505274e-02  9.40733310e-03  3.83980349e-02
  4.49438673e-03 -3.48055884e-02 -5.18344678e-02 -5.78659289e-02
  2.86097340e-02 -3.72816697e-02 -1.09516950e-02 -4.62402441e-02
 -4.60068546e-02 -8.53624418e-02  9.19806138e-02  4.55361558e-03
 -2.51751617e-02 -2.58359313e-02 -1.03875976e-02  2.45318306e-03
 -6.51908889e-02 -4.82573686e-03  4.50028144e-02 -8.23680535e-02
 -1.19444320e-03 -1.36882009e-04 -8.37949514e-02 -3.35763860e-03]"
Who is at risk of contracting Ebola?,"People living in or traveling to areas where Ebola virus is present are at risk of contracting the disease. Healthcare workers, family members, and others in close contact with infected individuals or deceased patients from Ebola are also at high risk.",Those in or traveling to regions with Ebola and individuals in close contact with infected persons are at heightened risk.,"Who is at risk of contracting Ebola? People living in or traveling to areas where Ebola virus is present are at risk of contracting the disease. Healthcare workers, family members, and others in close contact with infected individuals or deceased patients from Ebola are also at high risk.","[ 8.32697004e-02 -8.73647816e-03 -2.28283717e-03 -7.08565302e-03
  2.97051966e-02  1.93364173e-02  3.41195427e-02  6.90545738e-02
  2.67954599e-02  9.72691402e-02  4.22187895e-02 -1.22065004e-02
  8.40201303e-02  5.77690527e-02 -2.50319876e-02 -4.18691710e-02
 -3.52269150e-02 -1.18353933e-01 -6.44579902e-02  3.46373878e-02
  7.23679690e-03 -8.37221462e-03  2.18570773e-02 -2.35772133e-03
 -2.74627544e-02 -1.62525531e-02  4.31446917e-02  3.71749327e-02
 -2.59173121e-02 -9.42251470e-04 -7.60065168e-02 -3.24532278e-02
 -7.60927564e-03  3.09443641e-02 -4.37467434e-02 -5.69750704e-02
  1.95622630e-03  4.82587842e-03  8.39302391e-02 -1.29062803e-02
  8.39799549e-03 -6.14600256e-02  6.87000975e-02 -2.08787043e-02
 -1.29273096e-02 -6.05681129e-02  2.99253836e-02 -1.09125525e-02
 -2.17610355e-02 -5.05611934e-02  7.10340366e-02 -3.53781842e-02
  1.66046526e-02  5.01395948e-02 -3.31834182e-02 -6.77713379e-02
 -4.19671796e-02 -6.83528483e-02 -4.26537693e-02  1.15024848e-02
  7.96310827e-02  2.07549669e-02 -8.39642249e-03 -2.58031115e-02
 -6.25712425e-02 -2.50780247e-02  4.32257615e-02  7.24688321e-02
 -3.76942530e-02  7.90214539e-02  3.66813131e-02 -5.71439341e-02
 -6.83481470e-02  1.06079131e-01  8.78680870e-02 -3.64118777e-02
  7.11816475e-02  1.68335810e-02  6.66508777e-03  1.09317834e-02
  6.18910491e-02 -5.20562194e-03  4.95971069e-02 -6.44751126e-04
 -1.81683730e-02  1.57729909e-02 -8.94675683e-03  2.76255119e-03
  5.84036149e-02 -3.29648219e-02 -5.24815582e-02 -8.50165188e-02
  5.84168285e-02  5.81371374e-02 -1.22561716e-02  2.16121599e-02
 -1.51594421e-02  3.01260315e-02 -4.59064506e-02 -2.61944346e-02
 -1.19921915e-01 -6.03787377e-02  5.65463724e-03  1.00959748e-01
 -9.06867813e-03 -8.26512277e-03 -1.16073824e-01 -8.32394734e-02
  2.23603053e-03  2.72962060e-02  2.59703510e-02  1.89867802e-02
 -1.81731079e-02  2.42053978e-02  1.41575933e-02  5.62730245e-02
 -1.04749694e-01 -6.46244809e-02 -5.61231971e-02  1.13803130e-02
  4.00996767e-02 -1.08530954e-03 -1.10995527e-02  1.91834923e-02
  8.93779937e-03 -5.35781495e-02 -6.49998989e-03  1.17399146e-33
  7.56925866e-02 -3.16993743e-02  2.04136763e-02 -1.46255922e-02
  2.72610206e-02 -6.06569368e-03 -6.00554720e-02  3.18407118e-02
 -1.37844207e-02 -2.78423000e-02  7.17063155e-03 -5.41144051e-02
  7.33344778e-02  5.11763319e-02 -6.21965900e-02  5.29948920e-02
  4.05342057e-02 -2.23857574e-02 -1.47821903e-01  1.28734127e-01
  3.03404368e-02 -8.21607709e-02 -1.56364813e-02  3.52316946e-02
 -5.22792060e-03 -1.86332036e-02 -4.80948985e-02 -1.84335001e-02
  1.09678730e-01  1.23100998e-02 -6.03466891e-02  5.11973910e-02
  6.56992048e-02 -6.16677441e-02 -4.66246344e-02  1.00268275e-01
 -5.50882779e-02  4.49539199e-02 -1.18814744e-02 -3.39049213e-02
  9.29743226e-04  4.02765982e-02  5.73414285e-03  4.56439592e-02
  1.07253194e-01 -3.44975777e-02  5.78085966e-02 -7.93121755e-02
 -1.03237391e-01 -2.81635802e-02 -2.63621025e-02  7.22932676e-03
 -2.10639946e-02  4.11431231e-02  2.66699437e-02 -5.09468317e-02
  2.29429659e-02  3.34146097e-02 -3.33368517e-02  4.38756123e-03
 -2.19042227e-02 -3.34530249e-02  2.41858582e-03  4.87425700e-02
 -2.37575062e-02 -2.86186188e-02  1.33062974e-01 -6.05135821e-02
 -3.67897600e-02  7.88429100e-03 -4.80143018e-02  1.41786430e-02
 -1.06726557e-01  3.75976879e-03 -6.26143366e-02 -7.11370818e-03
 -3.97920236e-02  2.28400286e-02  4.78599370e-02  3.74064147e-02
 -8.95372182e-02 -3.97559591e-02  2.30106208e-02  5.24984412e-02
 -2.70290878e-02  1.89738646e-02 -3.14587690e-02  6.19752705e-02
 -8.30957517e-02  4.43300046e-02  8.29573162e-03  2.83808857e-02
  5.99380396e-02  1.08878128e-01  4.97243963e-02 -5.29099889e-33
 -3.80223803e-02  1.76442321e-02 -1.22144651e-02 -3.42289321e-02
  4.47121523e-02  2.56532300e-02  3.77093218e-02 -1.09055407e-01
  1.64078511e-02  5.31022297e-03 -1.06176592e-01 -8.53123143e-03
  3.65757048e-02  1.75850876e-02  1.02285855e-02 -2.08031926e-02
 -7.99813122e-02  3.83846760e-02 -1.15107431e-03 -1.91948563e-02
  1.63365423e-03 -6.92336783e-02 -8.66712444e-03 -3.79977636e-02
 -1.11891059e-02 -1.51923867e-02 -5.98275997e-02  2.41463315e-02
 -8.20563734e-02 -5.93318529e-02 -1.01727583e-01  7.45132938e-02
  2.22786404e-02 -2.76880823e-02 -4.46187891e-02  9.02008414e-02
  8.78987927e-03 -5.26841097e-02  7.36466870e-02 -7.15432763e-02
  8.59842896e-02  1.15947016e-01 -4.28774729e-02 -2.05793828e-02
 -1.30198486e-02  1.10897578e-01  3.72999310e-02  1.42480461e-02
  4.51517552e-02 -1.64693483e-04  1.83233302e-02  5.66179156e-02
 -3.40060629e-02 -1.15744919e-02  7.07197934e-03  3.19284387e-02
 -8.65471065e-02 -4.69993353e-02  8.85686465e-03  2.11920794e-02
 -2.84861550e-02  3.80525887e-02 -6.98556099e-03  3.76572572e-02
 -4.62966561e-02 -2.31173038e-02 -3.70119102e-02  6.29240647e-02
  4.45312597e-02 -2.18412261e-02  1.85189955e-02 -9.31498036e-02
 -5.88331483e-02  3.04081244e-03  2.21872497e-02 -6.31898791e-02
 -3.85014340e-02  4.98989969e-02  5.00834063e-02  3.29791345e-02
  4.47358675e-02 -2.58973427e-02  3.86043005e-02  4.80965991e-03
  2.07217075e-02  4.93795574e-02  7.02020228e-02 -5.05747274e-02
 -1.01713073e-02  2.39894316e-02 -7.28846192e-02 -1.19925821e-02
 -6.66409684e-03 -1.23161174e-01 -8.78115073e-02 -3.38780097e-08
  1.10159963e-01 -7.57431015e-02  2.62528770e-02 -5.91796637e-02
  1.32614784e-02  3.58287692e-02  6.39545731e-03  4.72779907e-02
  5.20132259e-02  1.40281588e-01 -1.48113323e-02  2.71245539e-02
 -9.09837894e-03 -1.10889450e-02 -1.40898803e-03  4.45132405e-02
 -2.19703335e-02 -1.80344693e-02 -7.39268512e-02 -3.62427272e-02
 -7.09952228e-03 -7.59319076e-03  2.09535696e-02 -2.53430046e-02
  3.35481502e-02 -2.10748259e-02  1.02025387e-03 -6.35960931e-03
 -7.46613145e-02  3.31267044e-02 -1.30718991e-01 -4.82930690e-02
 -4.60042879e-02  6.31010681e-02 -2.90440992e-02 -2.46512946e-02
  1.01045072e-01 -9.78673175e-02  4.50797454e-02 -9.53401253e-03
  1.05244793e-01 -1.50289312e-02  4.79536690e-03 -1.98359508e-03
  3.75047401e-02 -4.26832177e-02  2.34731287e-02 -3.74603346e-02
 -1.39156636e-02 -9.65877175e-02 -5.03046289e-02 -7.13448972e-02
  7.74337724e-02 -4.09784839e-02 -8.50348249e-02  1.17263803e-02
 -5.98839000e-02  2.39028428e-02  9.92287695e-02 -2.01874413e-02
 -7.61885345e-02 -1.88341625e-02 -1.52952399e-03 -1.22391758e-02]"
What are the long-term effects of Ebola?,"Survivors of Ebola Virus Disease can experience post-recovery complications known as post-Ebola syndrome. These can include joint and muscle pain, eye problems including cataracts, and neurological problems such as headaches, memory loss, and mood swings.","Ebola survivors can suffer from post-Ebola syndrome, including joint pain, eye problems, and neurological issues.","What are the long-term effects of Ebola? Survivors of Ebola Virus Disease can experience post-recovery complications known as post-Ebola syndrome. These can include joint and muscle pain, eye problems including cataracts, and neurological problems such as headaches, memory loss, and mood swings.","[ 8.42667446e-02  4.32006940e-02  8.32571238e-02  3.94065604e-02
  6.39597103e-02  4.81402390e-02 -5.34877367e-02  4.19120416e-02
 -2.52247993e-02  2.86909100e-02  1.02825388e-02  8.59559253e-02
  6.98784441e-02  1.89660136e-02  1.73820592e-02 -3.59373316e-02
 -4.70361523e-02 -1.75109822e-02 -2.90733036e-02 -6.77727209e-03
  2.84016058e-02 -3.32717486e-02 -6.06300086e-02  3.09065580e-02
 -1.08471602e-01  4.57248501e-02 -2.40899585e-02  4.21496555e-02
 -4.75220792e-02 -7.10286498e-02 -6.87218457e-02 -2.63146665e-02
  1.41313998e-02  1.10779954e-04 -4.92082760e-02 -1.96666475e-02
 -4.49698158e-02  1.07202716e-02 -3.34010669e-03 -4.89612520e-02
 -4.13756147e-02 -4.90373969e-02 -9.03098320e-04 -2.51519959e-02
  2.27555782e-02 -7.11864382e-02  6.40460327e-02 -4.25177813e-03
 -1.87036535e-03  4.44383658e-02  5.07268645e-02 -2.28854660e-02
  2.78517157e-02 -1.37272840e-02  3.11048310e-02 -8.07204992e-02
 -6.12467229e-02  1.63047872e-02 -6.68816045e-02  3.56320105e-02
 -7.71534629e-03  3.23955826e-02 -1.41565315e-02 -1.88060664e-02
 -1.84765197e-02 -2.69654784e-02  3.39624770e-02 -7.51128839e-03
  4.19430174e-02  8.95070061e-02 -3.14952768e-02 -8.19251165e-02
 -9.31803510e-02 -2.90784966e-02  1.43286493e-02  3.86282504e-02
  7.10923448e-02  5.12809609e-04  1.84706897e-02  6.02474846e-02
  6.91792741e-02  4.49345149e-02  3.14265043e-02  2.50731986e-02
 -1.97217315e-02  5.85562177e-03  1.59410890e-02 -1.61927864e-02
 -6.68573305e-02 -4.04279272e-04 -1.48642715e-02 -1.30081072e-01
  3.44376191e-02  3.20820995e-02  2.43125949e-02 -3.41114886e-02
 -7.62190297e-02 -1.93778370e-02 -3.65892090e-02 -2.65568271e-02
 -5.06069064e-02  2.39424966e-03  2.82175783e-02  5.81656061e-02
  1.94379408e-02  3.03926487e-02 -9.64753330e-03 -1.66536849e-02
  1.47457365e-02  3.15359086e-02 -7.78888632e-03  4.89743017e-02
 -2.66248025e-02  7.33284513e-03  9.60928854e-03  2.12009065e-02
 -7.13670105e-02 -9.42532197e-02 -3.03045027e-02 -2.42373310e-02
  1.08359329e-01 -7.81086385e-02 -1.85649761e-03  3.05662360e-02
  2.28950642e-02 -6.59322739e-03 -3.30733950e-03 -1.47799910e-33
 -5.28584281e-03 -5.18987216e-02 -5.40238023e-02  2.02706382e-02
  6.61194921e-02 -1.74421947e-02 -6.48445869e-03  6.04489036e-02
 -3.16283666e-02 -4.62762080e-02  9.57611296e-03 -9.50256642e-03
  6.82356209e-02  7.83770531e-02 -5.06919585e-02  4.36102562e-02
 -1.38440114e-02  5.35914823e-02 -8.81674420e-03  1.26588702e-01
  4.89091389e-02 -1.07255459e-01  2.73540784e-02  1.25873104e-01
  5.06733507e-02 -1.56197129e-02 -3.36646177e-02  2.21105739e-02
 -5.18908799e-02 -1.54872984e-02 -1.08626574e-01  7.04019740e-02
  9.00766533e-03 -5.73641136e-02 -6.61926791e-02  8.48187208e-02
  4.38479595e-02  4.71651927e-02  5.44448756e-02  8.87480844e-03
  3.15940082e-02  9.00847241e-02  1.17786033e-02  6.63981363e-02
  8.97273794e-03 -7.48617351e-02  4.23675515e-02 -1.62564926e-02
 -8.28727856e-02 -2.02181209e-02 -9.79908183e-03  6.01413520e-03
 -2.99728457e-02 -1.03194052e-02 -4.28628380e-04  6.67574927e-02
  1.07657611e-02 -4.51671407e-02 -3.73952873e-02 -2.75735352e-02
  5.31900078e-02 -3.14237103e-02 -9.42611229e-03  5.10625653e-02
 -3.29959742e-03  1.56879891e-02  1.05296582e-01 -4.49092202e-02
 -7.23226815e-02 -2.21359581e-02 -2.43602600e-02 -2.35724244e-02
 -5.60982293e-03  6.46071741e-04 -3.43006104e-02 -7.37895374e-04
 -1.23886362e-01 -5.27362116e-02  2.30487958e-02  1.34292664e-02
  6.13312377e-03 -1.01187825e-01  1.94754805e-02  8.62306263e-03
  1.50820799e-02  8.72133300e-02  2.40344927e-02 -6.93644583e-02
 -1.27623808e-02 -6.08585887e-02  3.71182188e-02  4.37668748e-02
  2.41721738e-02  4.81508598e-02  4.30779951e-03 -3.59430944e-33
 -3.02164350e-02  6.63308846e-03 -8.76888111e-02 -1.18435547e-01
  9.28304717e-03  8.48766342e-02 -4.71166447e-02  1.21438950e-01
 -3.56220193e-02 -8.34726095e-02 -3.78414206e-02 -4.32280116e-02
 -7.90020004e-02  1.51932025e-02 -5.66798821e-02 -5.71325538e-04
 -2.85015292e-02 -2.59556575e-03 -5.47306566e-03  3.66994701e-02
  3.31784897e-02 -3.61027680e-02 -1.14097157e-02 -8.51124749e-02
  2.68797763e-03  5.03506931e-03 -2.78602317e-02 -2.88848709e-02
 -3.52151543e-02 -2.03599930e-02 -1.08952844e-03  4.32203002e-02
  5.92623353e-02  5.03301248e-03  2.22654697e-02  1.12119034e-01
  8.09852034e-03 -6.35301769e-02  8.99412483e-03 -1.45651689e-02
  1.33525074e-01  7.58429170e-02  7.76054412e-02 -3.01645864e-02
  7.12006912e-02  5.80640174e-02 -4.01488021e-02  3.94795202e-02
  7.23566487e-02  4.15149294e-02  8.00613686e-02 -1.50534033e-03
 -1.60514917e-02 -4.29096781e-02  2.14378675e-03 -8.88562202e-02
 -5.10889888e-02 -7.28937611e-02 -3.60852666e-02 -3.63765396e-02
 -1.03290409e-01 -2.14384049e-02 -3.96427326e-02 -6.21958729e-03
  2.58677285e-02 -7.12809861e-02  1.56775527e-02 -2.88216751e-02
  7.71065801e-02 -2.92996150e-02  1.16382418e-02 -9.48775560e-02
 -1.32714808e-01  6.50753975e-02 -9.06858500e-03 -2.03093980e-03
 -1.40384510e-01  1.18462674e-01  1.84431579e-02  8.00422579e-02
 -2.51703709e-02 -1.32114245e-02  7.36002028e-02 -2.05161311e-02
 -1.71861406e-02  3.64951938e-02  2.04566568e-02  3.31169963e-02
  1.45101566e-02 -4.94020246e-03  8.52362346e-03 -8.77269283e-02
 -3.03094350e-02 -5.78029305e-02 -3.08244326e-03 -3.51390099e-08
  3.59480083e-02 -4.57268618e-02 -4.44298200e-02  4.46107388e-02
 -6.92798421e-02  2.74391286e-02  4.58477018e-03  8.00010338e-02
  3.29450052e-03  7.19435737e-02 -2.54947003e-02  1.10931285e-01
  1.99957453e-02  2.25624982e-02 -7.46316835e-02  1.13063037e-01
  1.92342382e-02 -1.99489575e-03  5.02320565e-03 -4.36309464e-02
 -7.56158009e-02 -7.83770345e-04  5.19856717e-03  1.74810495e-02
 -4.04176023e-03 -5.70016506e-04  2.97234813e-03  1.63735114e-02
 -1.10877261e-01 -1.01574762e-02 -1.01121627e-01 -8.86884890e-03
 -7.44222477e-02  2.03313828e-02 -2.21632067e-02 -5.51963039e-02
  1.02818266e-01 -4.41649109e-02  6.51487485e-02  4.04034629e-02
 -6.21585082e-03  3.95317264e-02 -3.10434960e-02 -5.02113067e-03
  1.08767254e-02 -7.37537220e-02  5.28078005e-02 -3.38332802e-02
 -3.61218415e-02 -1.12727307e-01  3.53493020e-02  7.54517764e-02
  1.70834474e-02 -1.09686740e-02 -6.55089617e-02  4.87410650e-02
 -5.08592576e-02  6.42233044e-02  9.41496417e-02 -5.80953620e-02
  5.40018082e-02 -1.29424725e-02 -9.41494182e-02 -2.87339520e-02]"
Can animals transmit Ebola to humans?,"Ebola virus is initially transmitted to humans from wild animals, such as bats or nonhuman primates. Following the initial spillover event, the virus can then spread from human to human.","Ebola can be initially transmitted to humans from infected wild animals like bats and primates, before spreading human to human.","Can animals transmit Ebola to humans? Ebola virus is initially transmitted to humans from wild animals, such as bats or nonhuman primates. Following the initial spillover event, the virus can then spread from human to human.","[ 4.34867591e-02  2.28832476e-02 -5.03979390e-03  3.85647686e-03
  5.89793958e-02 -2.72460142e-03  3.26039307e-02 -2.34626289e-02
  3.30123790e-02  1.00602701e-01  3.92574444e-02  3.20387632e-03
 -1.23341382e-02  7.34703988e-02  5.91382198e-02 -4.35096659e-02
 -1.46485185e-02 -5.64696640e-02 -1.16104912e-02  6.88407347e-02
  3.00834402e-02  4.54870835e-02 -1.87209267e-02 -2.97181495e-02
 -6.87325448e-02 -4.23242152e-02  1.46416025e-02  2.09190231e-03
 -1.72191635e-02  3.13950493e-03  1.32295163e-02 -1.19218983e-01
 -7.38172140e-03  2.14683097e-02 -7.98649713e-02 -6.81907982e-02
  6.14236183e-02  4.47629439e-03  8.14693794e-02  5.11658117e-02
 -3.21079162e-03 -9.32087749e-02  5.20488918e-02  2.57955492e-03
 -8.81323311e-03  2.23570131e-02 -2.23251488e-02  5.82214482e-02
  2.58906875e-02 -8.33485834e-03  2.00963393e-02  7.83087388e-02
  1.74918026e-02  7.47338682e-02 -7.54450783e-02 -4.43057679e-02
 -3.42090130e-02 -2.25232393e-02  2.85274070e-02 -9.67924576e-03
  2.21120045e-02  4.58126850e-02  4.78478223e-02  7.93976337e-02
 -1.61780994e-02 -9.22981650e-02 -2.88685169e-02  5.75032048e-02
 -1.39124552e-02  2.09161211e-02  6.26791194e-02 -3.02049462e-02
 -4.39033331e-03  5.02498401e-03  5.70372604e-02  5.35874590e-02
  5.77897578e-02  1.20701930e-02  2.33382322e-02  6.88296109e-02
  2.64633838e-02 -4.41873036e-02  6.46044463e-02 -6.16937578e-02
  3.89154698e-03  8.50423872e-02  2.01891083e-02  5.07363267e-02
 -7.14133084e-02 -8.25648755e-03 -4.96719368e-02 -6.11357242e-02
  1.22515243e-02  4.51619476e-02 -3.16489562e-02 -6.71923980e-02
 -3.31097841e-02  7.04652350e-03  5.80577999e-02  7.94021995e-04
 -1.33439317e-01 -2.77982894e-02 -3.51576973e-03 -4.57239673e-02
 -5.19957487e-03 -1.38064669e-02 -5.19971214e-02  3.81941833e-02
  3.13915238e-02  4.80196029e-02 -7.28736371e-02  4.83159180e-04
 -1.67694185e-02  3.15567069e-02  7.65440539e-02  2.45404169e-02
 -1.12213716e-01 -9.60061848e-02 -3.91207151e-02 -5.22797666e-02
  6.84688613e-02  4.49789315e-02  1.11479231e-03  3.37436907e-02
  9.45207849e-02 -1.96470916e-02  4.94114272e-02 -9.90932210e-35
 -1.75483134e-02 -9.91057009e-02  1.48115968e-02 -3.38791944e-02
  2.24994472e-03  7.02766478e-02 -1.90863293e-03  9.29330103e-03
  4.28572856e-02 -2.16636769e-02 -4.27502245e-02 -1.33365197e-02
  6.97477683e-02  1.33518547e-01 -5.55415042e-02  2.55791470e-02
  6.86682090e-02 -6.74583316e-02  1.33632561e-02  4.35968600e-02
  7.25300759e-02 -6.67140335e-02  1.96219832e-02 -2.72827633e-02
  6.53570443e-02 -1.36912959e-02 -1.09769039e-01 -4.41686809e-02
  9.26105753e-02  8.30698479e-03 -7.84155577e-02  3.01483702e-02
 -3.61410752e-02  5.20783942e-03 -7.50530735e-02  3.50166224e-02
  3.32078524e-02 -4.12430614e-02  6.95008785e-02 -3.04342881e-02
  1.04113966e-01  2.46074367e-02  1.38946529e-02 -1.57133415e-02
  4.59011048e-02 -1.49928788e-02 -3.34123373e-02 -5.28734401e-02
 -7.35299811e-02 -4.54454273e-02  5.23051014e-03 -1.55547364e-02
 -1.68427024e-02 -4.87779416e-02  6.83185784e-03 -2.62717530e-02
  5.03150597e-02  3.72212678e-02 -2.98387818e-02  1.61068346e-02
 -2.37365123e-02 -2.72579235e-03  2.30398942e-02 -4.47404431e-03
  8.39816332e-02 -7.79535249e-02  1.20144963e-01 -2.95826886e-02
 -4.04815599e-02  3.63119505e-02 -1.47069022e-02  5.70343137e-02
 -6.11450411e-02 -5.77611402e-02 -2.12131552e-02 -5.16958758e-02
 -1.06534539e-02  7.70622957e-03  7.64887333e-02  2.51082722e-02
 -7.94933215e-02  1.96514768e-03 -2.34690402e-02 -2.11053435e-02
 -1.32983653e-02  4.99651693e-02 -6.79063145e-03  1.13153262e-02
 -1.09754223e-02 -1.55248614e-02  4.98732179e-02  7.50708766e-03
 -4.50106673e-02  5.82414214e-03  6.23720549e-02 -3.51248549e-33
 -1.65189747e-02  4.85577136e-02 -4.54877205e-02 -1.49965670e-03
 -2.36455481e-02  8.14211294e-02  4.29929905e-02  5.00078872e-02
 -3.74450088e-02  4.18425016e-02 -8.20000246e-02 -7.42022321e-02
  3.54748443e-02 -2.65685432e-02  1.60351843e-02 -1.92194767e-02
  1.23737110e-02 -2.29576752e-02  1.98923964e-02 -1.00200593e-01
 -7.93659091e-02 -5.44314757e-02  7.48364534e-03 -9.03096348e-02
  6.46052882e-02 -2.74439678e-02 -2.49838028e-02  6.58120811e-02
  9.67998640e-04 -3.70415077e-02 -3.76662724e-02  5.22189289e-02
  6.37720665e-03 -4.86956071e-03  3.69336866e-02  5.21059483e-02
  7.21348450e-02 -3.38046402e-02  6.46798164e-02 -5.90145737e-02
  7.42161945e-02  7.28718862e-02 -6.89678788e-02  1.39766876e-02
 -5.95665909e-03  1.58628717e-01 -1.94407608e-02  7.94559997e-03
 -2.63577197e-02  1.63691938e-02  3.99792492e-02  1.28810667e-02
 -4.69072759e-02 -1.68670714e-01 -3.08351014e-02  1.72048956e-02
  2.28938553e-02 -1.23458028e-01  1.09037235e-02 -9.71312597e-02
 -4.70943972e-02 -2.29830109e-02 -6.88354298e-02 -3.40780094e-02
 -3.51845585e-02 -3.23910341e-02  3.63740139e-02  1.38576571e-02
  2.92795058e-02 -4.53548133e-02  2.78053209e-02  1.25831068e-02
 -3.08032855e-02 -1.40388329e-02  3.47190611e-02 -5.54578705e-03
  2.79796179e-02 -8.12987424e-03  6.12084307e-02 -2.05025766e-02
  3.75157297e-02 -2.20753439e-02  5.84539324e-02  2.32778508e-02
  9.20553878e-02 -1.05923098e-02  2.45021973e-02 -3.26472218e-03
  6.08491339e-03  4.35613170e-02 -4.22155112e-02 -4.07160483e-02
  6.10563643e-02 -4.04930077e-02 -2.13575214e-02 -2.73712093e-08
  1.89968683e-02 -2.98210215e-02  3.16637047e-02  1.75582953e-02
  4.89932764e-03  1.15975603e-01 -3.66370119e-02 -5.88726485e-03
  5.13617992e-02  5.62226623e-02 -9.12844986e-02 -4.74563474e-03
  2.20090430e-02  6.54004812e-02  1.68516058e-02  1.95656754e-02
  5.24042919e-02 -6.83349892e-02  8.88401829e-03 -4.76938300e-02
 -8.83852541e-02 -3.08847632e-02 -1.59087386e-02 -8.71542259e-04
  4.25220020e-02 -5.45358844e-02 -8.06533173e-02 -3.48088481e-02
 -4.17913981e-02 -4.83558811e-02 -1.53110862e-01 -4.77935513e-03
 -8.75352621e-02  4.72131670e-02  8.35804455e-03 -1.83510073e-02
  9.56338570e-02 -1.16458036e-01  1.16009274e-02 -4.92508896e-02
  5.82146347e-02  4.19005938e-02 -2.79969834e-02 -3.53667028e-02
  1.93429384e-02 -2.11258996e-02  6.51234342e-03 -7.47997984e-02
 -2.79126167e-02 -1.11483797e-01 -1.58003177e-02 -3.59459966e-02
  7.70358741e-02 -9.35640782e-02 -1.14863485e-01 -2.49295775e-02
 -1.00710697e-01 -4.70688567e-02  1.02517024e-01 -6.53503984e-02
 -1.65892253e-03  5.86598255e-02  3.47598977e-02  2.41896864e-02]"
How do healthcare workers protect themselves from Ebola?,"Healthcare workers protect themselves from Ebola by using personal protective equipment (PPE), including masks, gloves, gowns, and goggles. They also follow strict infection control practices such as handwashing and the use of disinfectants, and they ensure proper disposal of needles and other instruments.",Healthcare workers use personal protective equipment and follow stringent infection control practices to protect themselves from Ebola.,"How do healthcare workers protect themselves from Ebola? Healthcare workers protect themselves from Ebola by using personal protective equipment (PPE), including masks, gloves, gowns, and goggles. They also follow strict infection control practices such as handwashing and the use of disinfectants, and they ensure proper disposal of needles and other instruments.","[-3.72233875e-02  8.37525725e-02  7.39454553e-02 -2.37966329e-02
  6.23752661e-02  3.30689624e-02  1.19756117e-01  4.76192608e-02
 -2.09149458e-02  8.72845799e-02  3.63397896e-02  3.60166356e-02
  8.64783581e-03  6.99836984e-02 -1.69614051e-02 -4.97362874e-02
  1.65917296e-02 -3.20952050e-02 -3.54555212e-02 -1.67393070e-02
  3.99506930e-03  9.79959778e-03  1.10681111e-03 -2.83425823e-02
 -1.03849858e-01  3.27404886e-02  3.29503492e-02  2.11518425e-02
 -1.41668861e-04  9.58672352e-03  4.46297508e-03 -1.70835868e-01
 -3.56034972e-02  5.10864370e-02 -9.05812755e-02 -3.99264470e-02
  5.11812530e-02  2.50238255e-02  1.09839560e-02  8.63151476e-02
 -4.14809957e-02 -5.16963452e-02 -3.05672549e-03 -3.13042961e-02
  6.60645887e-02  3.93624566e-02  6.26903400e-02  4.87726703e-02
  6.57363050e-03 -6.75326139e-02  4.86637987e-02  2.37869173e-02
 -1.51771735e-02  1.62019916e-02  6.99041272e-03 -9.91998315e-02
 -8.25644564e-03 -6.57178313e-02 -3.66502404e-02  1.67017302e-03
  1.12781702e-02 -4.20569209e-03 -1.36724999e-02  5.71096539e-02
 -6.13608733e-02  1.30107133e-02  1.12301121e-02  3.81160975e-02
  3.32380421e-02  3.17297839e-02 -5.05274720e-02 -1.33392131e-02
  2.09569465e-03  6.31963238e-02  4.66236807e-02  4.98445556e-02
 -3.31498720e-02 -8.54536518e-02  8.39265343e-03  8.18347335e-02
  4.53303829e-02 -3.48533392e-02  9.96364653e-02  8.14093798e-02
  1.49142661e-03  4.22194265e-02 -3.16478312e-04  5.82587626e-03
  4.88472134e-02 -1.00514591e-01 -3.97073664e-02 -5.75471893e-02
  2.81736394e-03  3.14084664e-02  1.35196559e-02 -7.29171410e-02
 -7.04128593e-02  1.91991907e-02 -5.89028820e-02 -2.34874315e-04
 -5.49286678e-02 -8.97486582e-02  2.62824893e-02  5.99339381e-02
 -1.41943907e-02 -4.21975330e-02 -1.90860871e-02 -6.79503903e-02
  1.09209148e-02  1.43304281e-02 -7.46770110e-03  6.63022622e-02
 -6.97834343e-02  2.76705716e-02 -1.25611285e-02  2.85347663e-02
 -5.95292151e-02 -2.39042081e-02 -2.49347482e-02  1.36478823e-02
  7.74898604e-02 -2.85809115e-02 -1.04703559e-02 -2.83192918e-02
  7.23144561e-02 -3.84187850e-04  2.70128679e-02 -6.14813335e-35
  9.77100618e-03  2.85364669e-02  6.03645891e-02 -7.10841566e-02
  2.15321369e-02  2.93423571e-02 -2.37399675e-02 -4.02459279e-02
  3.94354016e-02  4.85837869e-02 -3.37121598e-02  5.85495867e-03
  3.61343995e-02  1.14369787e-01 -3.04707102e-02  7.12126419e-02
 -1.40067497e-02  1.90411899e-02 -1.03617236e-01  7.41709471e-02
  4.31950130e-02 -1.33267611e-01  1.40864672e-02  1.06390715e-01
  6.31403700e-02  5.50751425e-02 -2.19912753e-02  2.64955591e-02
  7.09189847e-02  5.33855148e-03 -8.49260837e-02  8.24827254e-02
  8.54717847e-03  1.62611566e-02 -6.87970594e-02  9.88590866e-02
 -3.40130553e-02  7.40470365e-03  3.99229489e-02 -5.24507500e-02
  5.81045914e-03  2.26131026e-02  6.83095977e-02 -1.19349835e-02
  7.33176768e-02 -3.13215889e-02 -1.08153060e-01 -3.00028287e-02
 -9.68790799e-02 -6.90014800e-03  3.82208936e-02  2.38062162e-02
 -3.67126688e-02 -3.46129090e-02 -2.49370281e-02 -5.89609221e-02
 -6.27416768e-04  7.90082365e-02  4.20553051e-02 -7.99717661e-03
  4.78628613e-02  4.40122150e-02 -2.88080182e-02  3.12581398e-02
 -1.58903822e-02  2.10948847e-02  7.22375289e-02 -6.22349046e-02
  2.82308441e-02  1.60281267e-02 -5.59536554e-02  4.54076454e-02
 -6.22070171e-02 -4.88658026e-02 -8.15774798e-02 -4.54652309e-02
 -2.08714213e-02  5.17189205e-02  4.64715883e-02 -4.44642641e-03
 -7.24719539e-02 -3.94831933e-02  4.04130593e-02  3.52549669e-03
 -5.53384610e-02  1.19368844e-02  1.77980810e-02  9.68369693e-02
 -1.84724107e-02 -9.27471891e-02  5.95282158e-03  1.48565779e-02
  8.07742402e-03  2.35726982e-02 -5.46309166e-02 -2.24557588e-33
  2.96989717e-02  3.78732868e-02 -2.30834708e-02 -8.18546582e-03
  2.79350244e-02  2.85407044e-02  1.89170539e-02 -7.44018471e-03
  4.97485651e-03  4.76743979e-03 -6.86615780e-02 -2.39639133e-02
 -1.26597704e-02  3.04229930e-02  2.68958826e-02 -3.90372649e-02
 -2.27396600e-02  2.17535943e-02 -5.78570515e-02 -4.76797819e-02
 -4.15348262e-03  2.10161600e-02  4.81354780e-02 -3.53429653e-03
  1.18715027e-02 -1.32917641e-02 -3.15498821e-02  4.23106644e-03
  3.13801467e-02 -8.05121139e-02 -1.08669959e-01  4.24985290e-02
  2.08326653e-02 -9.27605946e-03 -4.98286523e-02  1.78498495e-02
 -3.33435610e-02  1.19236745e-02  4.79594879e-02 -1.82571039e-02
  7.14143366e-02  9.38465074e-03 -2.66506039e-02  4.62778099e-02
 -1.93700287e-02  9.18443352e-02 -1.17123185e-03 -3.29163112e-02
 -1.29784830e-02 -5.37399873e-02  1.36438366e-02  1.15719093e-02
 -3.33770812e-02 -5.09979241e-02 -4.38480787e-02 -3.99006810e-03
 -1.65087469e-02 -1.13268964e-01 -3.50835100e-02 -5.93660586e-02
 -8.13728105e-03 -3.84781957e-02 -3.71904261e-02  9.06652585e-02
 -3.12548801e-02 -3.33172865e-02  2.38116551e-02  7.64690563e-02
  3.50873768e-02 -2.29822099e-02  3.39783765e-02 -5.30430414e-02
  1.95134301e-02 -3.02000400e-02 -2.07977016e-02 -6.36894181e-02
 -1.12820432e-01  5.42124435e-02  3.51894298e-03  1.02636367e-01
  9.54141468e-03 -1.15697533e-01  3.72514734e-03  5.46727777e-02
  7.89583921e-02  4.14806679e-02  5.33715077e-02 -6.28019050e-02
 -6.71686307e-02  1.14521896e-02 -8.71530399e-02 -2.26845481e-02
 -2.52017453e-02 -1.41790863e-02 -6.03004731e-03 -3.27206031e-08
  1.18470557e-01 -4.91626263e-02  4.04522903e-02  3.08742858e-02
 -9.95484069e-02 -2.41081119e-02 -1.78446881e-02  4.10667434e-02
  5.68855405e-02  5.69382384e-02  1.70771487e-03 -8.40884447e-03
  1.89321358e-02  5.37185594e-02  3.07902768e-02  9.23151895e-02
 -1.47305066e-02  3.64595912e-02 -7.63973668e-02 -1.03033595e-01
 -2.66246647e-02 -4.55255434e-02  5.64472051e-03  1.58280246e-02
  3.62708457e-02  6.46977276e-02 -2.75303535e-02 -3.89686637e-02
 -9.47052240e-02  1.30689591e-01 -9.91886109e-02 -2.91968305e-02
 -5.74471503e-02 -8.65906384e-03 -5.52955680e-02  3.69803272e-02
  1.55670539e-01 -7.70003498e-02  9.40109342e-02 -4.79891784e-02
 -1.80058721e-02 -8.36731270e-02  8.08688405e-04  2.80709937e-02
  9.92081966e-03 -3.71578038e-02  3.70443538e-02 -5.03747799e-02
 -5.51170073e-02 -4.94812839e-02  7.56288692e-02 -3.49397063e-02
  7.67382458e-02 -7.89851788e-03 -1.15715861e-01  3.47282998e-02
  3.45062427e-02 -6.78084567e-02  5.72530404e-02 -2.22778469e-02
 -3.99634689e-02 -3.38681489e-02  5.39464392e-02  3.03532649e-02]"
What role do traditional practices play in the spread of Ebola?,"Traditional practices, such as burial ceremonies in which mourners have direct contact with the deceased, can play a role in the transmission of Ebola. Such customs may inadvertently facilitate the spread of the virus among attendees.",Traditional burial practices involving contact with the deceased can contribute to the spread of Ebola.,"What role do traditional practices play in the spread of Ebola? Traditional practices, such as burial ceremonies in which mourners have direct contact with the deceased, can play a role in the transmission of Ebola. Such customs may inadvertently facilitate the spread of the virus among attendees.","[ 9.95302945e-02  8.14195499e-02  4.49726991e-02 -3.72631624e-02
  3.00302245e-02  7.92412367e-03 -3.71380486e-02 -4.48998697e-02
  8.18543322e-03  6.63760975e-02  3.62027436e-02  3.95665169e-02
 -1.79013591e-02  6.43470511e-02  6.05804436e-02 -1.00734411e-02
 -4.33049686e-02 -2.49712728e-02 -6.18014522e-02  6.89763054e-02
 -1.81150027e-02 -3.02930176e-02  5.91239743e-02 -1.81419682e-02
 -8.04743394e-02  7.40095694e-03  2.87503935e-02  1.89909041e-02
  2.24028993e-02 -5.95181696e-02  1.75220352e-02  8.87662917e-03
 -4.65327948e-02  2.59394888e-02 -1.39666423e-01 -9.30216908e-03
  6.73564598e-02 -9.50818881e-04  4.78445254e-02  2.89826617e-02
  2.12705750e-02 -2.69507766e-02  1.01210296e-01 -1.78146120e-02
  7.23074973e-02  1.76245105e-02  3.72555219e-02  3.30205783e-02
 -1.17427222e-02 -4.57457863e-02  3.88675593e-02  2.97778007e-02
 -7.83891510e-03  9.08006653e-02 -1.79716107e-02 -4.78621684e-02
 -2.16564778e-02 -6.19367547e-02 -2.92343814e-02 -5.99300896e-04
  4.70443703e-02  6.33783713e-02 -4.59865248e-03  3.79653624e-03
 -9.88489985e-02 -1.28237516e-01  2.83959955e-02  7.97206610e-02
 -7.67232710e-03  6.00252626e-03 -2.44653765e-02  1.88866595e-03
  2.34595370e-02  9.10096318e-02 -3.97272445e-02  1.49595859e-02
  1.75990611e-02 -7.45242313e-02 -8.72804448e-02  2.17601983e-03
  6.00106865e-02  3.56951286e-03  1.00255869e-01  1.35741318e-02
 -3.14296223e-02  8.40115827e-03 -4.47082333e-02 -3.57710719e-02
 -2.08696770e-03  1.07297823e-02 -1.36709111e-02 -8.49619508e-02
 -2.71819569e-02 -9.77348443e-03  8.01839028e-03 -2.24242564e-02
  1.58896931e-02  3.20683941e-02  2.85903607e-02  4.08094563e-02
 -6.54176623e-02 -2.15988047e-02 -4.64864494e-03  1.50219761e-02
  7.88979523e-04 -4.00320962e-02 -1.54884830e-01 -8.74228217e-03
  4.64351177e-02 -4.65494301e-03 -5.40717356e-02 -1.97748514e-03
 -1.18248619e-01  3.03237271e-02  3.78497429e-02  9.10293907e-02
 -3.99125628e-02 -8.82140622e-02 -5.26675656e-02 -2.71781869e-02
  8.88377875e-02 -2.04883963e-02  3.50950140e-05  6.73934028e-06
  6.81108460e-02 -1.23110805e-02  5.81186526e-02 -1.34436458e-33
  1.29942885e-02 -5.88371195e-02  1.28072454e-02  8.23532511e-03
  9.44173485e-02 -5.75600984e-03 -2.89929695e-02 -8.31818022e-03
  4.31126319e-02 -2.37396285e-02  6.25955686e-03  1.52971987e-02
  5.42389601e-02  9.67549756e-02 -4.89700735e-02  7.43798155e-04
 -4.04304080e-02  1.14623597e-02  8.30866117e-03  6.92647547e-02
  7.05428571e-02 -9.72891897e-02 -2.19328664e-02 -2.11957656e-03
  1.42165739e-02  2.08698530e-02 -2.01960597e-02  4.43906635e-02
  2.23564990e-02 -7.96595996e-05 -1.81878395e-02 -8.69479496e-03
 -3.61611741e-03 -5.59309386e-02  1.68192778e-02  1.14649601e-01
  1.49362367e-02 -1.30483676e-02  2.59116814e-02 -3.49891149e-02
  5.14561795e-02  1.06302388e-02 -1.23991985e-02  1.77998096e-02
 -2.68568611e-03  3.20007168e-02  3.04969456e-02 -2.29286775e-02
 -2.12813057e-02 -8.92911572e-03  6.58139959e-02 -7.72203086e-04
  4.20951024e-02 -4.78787720e-02  6.46653324e-02  4.40026075e-03
  4.30599861e-02 -3.65462303e-02 -6.88993838e-03 -7.52362087e-02
  5.45307398e-02 -6.43450394e-02 -2.79509965e-02  8.13456327e-02
 -5.57944290e-02 -4.77503845e-03  9.40216184e-02 -8.16105157e-02
  3.47515382e-02 -2.58174613e-02 -2.89715733e-02  7.34056309e-02
 -1.07702881e-01 -5.46341613e-02 -7.02439472e-02 -2.06985660e-02
 -5.52788377e-02 -3.81832235e-02  1.15955949e-01  1.67722870e-02
 -2.10791361e-03 -7.98833743e-02  9.63426474e-03  4.38127741e-02
 -3.15422975e-02  3.23538370e-02  6.78979373e-03  1.56042576e-02
 -2.82492563e-02 -4.79063997e-03 -3.89089473e-02  2.74220202e-02
  1.10809905e-02  1.10478690e-02  3.28907222e-02 -2.08290895e-33
  4.93017677e-03  6.27312483e-03 -2.71046162e-02  4.46921736e-02
  1.73281413e-02  5.61086833e-02 -5.98746836e-02 -6.22235052e-02
  3.56262550e-02  3.47332284e-02 -8.32897127e-02 -8.91770516e-03
 -1.56106765e-03  3.45778950e-02 -1.34525718e-02 -8.37671682e-02
 -3.16233784e-02  1.00129649e-01  1.50698656e-02 -1.04476968e-02
 -5.84141873e-02 -3.81452730e-04 -6.95501873e-03 -8.84440541e-02
 -2.18086434e-03  9.93025210e-03 -5.93418181e-02 -9.56770265e-04
 -1.73838492e-02 -7.38968328e-02 -5.64447120e-02  6.02808455e-03
  3.30838971e-02 -4.98138182e-02 -2.50690747e-02  1.45119801e-01
  1.42567288e-02  8.88662692e-03  4.92138788e-02 -6.28697425e-02
  8.48385245e-02  8.00287127e-02 -4.22642902e-02  5.59679903e-02
 -4.03191522e-02  1.51284039e-01 -3.93977500e-02  5.75554371e-02
  7.34981373e-02 -2.08082385e-02  5.33781126e-02 -3.87935131e-03
 -6.91783652e-02 -7.35807270e-02 -1.77650806e-02  3.94688845e-02
 -8.70037898e-02 -8.05266649e-02 -1.00076474e-01 -5.06087653e-02
 -3.51154879e-02  9.44611430e-03 -7.49152824e-02 -3.44426855e-02
  1.31567167e-02 -4.88664620e-02  4.37522717e-02  5.46853282e-02
 -3.01760603e-02  5.73842460e-03 -1.18788611e-02 -5.72077483e-02
 -9.34596360e-02  1.59321409e-02 -1.60424951e-02 -1.52045209e-02
 -6.48275316e-02 -3.56678888e-02  6.02036566e-02  1.33325696e-01
 -3.50537524e-02 -1.10434823e-01  1.65480301e-02 -3.60790826e-02
  1.87377762e-02  6.64237291e-02 -2.78861690e-02  4.12559230e-03
  8.00298806e-03  1.11377183e-02 -2.87247784e-02 -4.44023982e-02
 -1.34189450e-03 -7.84535035e-02 -5.09777293e-02 -3.17001216e-08
  7.73034617e-02 -9.05276388e-02  3.27959284e-02  2.24449509e-03
 -7.09049478e-02  2.48960182e-02  8.55653062e-02  1.85990203e-02
  4.62966189e-02  1.27939627e-01 -7.85520747e-02  5.93400747e-02
  5.28143793e-02  1.97000918e-03  3.53476815e-02  5.60945943e-02
  1.03548996e-03 -5.85799217e-02 -1.06954254e-01 -3.99645641e-02
 -1.30411074e-03 -4.02505398e-02  2.21423320e-02 -3.74997258e-02
  3.72915976e-02  1.11275930e-02  4.33944585e-03  7.01811761e-02
 -4.03401479e-02  6.63052499e-02 -6.81934059e-02 -2.31741108e-02
 -5.48006035e-02  2.38058064e-02 -6.75502792e-02 -1.66901834e-02
  1.16715662e-01 -6.47388920e-02  6.11292236e-02 -6.82685000e-04
  1.91802774e-02 -1.39610648e-01 -3.44738998e-02 -1.23477378e-03
 -3.77535410e-02  1.66407917e-02 -2.98402901e-03  1.48883201e-02
 -7.12631866e-02 -8.73818919e-02  2.03525554e-02  1.06619149e-02
  4.76179719e-02  2.09764466e-02 -7.77114257e-02  4.53413539e-02
 -1.70579981e-02  2.91029047e-02  1.09853186e-01 -4.74630371e-02
 -5.14867669e-03  3.72320861e-02  8.80640000e-03  1.25844134e-02]"
How is the international community responding to Ebola outbreaks?,"The international community, including organizations like the World Health Organization (WHO) and the Centers for Disease Control and Prevention (CDC), responds to Ebola outbreaks by providing technical assistance, deploying health experts, offering medical supplies and equipment, and supporting research and development of vaccines and treatments. They also work with local governments to establish response strategies and containment efforts.","International health organizations assist in responding to Ebola outbreaks with expertise, supplies, and support for vaccine and treatment research.","How is the international community responding to Ebola outbreaks? The international community, including organizations like the World Health Organization (WHO) and the Centers for Disease Control and Prevention (CDC), responds to Ebola outbreaks by providing technical assistance, deploying health experts, offering medical supplies and equipment, and supporting research and development of vaccines and treatments. They also work with local governments to establish response strategies and containment efforts.","[ 3.98226269e-02 -5.49400365e-03  5.99794649e-02  2.05696747e-02
  3.28810066e-02 -2.13843808e-02 -2.56018657e-02  2.42920574e-02
  1.02114473e-02  8.75542089e-02  1.81093235e-02 -3.47618610e-02
 -1.91727765e-02  8.03297460e-02 -2.13023014e-02 -4.03572321e-02
 -2.54070610e-02 -5.60564920e-02 -6.36787191e-02 -4.10935283e-02
 -4.64608483e-02  1.56993570e-03  8.12366456e-02  3.41357291e-02
 -1.45876959e-01  3.27312723e-02 -5.41243814e-02  2.02163085e-02
 -5.56326620e-02 -1.67578142e-02  7.61602819e-03 -5.87842539e-02
 -9.92609654e-03  4.02070396e-02 -2.85893083e-02  3.81709635e-02
  4.83039171e-02  1.83491707e-02  4.08703983e-02 -3.79857165e-03
  1.79230794e-03 -7.78411329e-02  6.28224090e-02 -3.68789360e-02
  4.86430675e-02 -2.63451859e-02 -3.65879610e-02  9.84927639e-02
 -1.75978262e-02 -5.57634234e-02  6.34974167e-02 -2.47537233e-02
  2.87129562e-02  4.04385030e-02 -3.31417774e-03 -1.86963398e-02
  9.73943714e-03 -1.04522184e-02  1.90968495e-02 -8.49326625e-02
  4.70128879e-02  2.07582884e-03 -1.96607746e-02  5.27203903e-02
 -2.14710478e-02 -2.75277030e-02  3.34835537e-02  7.06976280e-02
  1.62794755e-03 -6.38863146e-02  4.22353558e-02 -1.55671276e-02
  1.76425837e-02  1.44866616e-01  5.48133701e-02  3.79991010e-02
  9.61161330e-02  4.09912504e-02  9.33575407e-02  8.73101130e-02
  1.13181993e-01 -3.09528895e-02  9.42543745e-02  3.24359047e-03
  2.54381970e-02 -2.25841589e-02 -8.03382602e-03  1.24414563e-02
  4.90667336e-02  9.31431912e-03 -2.18904875e-02 -4.76058014e-02
  4.23791818e-02  2.86769327e-02 -4.06113081e-02 -6.44741580e-03
  9.14311931e-02 -3.11861373e-02 -4.71609235e-02  3.93351689e-02
 -3.09031680e-02 -8.80263075e-02 -1.68796466e-03 -5.33376634e-02
 -4.24622856e-02 -2.18677148e-02 -8.95348191e-02  3.17334644e-02
 -1.04327453e-02  2.13999674e-02 -1.03778705e-01 -2.49926616e-02
 -4.55851033e-02  1.02606993e-02  2.42810752e-02 -2.19116509e-02
 -3.45952697e-02  4.60987072e-03 -1.51025411e-02 -5.64638563e-02
  3.48783731e-02 -2.36500259e-02 -1.37246801e-02 -4.70426604e-02
  8.57727155e-02  2.63946075e-02 -9.82501917e-03 -2.32848772e-33
 -4.69343662e-02  1.58104729e-02  5.27946800e-02  3.26943211e-03
 -4.53668041e-03 -4.40238900e-02 -5.53714670e-02  4.65818308e-02
 -2.13029180e-02 -6.19521216e-02 -4.27003689e-02  5.38337529e-02
  9.36774984e-02  1.27319857e-01 -3.63503918e-02 -1.25463875e-02
  1.79074146e-02  8.82572774e-03 -8.06175098e-02  9.71348584e-02
  4.85360362e-02 -1.02092855e-01  6.78403229e-02  6.49750605e-02
  8.94661099e-02  9.99549869e-03 -7.15585425e-02  1.94053967e-02
  7.34013095e-02  1.04458807e-02 -3.96813042e-02  4.36610989e-02
 -2.07454972e-02 -1.10057980e-01 -1.58876870e-02  1.95552222e-02
  3.33597325e-02  8.07348453e-03  3.66300647e-03 -4.45618480e-02
  8.84111319e-03  9.69782174e-02 -5.18165268e-02  3.31916064e-02
  9.56715867e-02  1.48688341e-02 -4.59818216e-03 -1.37553643e-02
 -4.89146151e-02 -2.54765507e-02  4.83027399e-02 -2.98782270e-02
 -4.56790142e-02 -9.70524643e-03  8.88796970e-02 -2.62051879e-04
  9.43734031e-03  3.01734433e-02 -1.14789547e-03 -6.37076795e-02
  1.04241930e-01 -4.90829833e-02 -5.89540377e-02  2.10656915e-02
  1.11803468e-02  2.76886784e-02  8.97035971e-02 -5.23019629e-03
  2.10431591e-02 -7.60773721e-04 -1.95052549e-02  2.90481579e-02
 -1.46711525e-02  4.95001115e-02 -1.03327207e-01 -1.33043323e-02
 -7.31819794e-02 -3.17826681e-02  3.04566324e-02  6.22398071e-02
 -5.90870902e-02 -2.80903392e-02  6.01762254e-03  4.94675897e-02
  4.12225537e-02 -6.91869878e-04 -4.09555882e-02  1.07077606e-01
  9.45597980e-03 -7.27199987e-02 -6.88450560e-02  1.09346732e-02
  1.11943809e-02  9.50495675e-02  2.99359690e-02 -8.29353233e-34
  2.59289779e-02 -9.47651174e-03 -4.25218083e-02 -3.70593462e-03
 -2.55752914e-03  6.22524656e-02 -3.53149958e-02 -5.61461896e-02
  8.55139866e-02  4.54082526e-02 -9.57995802e-02 -7.50476643e-02
  1.58689879e-02  5.66787459e-02 -2.69617755e-02 -1.84499267e-02
  1.88566707e-02 -9.15110111e-03 -2.29183696e-02 -1.52114769e-02
 -1.99831408e-02 -5.67322373e-02  3.80621590e-02 -6.69560283e-02
 -8.15824606e-03 -4.01846692e-03  1.49482116e-02 -1.16535034e-02
 -6.36964198e-03 -8.82558450e-02 -4.38322797e-02  1.56993233e-02
 -8.44181515e-03  2.24275738e-02 -5.90326414e-02  1.14556842e-01
  2.94658709e-02 -4.61339429e-02  1.02355657e-02 -1.18425097e-02
  9.03332904e-02  5.73937260e-02 -1.19940706e-01  2.05843914e-02
 -6.56783357e-02  1.34393424e-01  1.09784156e-02  6.62379190e-02
 -4.54833731e-02 -5.13302572e-02 -2.21737027e-02 -5.29024042e-02
 -3.46578583e-02 -2.09722649e-02 -1.33698313e-02  1.91788245e-02
 -3.60964350e-02 -7.14898929e-02 -5.63629679e-02 -5.30779436e-02
 -6.66005909e-02 -6.27074614e-02 -7.38090649e-02  3.84173431e-02
 -1.34387743e-02 -3.88407484e-02  7.77625591e-02 -3.79935056e-02
  1.95760690e-02 -5.42359389e-02  5.99685013e-02 -1.99650377e-02
 -8.07409585e-02 -1.98173597e-02  3.35577913e-02 -4.61289100e-02
 -8.43196288e-02 -7.83552602e-03  6.79514278e-03 -2.34331004e-03
  5.16781285e-02 -7.24749416e-02  4.06480506e-02 -4.69832979e-02
  4.74617481e-02  3.99474837e-02  5.12769856e-02 -7.36150565e-03
 -2.01340113e-03  7.04432055e-02 -3.89351398e-02 -5.33311218e-02
  2.87712775e-02 -9.58804786e-03 -4.74911183e-03 -3.54823513e-08
  8.35594758e-02 -5.79593405e-02  1.01547530e-02  5.47075868e-02
 -2.48479489e-02  8.38246122e-02 -8.83330554e-02  6.04351871e-02
  4.93150093e-02  7.43615702e-02  2.43046973e-02  6.58539459e-02
 -6.34039147e-03  2.98499521e-02  4.00880724e-02  6.98015327e-03
  7.03338999e-03  7.03338459e-02 -6.22278526e-02 -6.59111142e-02
 -1.91373825e-02 -1.38519239e-02  1.97077822e-02 -2.52068117e-02
  9.77342576e-02 -4.02625203e-02 -6.31538481e-02 -3.75958681e-02
 -7.91228488e-02 -6.00745939e-02 -1.15380391e-01 -4.56554256e-02
 -7.18308985e-02  1.49256308e-02 -4.86972071e-02 -2.45840587e-02
  1.06323272e-01 -8.18124413e-02  5.81442080e-02 -8.87015089e-02
  2.08035726e-02  3.86872701e-02 -4.57658879e-02 -1.85221713e-02
  8.16707313e-03  1.48135237e-03 -7.78622320e-03  3.29371961e-03
 -2.09983382e-02 -1.38949797e-01 -7.26878457e-03 -6.94945753e-02
  3.99277434e-02  3.80788147e-02 -7.02880844e-02  1.43647986e-02
 -3.84688415e-02  1.16458291e-03  1.01915509e-01  3.50491181e-02
  1.23306690e-02 -5.54435402e-02 -3.03050354e-02 -1.77998152e-02]"
What vaccines are available for Ebola?,"There are vaccines available for Ebola, such as the rVSV-ZEBOV vaccine, which has shown high efficacy in protecting against the Zaire ebolavirus species. This vaccine is used in a ""ring vaccination"" strategy, where contacts and contacts of contacts are immunized to prevent the spread of the virus.","Vaccines like rVSV-ZEBOV are available for Ebola, utilized in ring vaccination strategies to control outbreaks.","What vaccines are available for Ebola? There are vaccines available for Ebola, such as the rVSV-ZEBOV vaccine, which has shown high efficacy in protecting against the Zaire ebolavirus species. This vaccine is used in a ""ring vaccination"" strategy, where contacts and contacts of contacts are immunized to prevent the spread of the virus.","[ 3.39576490e-02  2.54316367e-02  9.04441439e-03 -7.06708133e-02
  5.58503829e-02  1.03084920e-02  1.95916463e-02  2.43376940e-02
  4.70949858e-02  8.35912824e-02  2.87778042e-02  2.75743082e-02
  7.08910599e-02  4.66822833e-02  4.73287739e-02 -2.08876915e-02
  6.58444613e-02 -7.92044699e-02  5.78309409e-02 -4.36317697e-02
 -9.92696849e-04  4.99295853e-02  5.45381717e-02 -2.28665639e-02
 -1.22398280e-01 -1.37844328e-02 -2.16596108e-02  4.47610542e-02
 -5.68395928e-02 -7.90018141e-02 -1.13791961e-03 -7.57001936e-02
 -8.66218954e-02 -3.60453650e-02 -6.64674714e-02 -1.13229722e-01
 -8.94979108e-03  5.36887757e-02 -1.35921256e-03  1.61359627e-02
 -3.35044637e-02  2.44191196e-02  1.15702078e-02 -8.63069855e-03
  3.56347524e-02  5.68340383e-02  1.14720641e-02  5.29491976e-02
  2.74378005e-02 -4.13473882e-02  5.38494997e-02 -4.49401475e-02
  8.05780943e-03  7.80998543e-02  2.90004034e-02 -1.15589544e-01
 -7.38525763e-02 -1.10529913e-02  2.55553275e-02  2.18825601e-02
 -3.12221739e-02  5.44619337e-02  9.11215879e-03  2.42686924e-02
 -1.53270498e-01 -1.51773896e-02 -1.20731853e-02  8.91646221e-02
 -3.43561843e-02  5.58924340e-02 -1.04955574e-02  5.07861599e-02
 -1.09764524e-02  1.02273725e-01  1.36610363e-02  4.21446711e-02
  1.29553393e-01 -1.46299023e-02  4.62919958e-02  6.64281175e-02
 -3.12633626e-02 -2.81665009e-02  5.27096987e-02 -3.41030918e-02
  5.98274730e-02  2.71820258e-02 -8.14072136e-03  3.92513815e-03
  5.69084436e-02 -5.73684983e-02  3.32811624e-02 -6.20932430e-02
 -9.03532002e-03  5.68156503e-02 -2.39346027e-02 -8.36510286e-02
 -6.46394110e-05  1.08364038e-02 -4.60212901e-02  7.89329875e-04
 -7.47533664e-02 -1.18090518e-01  7.70438462e-02 -2.13450659e-02
  1.34159913e-02  2.33938117e-02 -8.63812515e-04  6.53972896e-03
  1.33118797e-02 -4.93838545e-03 -7.69666359e-02 -3.52582596e-02
 -7.05744326e-02 -1.28815733e-02  1.50089897e-02  4.18564975e-02
 -2.46379860e-02 -8.05436969e-02  7.96559174e-03 -5.27726226e-02
  8.19964409e-02 -2.86882780e-02 -3.66268121e-02 -3.43338773e-02
  4.74683978e-02  3.24257277e-02  4.82068360e-02 -1.25217313e-33
 -2.03369968e-02  6.33307248e-02  3.69922705e-02 -8.00146256e-03
  1.00311311e-02  3.31212915e-02  2.24168748e-02  7.61313960e-02
 -5.43289408e-02 -4.44299392e-02 -9.17620771e-03 -2.44668219e-03
  4.41644639e-02  1.65436998e-01 -4.92453622e-03  2.56620757e-02
  1.80857889e-02 -5.04779033e-02 -3.53358872e-02  5.77514917e-02
  5.00639267e-02  3.70796444e-03  1.96644366e-02  4.32295762e-02
  5.16011193e-02  5.19152358e-02  1.51606603e-02  7.53483619e-04
  3.76852957e-04  2.38534044e-02 -3.86656150e-02  4.64858264e-02
 -5.42026944e-02  1.43684931e-02 -3.83585319e-02  3.48250642e-02
 -3.69724142e-03 -1.87299249e-03  1.09174456e-02 -1.67761892e-02
  9.83132422e-02  9.30033624e-02 -1.93988401e-02  1.89660266e-02
  5.92800453e-02 -5.91162220e-02 -1.11209843e-02 -1.65826809e-02
 -3.19756083e-02 -4.78714630e-02  7.70791993e-02  6.15917286e-03
 -4.42219861e-02 -6.25571012e-02 -3.19543593e-02  4.66115121e-03
 -3.13753560e-02  8.62623230e-02  2.86727343e-02 -3.05516887e-02
  3.11705228e-02 -5.26814833e-02  1.49806682e-02  6.90639345e-03
 -1.30527318e-02  2.31520981e-02  7.35648796e-02 -9.65618193e-02
 -2.83110160e-02  8.93815793e-03  2.13677417e-02 -2.29092035e-02
 -2.28488818e-03  8.04472528e-03 -4.18223031e-02 -2.07882039e-02
  3.73208808e-04 -8.40335488e-02  7.77618438e-02  6.59932718e-02
 -3.12455129e-02 -7.71268830e-02 -6.70817569e-02  3.58535610e-02
 -1.00818910e-02 -3.68140303e-02 -5.30823916e-02  1.82654634e-02
 -3.13238651e-02 -2.64667310e-02 -1.81589555e-02  6.83233812e-02
  8.39352887e-03  2.23884676e-02  6.39055716e-03 -1.42955128e-33
  1.63661353e-02  2.42759567e-02 -4.12451252e-02  7.80628845e-02
  6.10095523e-02  1.08467571e-01  4.49678563e-02 -7.68037364e-02
 -1.44895781e-02 -8.79498944e-02 -7.91418254e-02 -8.92502442e-02
  3.94181088e-02  2.02392787e-02 -3.81974652e-02 -1.74421519e-02
 -8.21296722e-02 -2.62545627e-02  2.34696288e-02 -6.38765562e-03
 -8.98753759e-04 -1.32799661e-02  8.05721730e-02 -9.76245701e-02
  6.55606911e-02 -3.84330750e-02  1.39993150e-02  4.80749272e-02
  1.32925967e-02 -2.42141820e-02 -1.47463292e-01 -2.53374893e-02
  6.91455528e-02  1.42059140e-02 -5.12484126e-02  8.87794122e-02
  5.91713525e-02 -3.77724506e-02  4.04959805e-02 -4.17154469e-02
  5.53704426e-02  4.30174768e-02  1.09694293e-03  4.07550558e-02
  1.50308171e-02  1.31037474e-01  1.17900604e-02  7.42852986e-02
  7.16410503e-02  1.96441673e-02  4.38934937e-03 -4.58263308e-02
 -8.33988413e-02  1.18145095e-02 -5.24067171e-02 -1.27012245e-02
 -4.88535538e-02 -1.57708023e-02 -2.33130492e-02 -5.74079249e-03
 -7.17412457e-02 -1.19348383e-02 -2.00074632e-02  3.30012036e-03
  2.00228281e-02  1.03009036e-02  5.98659888e-02  2.59345863e-02
 -2.08011977e-02 -7.68013895e-02  5.25904819e-02 -7.37885851e-03
 -2.14243419e-02 -1.83456298e-02 -3.13013010e-02  3.19146225e-03
 -5.88531978e-02  2.42388006e-02  1.27220340e-02  5.62971719e-02
  7.07460418e-02 -3.91903631e-02  5.65769002e-02  5.82784042e-02
  6.71897903e-02  7.66669288e-02  1.55303907e-02 -4.11354266e-02
 -1.90841630e-02  2.67946199e-02 -9.10087209e-03 -6.65396973e-02
  6.63341954e-02  2.59375833e-02 -5.01520932e-02 -3.33744161e-08
  1.64198950e-01 -9.36528668e-02  2.33051851e-02 -3.01886331e-02
 -6.56007379e-02  2.47147549e-02 -1.93319023e-02  1.61995403e-02
  1.85591448e-03  7.56353214e-02  6.35208050e-03  6.87525719e-02
  7.57023552e-03  9.41613317e-03  5.26523888e-02  5.24976850e-02
  8.61874782e-03  2.93051917e-03 -5.26022688e-02 -3.45366001e-02
 -1.20100798e-02  2.80333776e-03 -1.79841407e-02 -3.31049785e-02
  1.67380664e-02 -1.60912201e-02 -8.92641768e-02 -7.60682002e-02
 -8.57007969e-03 -1.03204273e-01 -1.25453219e-01 -2.45608706e-02
 -1.22171752e-02 -1.21267900e-01 -4.75877523e-02  2.12409231e-03
  1.04482220e-02 -1.47734107e-02  4.17443961e-02 -4.04520240e-03
  5.66513054e-02 -3.72390002e-02  4.53280658e-03 -8.34592134e-02
 -6.50993288e-02 -3.09373834e-03 -2.90352516e-02 -8.88390690e-02
 -4.31673154e-02 -7.73058310e-02 -1.23569649e-02 -4.47288007e-02
  5.82522117e-02 -5.53127788e-02 -1.18792288e-01  7.52168819e-02
 -5.82853183e-02 -7.72667229e-02  9.17491093e-02 -5.92758171e-02
  2.47582234e-03  7.25273602e-03  9.43152234e-03  3.98815498e-02]"
How do cultural factors influence Ebola transmission?,"Cultural factors, including reluctance to adopt safe burial practices and suspicion of medical interventions, can influence the transmission of Ebola within communities. Resistance to quarantine measures and movement restrictions, as well as reliance on traditional healers, can also contribute to the spread of the virus.","Cultural factors can affect Ebola transmission, where certain practices and beliefs may hinder containment efforts.","How do cultural factors influence Ebola transmission? Cultural factors, including reluctance to adopt safe burial practices and suspicion of medical interventions, can influence the transmission of Ebola within communities. Resistance to quarantine measures and movement restrictions, as well as reliance on traditional healers, can also contribute to the spread of the virus.","[ 1.29998639e-01  7.94794485e-02  2.51471624e-02 -1.62146464e-02
  1.03007175e-01  7.95955397e-03 -8.52492079e-03 -1.20949757e-03
  1.43386750e-02  4.55624871e-02  7.46737495e-02 -4.52358648e-02
  3.48265171e-02  1.00924872e-01 -1.22225601e-02 -3.91007997e-02
  4.47670929e-03 -3.23523469e-02 -9.13359597e-02 -2.82467548e-02
 -1.13426130e-02 -5.91593422e-02  1.06242046e-01 -2.85153575e-02
 -5.83878607e-02 -1.06288465e-02  2.70904694e-02  3.10415737e-02
  3.04668490e-02 -1.34076038e-02  1.63525029e-03  3.68648618e-02
 -6.10724725e-02 -2.47582677e-03 -1.03212669e-01 -2.17783172e-03
  5.36330529e-02  1.15401149e-02  3.49669494e-02  5.70462309e-02
 -2.42103282e-02 -2.90508326e-02  1.13805868e-01 -8.45078472e-03
  3.07546295e-02 -2.75889970e-03  3.69606391e-02  9.79807451e-02
 -8.57532918e-02  1.03099330e-03  2.74134949e-02  6.44791648e-02
  2.49253656e-03  5.05183078e-02 -2.18290417e-03 -9.17512923e-02
  1.42133469e-02  1.50920986e-03 -3.96550037e-02  2.04878859e-02
  7.44685158e-03  4.26571332e-02 -1.87940821e-02 -1.06025720e-02
 -1.79628097e-02 -5.23503423e-02 -3.12763527e-02  4.84654345e-02
 -1.63245387e-02 -8.69297329e-03  5.21879718e-02 -2.30355021e-02
 -1.19391119e-03  1.01059929e-01  9.65337083e-03  1.45581998e-02
  5.14698029e-02 -1.83236562e-02 -7.55403936e-02  3.60917039e-02
  7.78022707e-02 -2.11866051e-02  7.49960020e-02 -1.52234426e-02
  2.93415855e-03  4.54289286e-04  2.75047049e-02 -3.07239648e-02
 -1.86788626e-02  4.68309484e-02  3.81861664e-02 -1.87749881e-02
 -4.52612201e-03  4.23279637e-03  2.43521612e-02 -4.68206666e-02
 -2.01891270e-02  1.40191587e-02  1.34609267e-02  1.08173315e-03
 -4.47266176e-02 -4.20283712e-02 -1.32558150e-02  5.68432882e-02
 -6.52105268e-03 -7.85250738e-02 -6.26734942e-02  2.05882955e-02
 -3.60800996e-02  3.21688764e-02 -5.69850244e-02  1.58523694e-02
 -8.68619457e-02  4.62978426e-03  5.36993742e-02  3.61194229e-03
 -3.13621201e-02 -7.61429965e-02 -6.65871724e-02 -4.88226227e-02
  1.01961352e-01 -4.81813736e-02 -4.78407927e-02 -1.93437580e-02
  5.34659848e-02 -2.35264152e-02 -9.62204300e-03  3.40236899e-34
 -3.00159659e-02 -2.66280863e-02  1.88626964e-02  1.05880769e-02
  8.92279074e-02 -3.63947526e-02 -2.05703918e-02  2.65305135e-02
  5.36055118e-02 -5.01157567e-02 -1.35726565e-02  6.01104982e-02
  5.31923324e-02  9.95241031e-02 -1.04902284e-02  3.47457565e-02
 -3.64784747e-02 -2.95957010e-02 -2.40104441e-02  9.98043567e-02
  9.71437097e-02 -1.16987936e-01  7.72700133e-03  5.71898790e-03
 -2.08369121e-02 -5.43735512e-02 -8.77282917e-02  3.55332941e-02
  2.19188295e-02 -1.84822641e-03 -5.43594174e-02  1.82946995e-02
  1.58539172e-02 -8.76075700e-02  2.72156075e-02  5.94592392e-02
  4.72216420e-02 -1.70713458e-02  3.69382165e-02 -2.93040299e-03
  4.89443988e-02  3.71267945e-02 -1.70485191e-02  1.86851434e-02
  7.55731538e-02  3.48437726e-02  2.67768428e-02 -9.24226493e-02
 -1.22080468e-01 -1.57184117e-02  5.57857938e-02  1.88047606e-02
  4.23470549e-02 -4.09557149e-02  8.74271765e-02  2.19623046e-03
  3.70734371e-02  3.19895521e-02 -4.65874141e-03 -4.10865992e-02
  6.58372696e-03 -3.20777968e-02  8.15996062e-03  3.58771533e-02
  4.25754264e-02 -4.27511856e-02  1.41282544e-01 -6.68285713e-02
 -1.81805715e-02  2.36926563e-02 -1.77737027e-02  3.05976197e-02
 -7.31249452e-02  8.50856770e-03 -9.43169296e-02 -3.09609454e-02
 -1.30769178e-01 -3.35496292e-02  8.53792951e-02 -1.17024062e-02
 -9.78557095e-02 -3.19321752e-02  4.88239434e-03  5.94316662e-05
 -6.29904792e-02  4.62067053e-02  1.01556564e-02  6.92256540e-02
 -1.54029289e-02 -2.66590230e-02  1.00704907e-02 -5.41899935e-04
  5.04435040e-02  4.38982174e-02  3.32367755e-02 -3.02651849e-33
 -3.73415835e-03 -4.21477575e-03 -4.57174107e-02 -2.26560254e-02
  6.31124014e-03  4.68659997e-02  1.29640438e-02  7.81141734e-03
  7.56661445e-02  2.92204712e-02 -4.71620969e-02 -5.63304499e-02
  1.13157881e-02  6.78966418e-02 -5.21753123e-03 -7.44767338e-02
  5.77802882e-02  1.03488304e-01  4.41692164e-03 -7.37192295e-03
 -2.55076252e-02  2.31878776e-02 -2.83962078e-02 -8.16286579e-02
 -2.46897209e-02  1.29591031e-02 -8.00179243e-02  9.21834074e-03
 -3.63761187e-02 -4.66103628e-02 -7.04165623e-02  5.87681122e-02
  6.30241707e-02  4.10695048e-03 -2.90194321e-02  1.55105487e-01
  3.91584598e-02  2.02053208e-02  2.94325221e-02 -3.32602710e-02
  3.94741260e-02  1.05301067e-01 -3.80832888e-02  1.71114244e-02
 -5.62345833e-02  1.75653204e-01  1.58536527e-02  1.33672813e-02
  1.48313697e-02 -3.76400724e-02  7.79377073e-02 -1.20904902e-02
 -2.44633406e-02 -4.74456213e-02 -3.29942442e-02  2.17550788e-02
 -1.71504952e-02 -1.13894410e-01 -2.71817856e-02 -3.90015468e-02
 -5.57732433e-02 -1.70143768e-02 -7.77675137e-02 -8.16046596e-02
 -2.29820963e-02 -7.26226345e-02  7.02853799e-02  5.26749007e-02
  4.80021462e-02 -4.33558300e-02 -9.00215190e-03 -3.40657793e-02
 -6.28579855e-02  1.06689338e-04 -3.83941457e-02  8.78220797e-03
 -5.60670495e-02  2.59218309e-02  4.67911325e-02  6.46171346e-02
 -2.11940315e-02 -9.43772569e-02 -6.40307600e-03 -5.31073101e-02
  2.56227497e-02  8.22670981e-02 -3.79291624e-02 -4.28207517e-02
  1.48454485e-02 -8.21272004e-03 -7.22240880e-02 -9.38283280e-02
 -4.54861261e-02 -6.78175315e-02 -3.17088999e-02 -3.37140413e-08
  5.03164493e-02 -1.30894005e-01  5.89401787e-03  3.40748429e-02
 -1.22233164e-02  7.67503604e-02 -3.02814394e-02  7.03479350e-02
  4.91577834e-02  1.00635014e-01 -7.31396824e-02  4.32123169e-02
 -1.12807064e-03  5.00430427e-02  1.71798491e-03  3.42528149e-02
  5.77418040e-03  5.72006963e-03 -5.21731190e-02 -6.39805272e-02
 -5.18480316e-03 -3.53004634e-02  1.17480895e-02 -3.77399102e-02
  4.02390733e-02 -4.24407609e-02 -3.86947505e-02 -2.96983048e-02
 -6.88836128e-02 -9.90037527e-03 -8.85343477e-02 -7.82855973e-02
 -1.10359564e-01  4.54915836e-02 -5.33734895e-02  2.35666726e-02
  9.10549089e-02 -6.48554191e-02  4.38978449e-02 -2.17128508e-02
  6.95923194e-02 -8.46416354e-02 -2.57413052e-02  8.82153958e-03
 -4.44349227e-03 -1.52395759e-02 -4.12216932e-02 -2.35487751e-04
 -7.97273219e-02 -9.08382758e-02  3.52729969e-02 -3.94363068e-02
  3.14487033e-02 -3.50544900e-02 -5.59361689e-02  1.32518378e-03
  3.69792525e-03  4.26004715e-02  1.11354135e-01  2.15863865e-02
  2.22434476e-02  5.56365289e-02 -1.02906092e-03 -8.32986925e-03]"
What is the economic impact of Ebola outbreaks?,"Ebola outbreaks can have significant economic impacts, including loss of workforce productivity due to illness and death, decreased trade and tourism, and increased healthcare costs. The fear of the disease can also lead to the isolation of affected countries or regions, further exacerbating economic difficulties.","Ebola outbreaks can lead to major economic challenges, affecting trade, productivity, and increasing healthcare expenditures.","What is the economic impact of Ebola outbreaks? Ebola outbreaks can have significant economic impacts, including loss of workforce productivity due to illness and death, decreased trade and tourism, and increased healthcare costs. The fear of the disease can also lead to the isolation of affected countries or regions, further exacerbating economic difficulties.","[ 8.18463936e-02  1.88381914e-02  5.15741073e-02  2.29040962e-02
  1.20107606e-01  5.45030758e-02 -2.30948571e-02  5.48461117e-02
  1.05973799e-02  3.94832902e-02  1.30689843e-02  2.27461234e-02
  6.92914277e-02  2.59798802e-02 -2.79553048e-02 -3.56793851e-02
 -2.47396994e-02 -5.52060083e-02 -9.34723616e-02 -4.63968329e-02
  3.57936248e-02 -3.85282487e-02  1.82480644e-02 -1.02878306e-02
 -9.80284214e-02 -2.44855192e-02  1.19253248e-02  2.07657423e-02
 -6.77947998e-02 -2.19924692e-02 -5.03479689e-02 -1.87049787e-02
  8.13312642e-03  6.80456543e-03 -3.72514464e-02 -8.59994441e-02
  8.94014686e-02  5.19367456e-02  2.11614631e-02  1.08689023e-03
 -2.41772481e-03 -5.13858944e-02  1.29081067e-02 -6.53005391e-02
  3.26597202e-03 -9.42872465e-02  4.02116366e-02  6.24984279e-02
 -4.74512726e-02 -9.49015282e-03  3.33692841e-02 -1.92547757e-02
  3.19558941e-03 -1.78764714e-03  2.11729552e-03 -5.03217168e-02
  3.96638028e-02 -5.26271351e-02 -2.54325513e-02  4.56790365e-02
 -5.43246046e-03  1.53099857e-02 -5.83889801e-03 -2.09035482e-02
 -5.08709857e-03 -7.76860565e-02  2.13883910e-02  3.60681228e-02
 -6.78257942e-02  8.70891213e-02  3.61991115e-02 -3.35528590e-02
 -4.12013568e-02  5.92412427e-03  2.67530121e-02  3.02342810e-02
  7.71622434e-02  6.59261271e-02  6.20014742e-02  8.82907286e-02
  9.74212140e-02 -8.80360454e-02  7.50676310e-03  4.23738267e-04
 -2.56243236e-02 -1.20602762e-02  7.84224737e-03 -5.52720912e-02
  3.36771458e-02  4.03282838e-03  4.04294841e-02 -1.09693788e-01
  2.64096875e-02  5.80797046e-02  2.53596231e-02 -1.71429235e-02
 -5.26053086e-02  2.06150595e-04  1.91579890e-02 -3.92060541e-02
 -5.51200584e-02 -4.47283164e-02  3.32939737e-02  2.84112785e-02
  1.89220775e-02 -2.01660655e-02 -4.63306233e-02 -2.01596282e-02
 -2.79645976e-02 -6.50913734e-03 -4.15038541e-02  5.51827485e-03
 -3.81387733e-02  5.78105496e-03 -1.23188004e-03  4.69717458e-02
  1.74167026e-02 -1.09901734e-01 -5.21716401e-02  1.59548614e-02
  1.07533127e-01 -4.80526909e-02 -4.40839306e-02  3.99676934e-02
  7.48430984e-03 -2.76645198e-02 -5.57223707e-02 -1.01903513e-33
 -6.19922429e-02 -7.48696700e-02 -2.56729741e-02 -3.25051434e-02
  5.12914173e-02 -2.95576751e-02 -5.94435111e-02 -2.80372500e-02
 -1.91242695e-02 -6.99906051e-02 -2.37284452e-02  1.62165500e-02
  9.63221341e-02  1.02893330e-01  6.75002486e-03  5.70777943e-03
  5.07425033e-02  2.75010541e-02 -5.43387234e-03  8.28724355e-02
  1.73538178e-02 -1.12233140e-01  1.59526374e-02  9.68104973e-02
  2.71767415e-02  1.86097510e-02 -7.11284652e-02 -2.78395638e-02
  5.87440133e-02 -1.88710336e-02 -4.08070758e-02  1.17042512e-02
  4.78170440e-02 -4.94484417e-02 -5.73260188e-02  4.80222031e-02
  3.17298360e-02  1.00360960e-02  3.80680710e-02  1.87547021e-02
 -2.17957795e-02  5.20296171e-02 -3.97616290e-02  3.33271138e-02
  6.97525889e-02 -1.01620704e-02  3.44599895e-02  6.52129704e-04
 -8.29157606e-03 -6.55572265e-02  1.32214604e-02  2.77225580e-02
 -1.11103691e-02 -6.29270375e-02  1.41217662e-02 -4.82286848e-02
 -2.06742217e-04 -3.80106382e-02 -1.96872056e-02 -2.35041920e-02
  1.55249396e-02 -5.41484170e-02  6.41705841e-02 -3.72821884e-03
  4.45297547e-02  3.62714604e-02  1.54533133e-01 -2.29764450e-02
 -6.31334782e-02  5.13149537e-02 -3.30780074e-02  2.83549912e-02
  4.53308737e-03  3.46941943e-03 -1.31020253e-03  4.45180610e-02
 -6.29858375e-02 -4.55775745e-02  5.45847043e-02  5.38848937e-02
 -6.23769462e-02 -8.41915607e-02  8.50022677e-03 -5.78345731e-03
 -7.34899240e-03  3.88064310e-02 -1.47708040e-02  5.66742010e-02
  2.63153147e-02 -8.18642899e-02 -1.64286122e-02  6.53280914e-02
 -4.23314013e-02  8.75960961e-02  3.61103453e-02 -3.42527372e-33
 -2.79377401e-02  6.75239414e-02 -4.62628901e-02 -4.67632636e-02
 -5.01124142e-03  6.72513843e-02  6.05234317e-03  2.46782433e-02
 -3.39682936e-03 -4.54661660e-02 -1.09190702e-01  2.33878177e-02
  1.61051825e-02  3.38623598e-02 -6.64903643e-03 -5.03863767e-02
  5.73338568e-03 -4.46376065e-03 -1.18250744e-02  1.18861152e-02
 -3.57882977e-02 -4.64254692e-02  3.88936475e-02 -2.90032439e-02
 -4.30950783e-02 -3.14508332e-03 -7.69093856e-02  1.47544853e-02
  1.07579241e-02 -2.15573125e-02 -4.32768352e-02  5.20672090e-02
  6.71060905e-02  4.32004258e-02 -1.71695687e-02  1.60356149e-01
  3.02726217e-02 -7.01175779e-02  6.79661110e-02 -8.86436552e-02
  7.21796751e-02  6.01527840e-02 -2.22480893e-02 -2.88637597e-02
  2.63699032e-02  9.53919291e-02  1.14120673e-02  1.11042202e-01
  9.61102471e-02 -4.12551947e-02  1.22737482e-01  5.62061071e-02
 -6.13483377e-02 -2.22465098e-02 -3.55525501e-02 -2.78010592e-02
 -1.57959349e-02 -9.57557932e-02 -8.77571255e-02  7.09625753e-03
 -1.31271869e-01  2.16161013e-02 -7.08314702e-02  3.36845033e-02
 -4.21559103e-02 -5.00684753e-02  6.50627017e-02 -5.88579997e-02
  9.33992937e-02 -1.19499348e-01  3.48377670e-03 -1.99979246e-02
 -5.53560778e-02  4.78612855e-02 -2.51686946e-02  4.03374322e-02
 -3.31566669e-02  3.69464010e-02  3.79195996e-02  1.00798972e-01
 -9.65322088e-03 -4.93576676e-02  6.14705756e-02 -1.28282785e-01
 -3.06384694e-02  2.56496929e-02  2.12096069e-02 -1.87121332e-02
 -3.64470109e-02  2.90780999e-02 -9.33747962e-02 -6.02562502e-02
 -8.72278772e-03 -7.04301745e-02 -1.01791834e-02 -3.49714462e-08
  1.07934773e-01 -1.01983912e-01  5.40506281e-02  4.68585417e-02
 -2.13825759e-02 -3.22817452e-02 -1.00307576e-02  7.76191279e-02
  6.33984655e-02  1.36661068e-01 -3.52125205e-02  6.49574250e-02
 -2.52116546e-02  7.91670606e-02 -4.15770188e-02  6.98977783e-02
 -1.80097925e-03  3.30656930e-03  4.01624537e-04 -5.99692166e-02
 -2.95347981e-02  8.14382103e-04  3.55388410e-02 -2.96349935e-02
  3.39890234e-02 -2.32977085e-02 -1.61072221e-02 -3.92860100e-02
 -9.03630257e-02 -4.74170782e-03 -1.21926650e-01 -6.25277013e-02
 -3.29695940e-02  3.72296795e-02  1.39216213e-02 -2.40842439e-02
  2.49966159e-02 -5.43460473e-02  4.79545668e-02 -9.70835146e-03
  6.89545870e-02 -2.36729402e-02 -2.00316701e-02 -6.04065927e-03
  8.93208291e-03 -7.56498128e-02 -1.58854462e-02 -3.00938617e-02
 -3.33626457e-02 -1.33481070e-01  1.29114240e-02  7.06426054e-03
  6.72250390e-02 -6.78074062e-02 -6.61038160e-02 -8.81720893e-03
 -3.40799429e-02  9.07617062e-03  4.40049805e-02 -2.42478717e-02
  3.80480215e-02 -6.66980445e-02 -4.01328951e-02 -1.59010682e-02]"
Can Ebola be sexually transmitted?,"Ebola can be sexually transmitted through semen from a male survivor. The virus has been detected in semen for up to several months after recovery, and transmission has been documented. This is why survivors are advised to practice safe sex or abstinence for a period following recovery.","Ebola can be transmitted sexually via semen from survivors, necessitating safe sex practices for months after recovery.","Can Ebola be sexually transmitted? Ebola can be sexually transmitted through semen from a male survivor. The virus has been detected in semen for up to several months after recovery, and transmission has been documented. This is why survivors are advised to practice safe sex or abstinence for a period following recovery.","[ 2.01040227e-02  3.17015387e-02 -2.70933304e-02 -2.51268670e-02
  5.44885471e-02  3.42784896e-02  1.14162201e-02  2.57731527e-02
  2.15728320e-02  9.25839618e-02  3.38864662e-02  6.45233989e-02
  5.27048483e-02  7.50529990e-02  2.79910956e-02 -3.12806815e-02
  3.97767536e-02 -6.04371764e-02  2.58990377e-02  3.87759954e-02
  1.02179803e-01  5.92527166e-02 -1.69741828e-02 -7.18296990e-02
 -2.48772427e-02  1.70872342e-02 -3.23953032e-02  9.87714753e-02
 -5.33288755e-02 -1.79618914e-02 -2.81368773e-02 -4.53513153e-02
 -1.31755378e-02 -2.56348401e-02 -6.05753399e-02 -7.46757016e-02
  1.75710060e-02 -2.43183342e-03  1.29226074e-01  2.26683449e-03
 -1.60982944e-02 -6.92305788e-02  2.53578462e-02 -1.96225625e-02
  1.76653657e-02  2.84153372e-02  3.91770154e-02  3.25289220e-02
 -5.49854618e-03 -9.60061792e-03  7.88978785e-02 -1.60777813e-03
  4.72975671e-02  8.24593753e-02 -2.76794948e-04 -1.02982305e-01
 -1.17755113e-02 -3.95162776e-02 -8.08982179e-03  2.33739000e-02
  4.27664071e-03  6.81993812e-02 -3.62204807e-03 -1.32546704e-02
 -1.44158760e-02 -1.57268979e-02 -2.04212870e-02  1.53559251e-02
  6.68863282e-02  6.47709817e-02  4.98817675e-02 -4.47201729e-02
 -2.49788519e-02  2.69706808e-02  4.85043898e-02  3.27050984e-02
  6.62005246e-02  7.05336258e-02 -3.62147093e-02  1.11878358e-01
 -5.97012751e-02 -2.34154500e-02  8.13533813e-02 -2.03065053e-02
 -6.75831288e-02  9.67441685e-03  2.70669460e-02  2.79920511e-02
 -3.00431065e-02 -1.55800451e-02 -5.49288988e-02 -2.68567037e-02
  4.45110165e-02  2.86930092e-02  1.62991844e-02 -7.32845888e-02
 -4.53555249e-02 -1.22463396e-02 -5.68834040e-03 -3.83979119e-02
 -1.31642461e-01  4.16605659e-02  8.91410746e-03 -3.94832268e-02
 -8.20326284e-02 -2.83678481e-03 -3.25328298e-02  9.50745214e-03
  2.88059562e-02 -4.75221168e-04 -3.30072455e-02 -3.25054824e-02
  3.80309559e-02 -6.79925259e-04  7.89124742e-02  1.65955517e-02
 -1.04318500e-01 -4.25860137e-02  1.72490366e-02  2.01976039e-02
  8.35642144e-02 -5.60055412e-02  2.53558308e-02  5.59915528e-02
  7.55529329e-02 -4.61347103e-02  1.36159629e-01 -3.53661434e-34
  4.64887498e-03 -4.41138595e-02  6.97890595e-02 -7.39161682e-04
  1.13357576e-02  1.11335136e-01  5.63550666e-02  6.82969810e-03
  8.85847490e-03 -9.22489092e-02  3.17233801e-02 -2.45178137e-02
  4.63183448e-02  8.66097212e-02  1.73006933e-02  3.43938246e-02
  8.84029344e-02 -8.87877867e-02 -8.39424878e-02  7.79877678e-02
  8.98825377e-02 -6.29210621e-02  3.24801430e-02 -7.06682950e-02
  3.30123678e-02  1.32702207e-02 -5.31805977e-02  8.29866622e-03
  4.43781689e-02  5.96797606e-03 -6.40204698e-02  6.19846284e-02
 -1.87561624e-02 -3.62747960e-04 -3.50695774e-02  7.91600719e-02
  2.99447943e-02  8.33265558e-02  4.05331887e-02 -1.70726106e-02
  8.04735273e-02 -3.26878950e-03  1.34482672e-02  3.22609693e-02
 -1.10153854e-02 -3.06671523e-02 -5.97098283e-02 -5.67077473e-02
 -7.61853084e-02 -3.93395200e-02  2.14802963e-03  2.84366887e-02
  1.07632317e-02 -7.97919407e-02 -2.09749285e-02  2.42852271e-02
  4.85202447e-02  5.40958084e-02 -2.23283526e-02 -2.36095972e-02
  1.21856816e-02  1.93907544e-02  4.99415360e-02 -2.97497865e-03
 -9.24301445e-02 -2.62720101e-02  1.07853219e-01 -4.36852165e-02
 -4.99504022e-02  8.18362460e-03 -6.41867369e-02  3.19623277e-02
 -1.13604718e-03 -5.72116598e-02 -3.60508375e-02 -9.54364240e-02
 -9.06328484e-02 -2.50644293e-02  9.82436389e-02  1.06414324e-02
 -3.63476984e-02 -7.03739822e-02 -1.54844569e-02 -2.71695238e-02
 -3.86273116e-02  5.72644547e-02 -1.66595832e-03  8.26546401e-02
 -2.13521235e-02 -2.07797419e-02  1.02492154e-03 -2.21192613e-02
  1.18615199e-02  2.03755498e-02  4.24031653e-02 -2.67552267e-33
  3.51444408e-02 -2.50346735e-02 -4.75420542e-02 -8.08752980e-03
  1.67570021e-02  9.14538205e-02  3.71676199e-02  4.69134971e-02
 -1.35229662e-01  1.51535654e-02 -3.43564339e-02 -4.89905551e-02
 -3.09502836e-02  3.11990846e-02  1.48954056e-02  4.87417057e-02
 -4.77779098e-02 -2.40478683e-02  3.28789349e-03  9.73523688e-03
 -2.88335681e-02 -5.93848415e-02  1.39883431e-02 -6.95245266e-02
  2.06818469e-02 -1.71804614e-02  1.39386980e-02  5.36193103e-02
 -2.46222336e-02  4.95229103e-03 -4.49620634e-02  4.90374342e-02
  3.81418644e-03  4.25705016e-02 -3.14312018e-02  6.12633452e-02
  4.62645665e-02 -4.93341088e-02  9.50496718e-02 -8.67250562e-03
  9.34291780e-02  1.16964303e-01 -3.09019107e-02  1.06222453e-02
 -2.63943765e-02  1.32087663e-01  3.46082598e-02  9.92382094e-02
  4.33890112e-02  4.85912524e-02  2.16493686e-03  1.57669056e-02
 -5.19507453e-02 -1.40557975e-01 -5.94008341e-03 -4.51023057e-02
 -4.06342223e-02 -5.39673455e-02 -9.29231346e-02 -1.11287367e-02
 -7.52638355e-02 -3.73850157e-03 -9.46840271e-02 -3.31241987e-03
  3.67467627e-02 -4.78110462e-02 -7.71939475e-03  2.51686536e-02
 -8.71750899e-03 -3.15220281e-02  4.13286239e-02 -4.90183420e-02
 -3.70234028e-02 -2.08660658e-03  4.54242639e-02 -6.14018589e-02
 -9.99007002e-02 -8.47012457e-03 -2.24412996e-02 -4.13957937e-03
  6.18404755e-03 -8.01635310e-02  6.53379709e-02  5.59933037e-02
  6.08280711e-02 -1.58303455e-02  2.40886435e-02 -5.22799455e-02
 -2.49163304e-02 -3.96732576e-02  1.92535366e-03 -8.59609768e-02
  1.74249802e-02 -5.20314798e-02  3.88872251e-02 -3.13611821e-08
  6.56872392e-02 -7.09847063e-02 -1.79152526e-02  2.48982757e-02
  1.71126351e-02  4.87354025e-02 -3.35383532e-03 -3.94614525e-02
  9.30415988e-02  4.04618494e-02 -9.22147930e-02 -3.62250879e-02
 -2.18353458e-02  1.97586250e-02 -1.06563382e-02  9.22771823e-03
  6.99119046e-02 -5.27873039e-02 -1.21844355e-02 -7.52391443e-02
 -1.39730647e-02 -5.28078228e-02 -1.48875182e-02  3.18919718e-02
  2.53299028e-02  1.00100577e-01  9.35713761e-03 -3.00834980e-02
 -5.94669208e-02 -4.66803871e-02 -1.13951348e-01 -6.24191500e-02
 -8.66460204e-02  4.70337570e-02 -8.01709369e-02 -5.00900298e-02
  9.82042253e-02 -2.02976502e-02  2.81508844e-02 -1.04239956e-01
  6.77366704e-02 -9.13489833e-02 -2.02654488e-02 -1.12403715e-02
 -3.82432342e-02  2.38324162e-02  1.37005411e-02 -7.58745372e-02
 -3.34358774e-02 -9.02360454e-02  2.79145641e-03  2.14597695e-02
  5.76169044e-02 -3.09474003e-02 -7.34051839e-02 -3.41622904e-02
 -4.72832285e-02 -1.93219054e-02  6.24081790e-02 -2.07521245e-02
 -8.62624496e-03 -6.18910091e-03  3.04996483e-02 -1.35074826e-02]"
What research is being done on Ebola?,"Ongoing research on Ebola includes the development of new vaccines and treatments, understanding the natural reservoir of the virus, and studying the long-term effects on survivors. Clinical trials for various antiviral drugs, immunotherapies, and blood products are also part of the research efforts to find more effective treatments.","Research on Ebola focuses on developing new vaccines and treatments, understanding its natural reservoir, and assessing long-term effects on survivors.","What research is being done on Ebola? Ongoing research on Ebola includes the development of new vaccines and treatments, understanding the natural reservoir of the virus, and studying the long-term effects on survivors. Clinical trials for various antiviral drugs, immunotherapies, and blood products are also part of the research efforts to find more effective treatments.","[ 6.97675301e-03  4.27813418e-02  3.79596837e-02 -9.39198025e-03
  5.68455867e-02  9.75900237e-03 -7.74212331e-02  6.55840933e-02
  2.82420926e-02  9.76048559e-02 -5.26715778e-02  5.41757978e-02
  4.63522179e-03  6.07280694e-02 -3.35353725e-02 -7.60513637e-03
  1.04098413e-02 -5.49905561e-02 -2.69395187e-02 -7.40342736e-02
 -4.33562882e-02 -4.31208014e-02  1.39262661e-01 -4.55142837e-03
 -1.07007757e-01  6.07425310e-02 -4.94863000e-03 -1.86502039e-02
 -5.16250916e-02 -1.34357791e-02  1.00350389e-02 -1.71949286e-02
 -3.17011145e-03 -2.04272438e-02 -6.96734414e-02 -3.14324573e-02
  1.54618407e-02  7.61333629e-02  5.92578650e-02 -1.43135525e-02
 -1.97413545e-02 -7.60851353e-02  5.47610298e-02  1.32583641e-03
  4.41348664e-02 -5.58561720e-02  1.27042672e-02 -2.35835789e-03
  1.59445871e-03  9.94043611e-03  1.92348603e-02 -1.44859217e-02
  4.32366058e-02  2.88888440e-02 -1.27721615e-02 -6.81546032e-02
 -1.74068287e-02 -8.15557130e-03  3.97363491e-02 -1.64886601e-02
  8.74742270e-02  8.56127664e-02 -4.52818498e-02  2.32108263e-03
 -4.79722768e-02 -4.63606268e-02  2.53918525e-02  3.89412530e-02
 -2.44062971e-02 -1.25930645e-02  4.57753353e-02  3.92881483e-02
 -5.72242262e-03  8.27944577e-02  5.21130040e-02  2.80338041e-02
  4.13779505e-02  2.09198184e-02  8.00061747e-02  3.95338126e-02
  8.88816044e-02 -7.81338215e-02  7.31890276e-02  3.25270779e-02
 -3.64247561e-02 -1.57526303e-02 -1.60485320e-02 -3.43947817e-04
 -3.44215818e-02 -2.58735809e-02  8.84720869e-03 -4.33187485e-02
 -4.51579280e-02  4.95898388e-02 -2.79618837e-02 -1.95972398e-02
 -2.33144537e-02  1.04459245e-02  3.84841040e-02  3.56477196e-03
 -5.52754477e-02 -4.58700024e-02  5.38828820e-02 -1.83407054e-03
 -2.40386324e-03 -4.21551289e-03 -2.33058166e-02 -1.12514617e-02
  4.31368425e-02 -6.57354249e-03 -4.28417921e-02 -1.59498770e-02
 -5.42058274e-02  9.61316377e-02  7.93969333e-02  3.48231606e-02
 -6.35925308e-02 -4.99345623e-02 -2.91152913e-02  4.97852191e-02
  1.00434944e-01 -5.27946278e-02  1.43120987e-02 -4.10441794e-02
  4.19895239e-02  2.96893530e-03 -2.00138753e-03 -6.76808275e-34
 -4.77866456e-02 -2.61791907e-02  5.39062619e-02  9.23654959e-02
  1.95017792e-02 -4.89465054e-03  1.49747897e-02  6.30764589e-02
 -2.22919863e-02 -7.58570060e-02  1.71184093e-02 -4.84191030e-02
  4.08476889e-02  1.39994800e-01 -7.30241239e-02 -3.63496281e-02
  1.31424488e-02 -5.06613851e-02 -7.90817663e-02  2.24944148e-02
  5.69108762e-02 -6.42809793e-02  8.26908499e-02  4.27015088e-02
  4.33995947e-02 -1.33833783e-02 -6.11503758e-02 -2.46841982e-02
  5.03214356e-03 -1.17071066e-03 -7.15977401e-02  9.67358500e-02
 -4.03099842e-02 -2.25704648e-02 -6.32261336e-02  6.27045929e-02
  4.86945063e-02  1.91018749e-02  1.78462155e-02  1.97663251e-02
  4.90614064e-02  4.38352264e-02 -1.10345369e-03 -1.67777035e-02
  6.40443861e-02 -1.32215507e-02 -7.09905028e-02 -3.84331346e-02
 -4.98767272e-02 -2.93647889e-02  9.42569897e-02  8.20487458e-03
 -4.53204624e-02 -5.34142740e-02  3.89469191e-02  7.27518573e-02
 -3.60144563e-02  3.24905813e-02  1.92789156e-02 -5.32083539e-03
  7.64086694e-02 -1.00046173e-02 -5.15990295e-02  9.68937669e-03
 -5.00615351e-02  7.12315664e-02  1.22786753e-01 -7.17683733e-02
 -1.50529901e-02  2.93781031e-02 -4.31375168e-02  1.95738096e-02
  5.63928578e-03  1.44697716e-02 -2.43100040e-02 -4.34830114e-02
 -4.03548591e-02  1.32120000e-02  2.63572019e-02  7.87146538e-02
 -4.48313309e-03 -5.46685793e-02 -2.28108112e-02  4.80529219e-02
 -3.32788229e-02  9.19100922e-03 -7.05867335e-02  4.70495857e-02
  1.61598828e-02 -3.73919830e-02 -1.21073434e-02  3.45475338e-02
 -4.66969274e-02  4.53473553e-02  4.10352498e-02 -1.70200323e-33
 -1.96702797e-02 -1.80486962e-02 -3.35699022e-02  2.82821842e-02
  5.82792684e-02  6.48038536e-02 -4.25705314e-02 -9.68400463e-02
  3.32295373e-02  3.30125578e-02 -1.95056628e-02 -3.94497365e-02
 -1.00138579e-02  3.05763241e-02 -7.08081797e-02 -2.23905854e-02
 -7.16300458e-02 -6.00493625e-02 -1.96572002e-02  3.82307395e-02
 -3.36651951e-02 -3.58877219e-02 -4.92926035e-03 -9.60557237e-02
  3.67975719e-02 -3.65470443e-03  2.96949353e-02  7.24628009e-03
  9.72181745e-03 -3.32573541e-02 -7.11962357e-02 -4.50981893e-02
  1.88130103e-02 -3.06679010e-02 -3.96705270e-02  1.35861829e-01
  1.28188357e-01 -4.97998334e-02  6.18667677e-02 -7.56779760e-02
  1.14890784e-01  4.37100790e-02 -4.28586677e-02 -2.55188365e-02
  3.36879902e-02  1.07909873e-01 -7.40597099e-02  1.20811231e-01
  2.73869727e-02 -2.93783527e-02  7.49416128e-02 -1.47480574e-02
 -3.79935838e-02 -4.89729084e-02  2.64733769e-02 -2.37852726e-02
 -3.34078595e-02 -4.72202599e-02 -6.55921847e-02 -5.65405190e-03
 -9.95369628e-02  2.83775944e-02 -8.02645534e-02  5.17931283e-02
 -1.04012536e-02 -4.46963683e-02  3.56610380e-02  2.53016129e-02
  2.45329589e-02 -1.14147916e-01  1.60220023e-02 -2.62664575e-02
 -5.69733419e-02  6.66445643e-02  1.61320642e-02 -9.74485930e-03
 -6.08183406e-02 -3.70667502e-02  4.79222424e-02  8.50251541e-02
 -1.08192088e-02 -8.35351869e-02  2.44517066e-02 -1.74796227e-02
  5.27341515e-02  5.67007586e-02 -1.63209904e-02  3.33950333e-02
 -6.22896962e-02 -3.26935090e-02 -3.91683616e-02 -1.38159409e-01
 -2.03664750e-02 -4.04857919e-02 -1.65804848e-02 -3.70370508e-08
  1.62320107e-01 -1.01921581e-01  6.19254857e-02 -1.33120110e-02
 -1.38869509e-02  4.23096381e-02 -3.65737341e-02  7.16428682e-02
  1.51723037e-02  4.46724407e-02 -1.34610040e-02  5.89824393e-02
 -3.71417925e-02  6.01315126e-02 -4.87799989e-03 -1.03814499e-02
  7.44485781e-02 -3.08655538e-02 -3.73543017e-02 -6.54173642e-02
 -4.36760783e-02  1.10174045e-02  1.28728673e-02 -1.65810734e-02
  7.29721263e-02 -6.41300995e-03 -6.30111899e-03 -2.62439009e-02
 -8.87991339e-02 -5.69222979e-02 -1.16647288e-01 -9.26833163e-05
 -5.91312684e-02 -6.81812614e-02  4.82235253e-02 -4.81266826e-02
  9.40093473e-02 -7.38270655e-02  4.81758118e-02 -3.92732248e-02
  4.46782596e-02  2.59633753e-02 -4.99105789e-02 -2.89355721e-02
 -3.32302600e-02  2.12841769e-04 -2.81364955e-02 -2.88761705e-02
 -4.87039052e-02 -8.14564303e-02  8.90411343e-03 -8.89265817e-03
  5.12551963e-02 -7.34526385e-03 -8.17645416e-02  1.24338351e-01
 -3.36315967e-02 -4.40135933e-02  5.95656671e-02 -7.56077841e-02
  1.13443747e-01  2.03728583e-03 -2.22282987e-02  3.83525752e-02]"
What is Dengue Fever?,"Dengue Fever is a mosquito-borne viral illness common in tropical and subtropical regions. The disease is caused by four different viruses and spread by Aedes mosquitoes. Symptoms include high fever, headache, vomiting, muscle, and joint pains, and a characteristic skin rash.","Dengue Fever is a viral illness spread by Aedes mosquitoes, characterized by fever, rash, and muscle pain.","What is Dengue Fever? Dengue Fever is a mosquito-borne viral illness common in tropical and subtropical regions. The disease is caused by four different viruses and spread by Aedes mosquitoes. Symptoms include high fever, headache, vomiting, muscle, and joint pains, and a characteristic skin rash.","[ 1.34525560e-02 -1.92157086e-02 -1.65258907e-03  1.14469584e-02
  3.38988230e-02  1.70120224e-02  9.32593346e-02  2.54814327e-02
  1.38212638e-02  2.02261321e-02  2.38879751e-02 -6.94475695e-02
  2.74344254e-03 -4.72744517e-02  3.79152969e-02 -5.02063558e-02
 -5.60591966e-02 -1.14843540e-01  1.62913511e-03 -2.42128745e-02
 -4.12952676e-02  3.20041627e-02  1.41486637e-02 -5.99761307e-02
 -1.29614204e-01  4.49594855e-02  1.72345305e-03 -2.61784066e-02
  1.62982941e-03 -4.25306614e-03  2.61766985e-02  7.50164017e-02
 -4.18402813e-02  3.48784849e-02  1.81528013e-02 -5.98222995e-03
 -5.66012077e-02  3.25114205e-02 -9.09340084e-02  2.67474484e-02
  3.44520882e-02  4.03013192e-02  2.75018420e-02 -4.76841629e-02
  2.60339794e-03  3.39973234e-02 -4.10617106e-02  5.49982786e-02
  1.01022676e-01 -3.56051140e-02  7.04651698e-02 -1.44560896e-02
  1.84997600e-02  1.49578890e-02  6.09741779e-03  3.76261808e-02
 -4.09826487e-02 -1.02685541e-01 -7.95526206e-02  5.69151901e-03
 -6.36027977e-02  7.29412362e-02  5.04257381e-02 -7.55213201e-03
 -2.12924462e-02 -8.23601335e-03  4.34934050e-02  3.27408947e-02
  2.41448041e-02  2.07967833e-02 -3.31407860e-02 -2.04449054e-02
 -7.68675581e-02  1.08221270e-01 -3.87587659e-02 -4.04365659e-02
  8.60058665e-02 -4.22587013e-03  5.44979461e-02 -5.93243865e-03
 -4.68845591e-02  4.52179462e-03  1.13011733e-01 -3.41301002e-02
  4.36072387e-02 -1.65168978e-02  4.20504883e-02  1.18459677e-02
  7.32537881e-02  6.25997856e-02  1.10809281e-02 -4.85301465e-02
  1.96405780e-02  3.60207469e-03  3.13659646e-02  1.07198790e-01
  7.04548135e-02 -7.52294287e-02  9.73535050e-03  2.28571706e-02
 -2.03226414e-02 -4.06753160e-02  2.37981901e-02  3.84805501e-02
  1.14992354e-02  7.05801770e-02  3.07701845e-02 -5.45674376e-02
  3.72377038e-02 -3.09506413e-02 -4.27983925e-02  1.58590451e-02
  2.60737911e-02 -7.22468048e-02  1.12759806e-02 -1.52162239e-01
  4.22053877e-03 -2.32722946e-02 -7.20510781e-02 -1.24076419e-02
  1.34443492e-02 -4.08458821e-02 -4.08692695e-02 -5.01388051e-02
 -1.98544090e-04 -4.08544168e-02 -3.23241390e-02 -2.26851492e-34
  9.27169323e-02 -2.04745326e-02  1.17973657e-02 -5.33086918e-02
  6.19963184e-02  2.35999413e-02 -8.04176927e-03  1.01247340e-01
 -3.60437743e-02 -6.92892494e-03  4.83639687e-02 -1.20635509e-01
  3.82673315e-04  1.04935154e-01  1.00339632e-02  1.21153548e-01
 -3.88613790e-02 -1.94783937e-02  6.11526407e-02 -1.00789536e-02
 -4.15321402e-02  1.43614225e-02  2.13353802e-02 -2.78120786e-02
 -9.01437737e-03  4.98701856e-02 -4.78895344e-02 -9.77994688e-03
  4.60537300e-02 -5.87210618e-03  1.53224058e-02  1.73504243e-03
  8.87360331e-03  1.24321971e-02 -5.75660653e-02  5.73803298e-02
 -3.00956666e-02  5.21756634e-02 -5.05401716e-02 -6.62960904e-03
  8.42300802e-02 -5.73916920e-02 -8.85217637e-02  3.43513228e-02
  1.59871373e-02  4.47212532e-02  2.08186451e-02 -6.83691278e-02
  6.74255658e-03 -4.80371527e-02 -1.71896152e-03 -1.80291813e-02
  7.22629353e-02  1.67753007e-02  2.72501484e-02  2.72813644e-02
  6.23785816e-02  1.96440406e-02 -4.68696877e-02 -2.42561549e-02
  1.76327899e-02  7.33811734e-03 -3.48979607e-02 -8.02672585e-04
  8.31223151e-04 -3.59605104e-02 -1.13720982e-03 -8.87710229e-03
 -1.92293264e-02 -9.32044163e-02  2.80378293e-02 -4.16512713e-02
 -1.17625967e-02 -2.20305268e-02 -1.04436930e-02  4.72270548e-02
 -2.86456048e-02 -9.25352946e-02 -3.46663315e-03 -9.20120161e-03
 -1.10450059e-01  1.38348509e-02  2.14815304e-01  3.35166007e-02
  1.36453034e-02  3.41082513e-02 -4.05376218e-02 -1.89105608e-02
 -7.31009915e-02 -2.56588310e-02  6.54252619e-02  5.57393953e-02
  5.87806702e-02  6.79517090e-02  2.89462823e-02 -2.25853221e-33
 -6.32349700e-02  4.66932096e-02 -8.47319514e-02 -4.60022315e-02
 -1.67502192e-04  3.70451063e-02  5.99664152e-02  5.54181486e-02
 -4.20365073e-02 -3.33092324e-02 -1.01831250e-01 -3.17061692e-02
 -7.98947811e-02 -4.55562174e-02  5.10426564e-03 -4.09876034e-02
  3.47833894e-02  1.30859613e-01 -8.14444758e-03 -4.86145075e-03
  1.80583820e-02  5.16409539e-02  1.15935653e-01 -4.41862419e-02
  1.96694657e-02 -3.79268080e-02  5.17273247e-02 -1.83234233e-02
 -3.49161588e-02 -7.03457557e-03  9.65248719e-02  8.03255662e-02
  6.94684908e-02  1.03785619e-02 -5.26836477e-02 -4.18792218e-02
 -2.87433285e-02 -1.05438851e-01  3.20308022e-02  1.97770749e-03
  1.21956049e-02  4.67333570e-03  3.92486993e-03 -6.50637075e-02
  6.44496232e-02  7.57919624e-02 -3.88084128e-02  1.47342486e-02
  3.59638669e-02 -1.86575335e-02  2.52098646e-02 -3.59198265e-02
 -5.77230081e-02  6.34424090e-02  1.53686618e-02 -2.20299680e-02
 -9.80003998e-02 -3.79134454e-02  2.43800338e-02 -7.53933340e-02
 -4.20629978e-03 -8.49794745e-02  6.51249057e-03  6.49814308e-02
  2.21680272e-02  2.57604346e-02  1.12571329e-01  9.17497352e-02
  3.09714284e-02 -6.30195141e-02 -5.71952574e-02  1.24184834e-02
 -7.81576186e-02  4.76019159e-02  1.42272133e-02 -2.20086984e-02
 -2.37939674e-02  2.74466295e-02  7.27102458e-02 -8.72264244e-03
 -5.63491061e-02 -8.43355525e-03 -1.13039501e-02 -6.45547882e-02
 -1.14905082e-01 -2.22678408e-02 -2.43590977e-02 -2.80034076e-02
 -1.43836224e-02  2.53406670e-02 -1.94426663e-02 -7.94215314e-03
 -9.92248766e-03  8.00469965e-02 -3.34062167e-02 -3.28380878e-08
  4.47333716e-02 -6.79615960e-02 -1.60355140e-02 -7.80532286e-02
 -2.48964168e-02 -2.30455510e-02 -5.43811126e-03  4.88722473e-02
  7.65570849e-02 -4.00503278e-02 -2.46887412e-02  5.11459680e-03
  5.22899367e-02  1.84640102e-02  1.14946133e-02  7.05404626e-03
 -7.57383555e-02 -2.53338274e-02 -2.54404023e-02 -1.26314536e-01
 -1.22220730e-02 -3.94072570e-03 -4.55190148e-03  3.37929018e-02
  1.70363802e-02 -7.19115585e-02 -6.29271716e-02 -1.41988769e-02
  6.13514287e-03 -7.84058943e-02 -1.27819419e-01  5.46020679e-02
  1.97719485e-02 -1.82414384e-04  2.83630509e-02  4.48201671e-02
  9.04029012e-02 -6.56043366e-02  7.11705834e-02 -2.99084503e-02
  4.46295999e-02  8.68940167e-03  3.19028944e-02 -5.26910797e-02
 -9.14907828e-03 -5.11113033e-02  5.15226759e-02  9.69966054e-02
  5.04824556e-02 -8.19488540e-02  8.94769281e-03  6.32122904e-02
 -2.97241122e-03 -1.64418183e-02 -9.19239521e-02 -2.76445057e-02
 -6.67607114e-02 -1.00283390e-02  6.29850179e-02 -3.42331678e-02
  5.79536930e-02 -4.24710177e-02 -6.96152523e-02  5.83613925e-02]"
How is Dengue transmitted?,"Dengue is transmitted by the bite of an Aedes mosquito infected with any one of the four dengue viruses. These mosquitoes are also daytime biters, with peaks during early morning and late afternoon.","Dengue spreads through the bite of infected Aedes mosquitoes, primarily during daytime.","How is Dengue transmitted? Dengue is transmitted by the bite of an Aedes mosquito infected with any one of the four dengue viruses. These mosquitoes are also daytime biters, with peaks during early morning and late afternoon.","[-2.68551195e-03  6.54866872e-03 -2.50214245e-02 -2.00218484e-02
  1.79388635e-02  6.15734123e-02  1.18740596e-01 -2.69499025e-03
  9.00801923e-03 -1.12509653e-02  2.51606721e-02 -3.39096077e-02
 -3.51891736e-03 -3.97770964e-02  1.06777260e-02 -7.95546547e-03
 -3.69533561e-02 -5.20318970e-02 -5.60223311e-03 -4.83353324e-02
  2.67385524e-02  7.01535046e-02  4.73083220e-02 -6.00607507e-02
 -7.82925412e-02  3.50438431e-02  3.04657016e-02 -6.49791956e-02
  1.09852798e-01 -2.14808043e-02  4.00795089e-03  1.55358547e-02
 -8.15752894e-02  3.44909839e-02 -6.81929737e-02 -4.84830737e-02
  6.44613896e-03 -2.12729871e-02 -1.89540628e-02  1.43594397e-02
  8.21216777e-02 -2.68719587e-02 -1.47361914e-02 -5.60059249e-02
 -4.40589227e-02  2.73714643e-02  3.83846909e-02  4.58636135e-02
  4.06809039e-02 -7.86189735e-02  3.14791240e-02 -5.27462130e-03
 -1.20579246e-02  5.59202954e-02 -3.27280462e-02  5.94231598e-02
 -3.91182286e-04 -5.81274554e-02 -1.85444541e-02  3.02085914e-02
 -3.45958956e-02  9.99014005e-02  3.11439354e-02  4.60290015e-02
 -8.68204013e-02 -1.48885483e-02 -8.05114862e-03  9.64753106e-02
  2.10652705e-02 -2.24577580e-02 -1.10974051e-02 -1.11879306e-02
 -4.08046097e-02  7.73935765e-02  3.29504982e-02 -7.35589489e-02
  1.02951042e-01  5.80010526e-02  6.12919182e-02 -9.20941215e-03
 -9.17821750e-02 -6.25886843e-02  9.86406058e-02 -3.19736451e-02
  7.57812662e-03  5.35390973e-02  7.03583611e-03  8.55453685e-03
  3.47140953e-02  6.78332075e-02  3.78381237e-02 -1.30488575e-02
 -1.37551427e-02 -2.91552953e-03  2.07471289e-02  3.96438874e-02
  5.55182174e-02 -3.37104090e-02  9.37904641e-02  1.83862839e-02
 -6.15792237e-02 -5.91979455e-03 -7.92522058e-02 -7.85867404e-03
 -4.25273329e-02  2.94844676e-02 -3.66642810e-02 -9.50675309e-02
 -2.10790839e-02  2.63191201e-02 -2.57799365e-02  7.47314841e-03
  6.02136105e-02 -5.38697988e-02  6.30289724e-05 -1.36758983e-01
 -6.12950660e-02 -2.90442794e-03 -2.35847905e-02 -2.82807946e-02
  5.20280711e-02 -1.60804596e-02  4.89854487e-03 -1.78619809e-02
  5.98837174e-02 -2.94681750e-02  2.15114076e-02 -7.87935516e-34
  8.44680443e-02 -5.21254390e-02  3.31544802e-02 -5.37227876e-02
 -1.59220546e-02  6.20885789e-02  1.82188172e-02  1.09676063e-01
  7.75318639e-03 -4.50043153e-04 -3.44456621e-02 -1.38206303e-01
 -2.21404601e-02  1.21343188e-01  5.37227020e-02  1.22202672e-01
  8.25964380e-03 -7.74599761e-02 -1.50040560e-03  4.16014567e-02
  3.08939200e-02  2.03068145e-02  9.07859392e-03 -3.60133089e-02
  8.16161279e-03  3.69648337e-02 -7.33127594e-02 -1.18276384e-02
  4.47446071e-02  2.24893764e-02 -6.91133738e-03 -3.07638478e-02
  5.32329306e-02  1.68900229e-02 -4.32188809e-02  1.10281333e-01
 -4.32945741e-03  8.40286165e-03 -6.30222261e-02 -5.29963523e-02
  6.11598976e-02 -4.97575626e-02 -5.35926931e-02 -2.41403282e-02
  3.05844452e-02  9.61702690e-03  4.48488891e-02 -1.20145246e-01
  1.06107220e-02 -5.02748862e-02 -7.48405582e-04 -7.61051774e-02
  2.25267615e-02 -5.32440804e-02  1.29880700e-02  2.24041473e-02
  1.46182263e-02  2.48343106e-02 -5.77142164e-02  3.11006350e-03
 -4.45270985e-02  8.01735185e-03  9.83331650e-02 -5.00801168e-02
  4.43002693e-02 -1.67629272e-02  2.34987866e-02 -5.72866686e-02
 -5.06258421e-02 -9.57345814e-02  5.07206656e-03 -2.66686585e-02
  9.69634019e-03 -7.19111115e-02 -1.89357046e-02  2.69573126e-02
 -6.41142130e-02 -4.05108072e-02  7.37218931e-02  4.61922213e-02
 -7.65556842e-02  2.84654964e-02  1.42909139e-01  2.68485816e-03
  4.94403690e-02  4.17448021e-02  4.97157499e-03 -7.69594032e-03
  4.24114102e-03  4.08153720e-02  6.00219443e-02  1.37265574e-03
  6.63617998e-02  2.21375320e-02  8.74915943e-02 -2.93877224e-33
 -5.03176972e-02  5.48262857e-02 -9.13584456e-02 -2.94013578e-03
 -4.03009467e-02  2.52514333e-02  3.83159593e-02  6.87974095e-02
 -5.35375513e-02  7.69920275e-03 -1.00254007e-01  6.89323107e-03
 -4.23603617e-02 -7.82417059e-02 -4.72303294e-03 -1.88790094e-02
  4.97741811e-02  5.50439507e-02 -6.09501489e-02 -6.57458529e-02
 -6.21236628e-03  2.07390450e-02  1.44139051e-01 -5.59230670e-02
 -1.44044624e-03 -7.83379376e-02  9.01309177e-02  5.23575731e-02
 -1.10138096e-02 -4.17293748e-03  4.75531854e-02  4.13741544e-02
  3.82719822e-02  2.50087958e-03 -4.51194048e-02 -2.41494514e-02
  4.02745828e-02 -1.27598107e-01  4.27879021e-02 -2.25552898e-02
  4.06121631e-04  1.14342850e-02 -4.62071365e-03 -8.57055709e-02
  2.36057770e-02  9.01149362e-02 -4.37585525e-02  3.24829817e-02
  2.16485094e-02 -6.52688816e-02  4.13024388e-02  5.37462812e-03
 -3.89556810e-02 -1.97654981e-02  2.91307587e-02 -2.79695131e-02
 -2.66154874e-02 -4.82990034e-02  2.87996680e-02 -7.32112154e-02
 -6.90387860e-02 -5.85919730e-02 -3.09040624e-05  3.19291763e-02
  1.68335289e-02  2.77941348e-03  8.03309157e-02  9.27115232e-02
 -8.37818719e-03 -6.85975850e-02 -6.62123561e-02  2.61945766e-04
 -4.04008441e-02 -1.19214028e-03 -5.59197133e-03 -5.87660596e-02
  3.37383244e-03 -1.26170134e-02  3.14477272e-02 -2.76489723e-02
 -3.95167358e-02 -2.22425070e-02 -1.94772966e-02 -3.80147025e-02
 -5.90934381e-02 -7.28797633e-03  2.33367793e-02 -9.78872329e-02
  1.04440721e-02  3.29135954e-02 -6.85783923e-02 -7.64950004e-04
  2.65614446e-02  1.94236031e-03 -2.10820846e-02 -3.07918206e-08
  3.17149907e-02 -5.03061600e-02 -2.41851304e-02 -2.99530756e-02
 -3.34080011e-02  4.30509858e-02 -1.81956645e-02  3.32836658e-02
  3.71131040e-02  3.18029635e-02 -1.42114116e-02 -3.96853536e-02
  8.49725157e-02  4.59501259e-02  5.34993261e-02  1.55547857e-02
 -2.55806316e-02 -1.30716220e-01 -1.63577721e-02 -1.59941941e-01
 -8.39103293e-03 -2.73302067e-02  3.82307707e-03  7.99899921e-02
  5.29923551e-02 -5.91628440e-02 -3.05689611e-02 -6.03419654e-02
  3.34250182e-02 -1.91604500e-04 -1.14297785e-01  3.62607613e-02
 -1.72937494e-02  9.98836383e-02  5.44165410e-02  8.13182443e-03
  8.40379521e-02 -4.87015992e-02  6.79064095e-02  7.09865168e-02
  7.53387362e-02 -5.12485392e-03  1.46740796e-02 -2.16214973e-02
 -2.87629664e-02  3.15834023e-02  5.54816611e-02  4.39292155e-02
 -9.43104795e-04 -2.31135078e-02  4.48838621e-02  2.33322801e-03
  2.55855117e-02 -7.24154785e-02 -9.95774269e-02 -9.65070873e-02
 -5.71117923e-02 -5.18029109e-02  1.00706182e-01 -1.85751971e-02
 -8.10016505e-03 -8.53588339e-03 -4.41146716e-02  4.60540019e-02]"
What are the symptoms of Dengue?,"Symptoms typically begin three to fourteen days after infection. They may include a high fever, headache, vomiting, muscle and joint pains, and a distinctive skin rash which is similar to measles. In severe cases, it can develop into dengue hemorrhagic fever, causing bleeding, blood plasma leakage, or into dengue shock syndrome, where dangerous low blood pressure occurs.","Symptoms of Dengue range from fever and rash to, in severe cases, hemorrhagic fever and shock syndrome.","What are the symptoms of Dengue? Symptoms typically begin three to fourteen days after infection. They may include a high fever, headache, vomiting, muscle and joint pains, and a distinctive skin rash which is similar to measles. In severe cases, it can develop into dengue hemorrhagic fever, causing bleeding, blood plasma leakage, or into dengue shock syndrome, where dangerous low blood pressure occurs.","[ 2.30987854e-02 -4.47122827e-02  3.16369757e-02  2.23746877e-02
  2.44714264e-02  3.57404463e-02  4.61653583e-02  2.97250766e-02
  1.03006922e-02 -3.61149274e-02  1.68123674e-02 -5.51250651e-02
 -1.05755320e-02 -2.77470471e-03  7.40784174e-03 -9.66952275e-03
 -6.30787201e-03 -9.65680331e-02 -3.54352198e-03 -2.12176293e-02
 -2.06189621e-02  1.27691571e-02 -3.27018462e-02 -6.37771189e-02
 -8.59960243e-02  7.17771500e-02  3.82268429e-02 -2.35124659e-02
  7.76304817e-03 -6.51496649e-02 -1.44132795e-02  1.85332764e-02
 -2.13959701e-02  5.54679632e-02  5.83946668e-02  4.96675610e-04
 -3.35071422e-02  5.44668641e-03 -7.19324276e-02 -2.34889742e-02
  8.28083381e-02  2.70881578e-02  1.24754361e-03 -4.00423780e-02
  1.95495058e-02  1.31388707e-02 -2.66404189e-02  3.99679989e-02
  9.20114592e-02 -3.72282155e-02  3.33132260e-02 -6.89647673e-03
  1.52637651e-02 -7.97711127e-03  2.34854799e-02  5.82423508e-02
 -3.63298468e-02 -4.63406779e-02 -3.12647559e-02 -3.00829634e-02
 -6.70905188e-02  9.47780609e-02  7.40379766e-02 -1.28861647e-02
 -1.32689783e-02  1.57642942e-02  5.94590791e-02 -8.36932595e-05
  6.73472807e-02  4.85543832e-02 -5.17974123e-02 -1.39069906e-03
 -1.05241261e-01  4.22605947e-02 -8.70529711e-02 -4.08065654e-02
  9.06727761e-02  5.37773920e-03  3.90862525e-02 -4.36242297e-02
 -7.15420544e-02  9.49679781e-03  1.03551701e-01 -3.90583575e-02
  1.06982077e-02  4.67895065e-03  1.05450284e-02  4.00103852e-02
  1.87225267e-02  5.66714481e-02  3.98688018e-02 -4.24529985e-02
 -4.29021567e-02 -2.49354839e-02  6.21719956e-02  1.07426636e-01
  1.88894290e-02 -6.62395135e-02 -3.08375619e-03  1.85444467e-02
 -3.26485396e-03 -1.94401741e-02 -3.56470272e-02 -7.94682838e-03
  1.97490621e-02  6.23891950e-02  2.04146039e-02 -3.48848179e-02
  1.28985755e-02  6.98363117e-04 -1.58103053e-02  2.31111515e-02
  2.32949294e-02 -1.01645030e-01  3.11850701e-02 -1.33909464e-01
  8.88219476e-03  9.46597569e-03 -6.02284782e-02 -5.79730347e-02
  6.11048266e-02 -5.52370138e-02 -2.09758393e-02 -9.88201723e-02
  1.63692869e-02  3.31315473e-02  1.10687176e-02  1.10204515e-33
  9.59341601e-02 -3.85590941e-02  1.00954492e-02 -3.99046205e-02
  2.47264467e-02 -1.01291796e-03 -1.42998174e-02  1.08961396e-01
 -1.48988171e-02  1.57887395e-02  5.73904738e-02 -9.78851169e-02
 -4.11820114e-02  3.13851871e-02 -2.74510328e-02  7.53950700e-02
 -1.42388912e-02 -3.16062681e-02  4.83255573e-02  2.31042621e-03
 -3.57267037e-02 -2.67217644e-02  8.80810199e-04 -5.00153610e-03
  2.81459130e-02  3.22330520e-02 -4.94975820e-02  2.60476284e-02
  1.04173627e-02 -1.26318599e-03  4.78222035e-03 -1.43865831e-02
  1.30779613e-02 -1.01856329e-03 -8.65299851e-02  4.16159704e-02
 -2.18787673e-03  6.62902221e-02 -8.93936958e-03 -6.45025223e-02
  1.04859956e-01 -2.25545093e-02 -8.70412812e-02  2.20831223e-02
  1.33946892e-02  2.51556374e-02  2.81561241e-02 -4.99638543e-02
  1.63421389e-02 -5.74004874e-02  1.41943013e-03  2.04817252e-03
  7.53261298e-02 -3.44158746e-02  6.79073930e-02  7.55198449e-02
  6.69493973e-02 -2.01918697e-03 -2.84278542e-02 -4.40363400e-02
  4.53260019e-02  1.42552145e-03 -3.76456417e-02 -2.58009825e-02
 -7.06574367e-03  2.68450775e-03 -2.37907209e-02 -2.59407815e-02
 -9.00361966e-03 -1.12392299e-01  3.53920273e-02 -3.89004834e-02
 -2.58557945e-02 -7.10531771e-02 -5.88474162e-02  6.32679984e-02
 -5.09367995e-02 -8.71784687e-02 -2.58951597e-02 -2.51748934e-02
 -1.73164625e-02  2.22916342e-02  2.09173605e-01  5.18749729e-02
  7.93059468e-02  1.74721219e-02  9.81265446e-04 -3.76339406e-02
 -6.86543286e-02 -6.57581836e-02  6.64161369e-02  5.03499545e-02
  7.86310732e-02  9.20751784e-03  4.57549915e-02 -3.15167484e-33
 -4.83201630e-02  7.15503320e-02 -5.72091490e-02 -1.30295455e-02
 -5.66512160e-03  2.44136620e-02  2.06197202e-02  1.45961925e-01
 -6.37493804e-02 -9.38731283e-02 -9.22573358e-02 -4.74285241e-03
 -1.01907961e-01 -4.64385599e-02 -2.27020308e-02 -2.38583598e-04
  8.11824799e-02  8.00870061e-02  4.33921181e-02 -1.49889486e-02
  9.65485000e-04  2.94181090e-02  1.19169869e-01 -1.26502151e-02
  4.38682213e-02 -1.28037222e-02  8.54718164e-02 -4.43629324e-02
 -2.17440296e-02 -1.84763130e-02  1.28027618e-01  5.76703362e-02
  6.20291010e-02  1.99947637e-02 -3.66279967e-02 -6.60282224e-02
 -3.92679125e-02 -8.32548961e-02  6.11942485e-02  2.77838781e-02
  1.74449459e-02 -1.19395824e-02 -2.20980644e-02 -8.55201259e-02
  4.15606946e-02  6.48354813e-02 -3.38397920e-02 -9.55893751e-03
  1.66088138e-02 -1.93858088e-03  3.17454785e-02 -2.28382628e-02
 -4.54882346e-02  2.79802531e-02  3.06723677e-02 -2.32779589e-02
 -4.11919840e-02 -6.71662912e-02  4.42023464e-02 -7.92047083e-02
 -9.89667848e-02 -9.37954932e-02  4.34839092e-02  2.93758381e-02
 -2.07994375e-02  3.06836348e-02  1.12783238e-01  6.67837411e-02
  5.40717170e-02 -9.50704888e-02 -5.26987985e-02 -2.86833048e-02
 -1.13964900e-01  3.85670513e-02  2.61412766e-02 -1.91850811e-02
 -3.52549329e-02  4.11364958e-02  7.28605017e-02 -1.36678573e-02
 -7.35089257e-02  1.74667928e-02 -7.41991494e-03 -9.45409238e-02
 -6.70365021e-02 -5.82739851e-03 -3.99258286e-02 -4.50453945e-02
  1.00139305e-02  2.58199461e-02  2.44848517e-04  1.10665318e-02
  2.90645426e-03  7.96869844e-02 -6.95171803e-02 -3.62169885e-08
  1.58022456e-02 -3.17339487e-02  1.49770658e-02 -4.65033762e-02
 -1.25684859e-02  1.67081002e-02  1.58526618e-02  3.62063162e-02
  2.08153650e-02  8.48404225e-03  8.26825481e-03  1.58572961e-02
  5.35457805e-02  5.34996912e-02 -6.24824956e-04  4.66056205e-02
 -4.50930633e-02 -8.77454430e-02 -1.04990201e-02 -1.47267222e-01
 -2.20987899e-03  5.51544875e-02 -3.72392498e-02  2.66324822e-02
  3.00907679e-02 -4.56155725e-02 -7.87159875e-02 -3.32317166e-02
 -4.12827358e-02  4.88553662e-03 -1.00434162e-01  6.39578551e-02
  7.93886557e-03  1.67888515e-02  3.50224227e-02  2.19228864e-03
  7.83745646e-02 -2.61077415e-02  7.10861385e-02  1.70152355e-02
  4.53140549e-02  1.09260259e-02  3.81864654e-03 -5.13469651e-02
 -4.77292947e-03 -7.13113546e-02  6.19192310e-02  7.87664577e-02
  2.70694718e-02 -8.89642164e-02  4.96700555e-02  5.96165434e-02
 -5.13296463e-02  4.64710547e-03 -3.79501469e-02 -2.31497325e-02
 -5.73899038e-02 -2.41336301e-02  5.06920889e-02 -7.78768510e-02
  3.28721926e-02 -6.12379201e-02 -1.32390827e-01  5.75355515e-02]"
Is there a cure for Dengue?,"There is no specific cure for dengue. Treatment is supportive, focusing on relieving the symptoms and effects of the disease. For severe dengue, medical care by physicians and nurses experienced with the effects and progression of the disease can save lives.","Dengue has no specific cure; treatment is symptomatic, with careful medical attention required for severe cases.","Is there a cure for Dengue? There is no specific cure for dengue. Treatment is supportive, focusing on relieving the symptoms and effects of the disease. For severe dengue, medical care by physicians and nurses experienced with the effects and progression of the disease can save lives.","[-5.22280019e-03  6.41052704e-03  5.45654558e-02 -8.95918999e-03
 -3.98668200e-02  5.83496056e-02 -2.38660388e-02  1.80472918e-02
 -1.08655319e-02 -4.25296724e-02 -2.11955123e-02  5.00919148e-02
 -1.31236296e-02 -3.47408429e-02  3.33484858e-02  7.97717087e-03
 -5.06629944e-02  1.72495972e-02 -2.54487749e-02 -1.28848832e-02
 -5.24629951e-02  4.23465967e-02  6.04069419e-02 -1.00280279e-02
 -1.91485688e-01  2.11183261e-02 -1.68618113e-02 -8.75982270e-02
 -8.33673496e-03 -3.04397605e-02  9.48089734e-03  5.47382645e-02
  2.01014988e-03 -6.73583895e-03 -2.42519230e-02 -7.06651295e-03
 -1.16637260e-01  4.70458269e-02 -8.03955197e-02  1.16508575e-02
  6.01358898e-02  2.08884082e-03 -2.40845140e-02 -4.37507257e-02
 -1.38852512e-02 -2.68860459e-02 -3.80291939e-02  2.15748772e-02
  3.95829938e-02 -5.07983826e-02  4.70893122e-02 -2.08273381e-02
  7.14847120e-03  4.37565148e-02  9.49626714e-02  2.51014391e-03
 -1.51313543e-02  2.64956690e-02 -6.03980497e-02 -1.49733555e-02
  1.03391279e-02  8.03574994e-02  6.38946099e-03 -2.16058884e-02
  5.70091419e-03  1.29729556e-02  1.64866541e-02 -1.74290594e-03
  2.68869791e-02 -6.16862951e-03  4.02284227e-02  2.57010898e-03
  1.81724336e-02  1.17861934e-01 -6.84043244e-02  1.39937196e-02
  9.71030071e-02  1.10841366e-02  8.60879123e-02  4.58984859e-02
 -1.73577648e-02 -6.35164902e-02  1.19316168e-01 -4.19041105e-02
  3.33835483e-02  9.48578992e-04 -3.84495687e-03 -4.07658592e-02
  4.17533591e-02  1.98505409e-02 -1.41357817e-03  6.00982876e-03
 -2.66139321e-02 -7.97008500e-02 -2.23934632e-02  6.79113567e-02
  3.72602679e-02 -3.00149880e-02  1.06968153e-02 -2.37070750e-02
  4.30970034e-03 -3.28965969e-02 -1.44455209e-02 -8.87173042e-02
 -1.51776019e-02  4.71903756e-02  1.72130007e-03  7.96742970e-04
  5.30072413e-02 -3.30544300e-02 -5.57823479e-02 -2.44850349e-02
  2.33381446e-02 -1.22086005e-02  4.28242050e-03 -7.44554549e-02
  8.39724299e-03 -2.38656811e-02 -2.72688456e-02 -1.94303542e-02
  9.41615626e-02 -2.83641610e-02  7.52865002e-02 -7.35085681e-02
  3.87596227e-02  7.55147869e-03  7.06106350e-02 -9.35341681e-34
  1.34862103e-02  8.21388327e-03  4.78826053e-02 -4.35491055e-02
  4.36800495e-02  8.60110018e-03  2.63039954e-02  4.30280715e-02
  1.04881153e-02 -7.24489316e-02  5.93607612e-02 -7.73332343e-02
 -6.10996643e-03  6.04914799e-02 -6.66389018e-02  2.50275768e-02
 -5.66460832e-04 -5.27341403e-02  8.20579007e-05 -1.93838142e-02
  2.60589384e-02  2.91067101e-02  1.71396006e-02 -5.70710711e-02
  1.85813382e-02 -2.29611285e-02 -1.15060704e-02 -9.01096873e-03
  6.43446147e-02  1.32985478e-02 -4.35967551e-04  4.82187420e-02
  1.35940760e-02 -5.01653478e-02 -1.10388264e-01 -3.59573811e-02
 -5.98029494e-02  1.22843469e-02 -4.23603244e-02 -2.49994788e-02
  1.68488082e-02 -3.53479497e-02 -9.24780145e-02  7.55804032e-03
  7.83230364e-02  1.17843843e-03 -4.08775732e-03 -7.22918361e-02
 -1.41100995e-02 -5.86581752e-02  2.45359670e-02 -2.10946128e-02
 -3.49821523e-02 -8.47041085e-02  4.22942303e-02  1.56362168e-02
  4.00940888e-02  5.70828840e-02 -4.62289564e-02 -7.18966946e-02
  3.93240415e-02 -1.02183782e-01 -1.26943504e-02 -1.95713993e-02
 -6.41871244e-03  1.24056572e-02  4.16346453e-02 -7.59338811e-02
 -7.49744177e-02 -8.49676281e-02 -3.69344396e-03 -5.79053126e-02
 -1.54027911e-02  2.06048228e-02 -5.31982407e-02 -1.90408214e-03
 -3.57764624e-02 -7.44295865e-02 -1.29690475e-03  5.38166538e-02
 -6.08724877e-02  1.87496003e-02  1.04823619e-01  7.46972933e-02
  1.04777619e-01  2.00891052e-03 -5.70530556e-02  4.61641848e-02
 -1.60176493e-02 -7.56416470e-02  4.63653244e-02  3.58373076e-02
  1.99992303e-02  4.39097509e-02  8.31329003e-02 -1.90807639e-33
 -2.07124613e-02  5.50417900e-02 -6.19609579e-02  1.63231920e-02
  4.93777869e-03  4.00184467e-02 -9.25768167e-03 -6.78028613e-02
  7.72240805e-03 -9.33450311e-02 -1.22568749e-01  3.59451473e-02
 -7.27210334e-03 -2.05777418e-02 -1.06198967e-01  7.15517346e-03
 -4.54404168e-02  2.85635255e-02 -8.36759508e-02  3.48693356e-02
 -1.98144969e-02 -3.17212567e-02  8.59891251e-02  7.43914628e-03
  2.20900811e-02 -6.41969359e-03  5.85089065e-02  2.52362378e-02
  7.00572506e-02  3.52227800e-02  6.28936216e-02 -1.40890516e-02
  2.51695924e-02 -4.06121500e-02  1.32523552e-02 -2.55540498e-02
  8.44611973e-02 -1.23675004e-01  2.88346838e-02  9.14480165e-03
  6.41839579e-02 -2.96357293e-02 -4.42943070e-03 -3.90378758e-02
  1.31748095e-01  4.96280715e-02 -6.13539293e-02  2.00394355e-02
  3.89763303e-02 -5.52251078e-02  2.65512783e-02 -1.74393840e-02
 -4.37920056e-02  5.68520017e-02  5.87368421e-02 -4.31141928e-02
 -3.14669386e-02 -7.69730732e-02  3.70784327e-02 -9.09933448e-02
 -1.59565628e-01 -4.16674912e-02  4.09176238e-02  7.15033561e-02
 -2.86965370e-02  9.89214480e-02  1.30995348e-01  1.38091743e-01
 -3.85676208e-03 -1.48156002e-01 -3.41036990e-02  2.01614890e-02
 -9.35454592e-02  7.38570839e-02  2.96715721e-02  2.83263605e-02
  8.10200442e-03 -3.11610587e-02  5.43361790e-02  1.91412009e-02
  1.81364920e-02  2.51101535e-02 -3.09622902e-02 -9.96330231e-02
 -3.37387733e-02  8.38717520e-02  1.13328937e-02 -7.08112214e-03
 -1.76907107e-02  2.02306081e-02 -6.94441944e-02 -4.76353317e-02
  9.10020620e-03  4.03993987e-02 -1.64782703e-02 -3.29521725e-08
  1.00531384e-01  4.23529942e-04 -2.97487783e-03 -5.63870557e-02
 -2.93567870e-02 -1.75732989e-02 -5.91286924e-03  5.83216287e-02
  2.03641951e-02  7.85304978e-02 -5.46346195e-02  4.76333350e-02
  4.19455171e-02  4.44514789e-02  7.12349713e-02 -4.75768149e-02
 -3.54009382e-02 -1.44173419e-02 -4.81014773e-02 -8.67256373e-02
 -7.81260803e-03  2.08106432e-02 -1.67228188e-03  6.44793408e-03
  5.71631566e-02 -3.83045599e-02 -2.62416881e-02 -5.79243451e-02
 -5.85401841e-02 -7.81046823e-02 -9.02422220e-02 -3.08293244e-03
  9.36049744e-02  6.70615733e-02  1.15383282e-01  2.74069104e-02
  1.21348128e-01 -4.97421063e-02  8.47461224e-02  4.17345539e-02
  6.96631968e-02  3.15069705e-02  3.36942486e-02 -2.18775701e-02
 -5.99045190e-04 -2.26691496e-02  3.25069502e-02  3.05065345e-02
 -4.68918048e-02 -5.64530902e-02  5.20354211e-02  3.59556936e-02
 -1.46418158e-02 -3.43481191e-02 -6.72979727e-02  1.46781709e-02
 -4.58745323e-02 -4.29734178e-02  3.55887450e-02 -2.01669559e-02
  2.07480155e-02 -4.15174514e-02 -4.91573513e-02  4.09528911e-02]"
How can Dengue be prevented?,"Prevention of dengue involves protection from mosquito bites and reducing mosquito habitats. This includes using mosquito repellent, wearing long-sleeved clothes, and ensuring water storage containers are covered and emptying those that collect rainwater to prevent mosquito breeding.",Dengue prevention focuses on protecting against mosquito bites and eliminating mosquito breeding sites.,"How can Dengue be prevented? Prevention of dengue involves protection from mosquito bites and reducing mosquito habitats. This includes using mosquito repellent, wearing long-sleeved clothes, and ensuring water storage containers are covered and emptying those that collect rainwater to prevent mosquito breeding.","[-1.22805173e-02  8.99847895e-02  7.41001144e-02 -3.03220823e-02
  5.83826378e-02  1.25159368e-01  7.52602592e-02 -3.12750116e-02
 -4.08047475e-02 -1.93977368e-03  1.40244635e-02  1.76128244e-03
 -1.26683321e-02 -3.33623439e-02 -3.37307015e-03  1.53048011e-02
  4.56873002e-03  2.85465252e-02 -8.46219435e-03 -5.15690185e-02
  1.58373645e-04  4.22824211e-02  7.37852603e-02 -3.49880755e-02
 -2.02431962e-01  2.16390546e-02  1.69842131e-03 -2.51311529e-02
  5.72449006e-02 -5.18626571e-02  7.87205622e-02 -1.91811435e-02
 -5.58793284e-02  8.25870410e-03 -8.25531483e-02  4.75534145e-03
 -5.01026064e-02  4.93889749e-02 -3.00947074e-02  1.84317380e-02
  2.16361880e-02  3.18391342e-03 -6.08954988e-02 -6.03517145e-02
 -3.49308993e-03  2.49746125e-02  1.70230977e-02  3.42071205e-02
  3.42110917e-02 -9.18162093e-02  4.80923057e-02  4.30254005e-02
 -2.16432512e-02  1.54487253e-03  5.28382696e-02  1.07085463e-02
 -1.33092823e-02 -1.44159626e-02 -8.27814788e-02 -5.52930906e-02
 -1.84249005e-03  4.27531451e-02 -3.37917209e-02 -1.98117760e-03
 -7.00605363e-02 -1.05346891e-03 -1.27124377e-02  1.14201531e-01
  6.64840937e-02  3.07985451e-02  1.76726077e-02  3.23600024e-02
 -1.80807486e-02  1.15008354e-01 -9.43270326e-03  4.86672251e-03
  7.34677315e-02 -1.79502871e-02  1.16385855e-01  1.67103799e-03
 -7.75128826e-02 -4.91149090e-02  1.70578405e-01  3.93994786e-02
  9.48200934e-03  2.79097538e-02  1.16584226e-02 -9.00017023e-02
  4.40036878e-02 -1.36408862e-02  2.73202118e-02 -6.32538497e-02
  1.08554484e-02 -1.96042587e-03  1.09353215e-02  6.20396510e-02
  3.40250805e-02 -6.54827431e-02  2.89597958e-02  1.48965875e-02
  6.83420375e-02 -5.73487282e-02 -3.02041508e-02  7.34748412e-03
 -6.28677255e-04 -5.22003658e-02  4.36785147e-02 -4.12979200e-02
  3.30709144e-02  5.41159557e-03 -1.38347764e-02  1.62505899e-02
  4.21288796e-03  3.20974551e-02 -2.43756827e-02 -1.16836570e-01
  4.90416400e-02  2.54689492e-02 -1.00696152e-02 -4.93519790e-02
  7.46998638e-02 -9.62494500e-03  3.83690707e-02 -7.05362707e-02
  8.61372277e-02 -4.48948629e-02  4.44724858e-02  1.20233722e-33
  4.55453508e-02 -4.63583656e-02  2.34545041e-02 -5.57726026e-02
  1.64582059e-04 -6.87701162e-03 -2.73587778e-02  2.98740696e-02
  2.14418583e-03  3.79691906e-02  2.61878967e-02 -1.25093520e-01
 -2.04652678e-02  3.97297591e-02  5.61361872e-02  3.48208882e-02
 -3.22558619e-02 -5.44699058e-02  4.98539507e-02 -2.96735484e-03
 -1.72993690e-02 -8.86664689e-02  2.95123216e-02 -1.28437737e-02
 -3.59375263e-04  1.90271996e-02 -3.04824077e-02  3.01900809e-03
  6.70742467e-02  4.05946411e-02 -1.54697932e-02  1.92013867e-02
  2.16563549e-02  5.03703207e-02 -3.41469944e-02  4.33667079e-02
 -8.40086266e-02 -7.35314935e-03 -3.35963443e-02 -5.00228927e-02
  2.22193673e-02 -9.13790427e-03 -2.85930019e-02 -1.72304343e-02
  5.74790239e-02  2.09516124e-03  3.39161195e-02 -6.85039610e-02
 -4.42695804e-02 -5.86473644e-02  5.82037009e-02 -2.00398080e-02
  1.31636136e-03 -3.05725001e-02  1.00529252e-03 -5.65048605e-02
  1.26866559e-02  6.80443831e-03 -4.51851711e-02 -4.08983901e-02
  7.86234718e-03 -5.24152145e-02  2.71230750e-02  2.05127392e-02
  5.58796637e-02 -4.22035232e-02  5.79600818e-02 -7.62279108e-02
 -2.84793749e-02 -1.24645293e-01 -3.08514014e-02 -5.88189587e-02
  2.30848230e-02 -4.66317311e-02 -1.11523159e-01 -1.30692050e-02
 -2.26452798e-02 -1.79807357e-02  4.84651588e-02  3.02265259e-03
 -5.69768213e-02 -2.93108053e-03  1.13725111e-01  1.82976220e-02
  4.72577885e-02 -2.72645503e-02  6.18217466e-03  4.43119220e-02
  2.75988728e-02 -8.54540020e-02  6.48933798e-02  4.01805490e-02
  7.12708682e-02  1.65703744e-02  4.08951230e-02 -2.66330782e-33
 -9.78854485e-03  4.56781089e-02 -8.52176547e-03 -8.13697353e-02
 -2.34696288e-02  2.37529594e-02  1.91525780e-02 -6.94579184e-02
 -4.22683991e-02 -8.03687349e-02 -1.28080726e-01  3.57904397e-02
  3.20626050e-02 -4.08201441e-02 -6.09304681e-02 -2.34615542e-02
  2.26410199e-02  6.93490356e-02 -8.76041725e-02 -4.66093794e-02
 -2.49522994e-03  1.12511395e-02  1.28923476e-01  2.21041664e-02
 -3.68866809e-02 -1.60733350e-02 -7.56842270e-03  4.25883681e-02
  6.37288243e-02  4.04605409e-03  2.53306795e-02  2.71573775e-02
  4.52030897e-02 -4.64219153e-02 -2.77840924e-02 -6.40084445e-02
  1.13563174e-02 -6.15912266e-02  9.76013765e-03  2.23082770e-02
  5.55221252e-02 -2.48630112e-03 -2.66241003e-02 -8.47713947e-02
  8.71611983e-02  9.56366062e-02 -2.21930575e-02  2.12261640e-02
 -2.01806556e-02 -7.81645328e-02  1.82978474e-02 -2.67866161e-02
 -6.21173270e-02  6.32434571e-03  4.18229587e-03 -5.27126044e-02
  1.86293907e-02 -6.52056858e-02  2.41720937e-02 -2.65220143e-02
 -9.90087911e-02 -4.54424694e-02  2.45939102e-02  8.26647431e-02
 -1.87882129e-02  5.99962212e-02  7.96483383e-02  1.80088401e-01
  3.77119072e-02 -1.07792571e-01 -6.47289380e-02  3.66159044e-02
  1.85360899e-03  1.98957603e-02 -4.86855991e-02 -5.01336530e-02
 -5.76176075e-03  3.94575438e-03  8.13732073e-02  2.06274260e-02
 -2.21316274e-02  1.55334473e-02 -6.68378845e-02 -6.30968437e-02
 -1.13175353e-02  3.32582220e-02 -3.75113189e-02 -8.83657038e-02
 -4.07269113e-02  2.14999560e-02 -7.28736743e-02 -2.60298941e-02
  7.63986201e-04  7.70282149e-02 -1.86039452e-02 -3.05702486e-08
  7.09168091e-02 -5.53333983e-02  1.18561322e-02 -1.31391641e-02
 -7.55034015e-02 -1.74872186e-02  1.03086221e-03  4.53868695e-02
  5.74874394e-02  9.82125476e-03  6.78127585e-03  2.84158960e-02
  7.95478672e-02  5.04804514e-02  3.91745754e-02  1.19061423e-02
 -1.04138898e-02 -5.40315732e-03 -8.29372928e-02 -1.50066018e-01
  2.59828791e-02 -1.12689966e-02 -3.97750810e-02  2.54326239e-02
  5.53454049e-02 -6.23994209e-02  1.44851813e-03 -8.02587569e-02
  3.30747589e-02  2.81246621e-02 -8.34060609e-02  2.59880703e-02
  2.23816652e-02  5.00706956e-02  5.61763979e-02  4.92754765e-02
  1.29034117e-01 -5.77405281e-02  1.13579206e-01  4.40142043e-02
  5.16500920e-02 -1.40821766e-02  1.38309542e-02 -3.42805148e-03
  1.29041560e-02 -1.07658505e-02  2.71452684e-02  7.35475793e-02
 -1.72556750e-02  1.89404264e-02  3.80281657e-02  2.76090968e-02
  1.24720903e-02  1.33784190e-02 -7.98970759e-02 -3.54663692e-02
 -2.16165613e-02 -6.52474687e-02  7.08571896e-02  2.01549530e-02
 -1.24453073e-02 -3.15974280e-02 -2.91898586e-02  6.91547692e-02]"
What is the mortality rate of Dengue?,"With proper medical management, the mortality rate of dengue fever is less than 1%. However, if untreated, severe dengue can have a mortality rate of 20% or more.","With treatment, the dengue mortality rate is below 1%, but severe cases can be much higher if left untreated.","What is the mortality rate of Dengue? With proper medical management, the mortality rate of dengue fever is less than 1%. However, if untreated, severe dengue can have a mortality rate of 20% or more.","[ 7.47884586e-02 -3.47670503e-02 -1.25568025e-02 -3.20044272e-02
 -2.20662281e-02  5.44663006e-03 -9.85245034e-03  7.26786330e-02
 -2.21225880e-02 -2.08620857e-02  3.00487597e-02 -3.51062380e-02
  1.45239010e-02 -9.77738877e-04  5.32133505e-02  8.19300115e-03
 -1.26310727e-02 -8.75151381e-02 -1.04101695e-01  4.37281542e-02
 -2.56508011e-02 -1.10579319e-02  9.35935527e-02 -2.90332697e-02
 -9.70932916e-02 -6.14784844e-02 -2.52766442e-03 -3.55161242e-02
  1.13093872e-02  2.08862126e-02  1.91172678e-03  7.83817694e-02
 -1.10853137e-03 -1.16772233e-02 -6.53183535e-02 -5.74222319e-02
 -1.18540578e-01  3.19088879e-03 -3.99055965e-02  2.10739095e-02
  5.26642054e-02  4.68154214e-02 -7.37468600e-02 -1.56281125e-02
  1.08200600e-02  2.38492582e-02 -7.99683854e-02  7.57892057e-03
  3.69899273e-02  1.66849885e-02 -3.36454296e-03  9.67506226e-03
 -8.76890402e-03  4.70554791e-02  2.57163513e-02  1.60826705e-02
 -4.03527543e-02 -5.01782633e-02 -5.93339019e-02 -7.54415318e-02
 -4.21825685e-02  6.05973937e-02  8.54558200e-02 -3.06420196e-02
 -5.63979670e-02 -3.85450646e-02  1.89742167e-02 -3.01057473e-02
 -3.03965770e-02  1.01938061e-01 -1.50180021e-02 -2.42254660e-02
 -7.46523729e-03  9.67835337e-02 -1.34254336e-01 -7.49846697e-02
  9.57673565e-02  2.25021094e-02  7.81649128e-02 -5.27694263e-02
  1.59248840e-02 -1.09510936e-01  1.02013476e-01 -4.98993509e-02
 -9.21455678e-03 -1.61009487e-02  1.49877872e-02 -1.78736020e-02
  8.22735056e-02  6.50485530e-02 -1.79993524e-03  1.93216950e-02
  6.26127496e-02 -3.29273492e-02  8.03074390e-02  1.00416921e-01
 -5.43968333e-03  1.00007113e-02 -8.12477805e-03 -3.95361185e-02
 -4.58422229e-02 -3.56384888e-02 -3.71507965e-02 -1.53059354e-02
 -3.18471156e-02  9.62241832e-03 -4.27280664e-02 -1.29112378e-02
  1.43506564e-02  6.16418794e-02  6.14316901e-03  7.72635592e-03
  2.48251576e-02 -1.76718719e-02  3.65239568e-02 -1.37098908e-01
  3.20688565e-03 -7.14446930e-03  2.09765974e-02  3.20771076e-02
  6.35101125e-02 -5.43975532e-02 -9.08054062e-04 -2.46375892e-02
  3.24268639e-02  1.35990353e-02  9.69655216e-02  6.08374117e-34
  7.34047294e-02 -9.04922336e-02  2.88234521e-02 -7.59371370e-02
  4.24092114e-02 -4.45275009e-02 -7.33217504e-03  9.71984193e-02
  2.67136078e-02 -2.81210858e-02 -1.78672615e-02 -1.71981707e-01
 -1.90714300e-02  8.34210142e-02 -1.50616486e-02  7.52778426e-02
  3.97453830e-02 -5.51964296e-03  2.12125555e-02 -5.78807145e-02
 -5.99179305e-02  1.65438764e-02 -3.60285528e-02 -6.36341497e-02
  2.11252291e-02  3.29540707e-02 -3.84954140e-02  8.66368972e-03
 -2.08689179e-03 -2.84920763e-02  1.81510281e-02 -1.99614931e-02
  1.61472652e-02 -5.27888685e-02 -3.63673382e-02  4.26780432e-02
 -2.09565852e-02  1.03876047e-01 -4.92933905e-04  1.07131964e-02
 -1.43625704e-03 -6.26832619e-02 -3.42475548e-02  2.28189547e-02
  1.02589671e-02 -7.49197649e-03  5.46442531e-02 -7.69585297e-02
  1.52568100e-02 -5.13701141e-02 -3.23038325e-02 -2.50891708e-02
 -2.27031726e-02  8.40756483e-03  2.94499733e-02  2.78720297e-02
  4.07524481e-02  4.76187691e-02 -3.19836624e-02  6.16106857e-03
 -1.22594824e-02 -1.02804061e-02  2.69926917e-02 -1.20512722e-02
  2.56794430e-02  2.09466517e-02  1.49331605e-02 -8.90194159e-03
  1.25735765e-02 -8.50167125e-02 -6.57235878e-03 -2.84605026e-02
 -4.03854139e-02 -5.40918335e-02 -4.01753336e-02  9.15065408e-02
  3.30921523e-02 -4.25371565e-02  4.57394794e-02  6.52322993e-02
 -4.82159257e-02  2.96936370e-02  5.67460619e-02  1.10659981e-02
  6.80958107e-02  3.83461192e-02  3.78501937e-02  1.87045485e-02
 -1.70383230e-02  1.37804886e-02  6.58997223e-02  2.80008893e-02
  6.07047323e-03  2.86352336e-02  1.05504073e-01 -3.72070007e-33
 -4.35466580e-02  1.10868394e-01 -7.99702555e-02  3.80194746e-02
 -3.81953060e-03  1.76455099e-02  1.37916058e-02 -3.70566398e-02
 -2.30205171e-02 -6.98153079e-02 -9.40152630e-02  1.03608027e-01
 -1.33087784e-02 -2.35376004e-02 -5.19092828e-02 -2.85737608e-02
 -5.32064438e-02  5.37590049e-02 -9.84226614e-02  3.62213217e-02
 -5.04231788e-02 -5.87487444e-02  6.05093352e-02  6.87448904e-02
 -2.22854689e-02 -7.97512569e-03  2.36383528e-02  8.48637614e-03
  4.01215404e-02 -3.28689702e-02  9.64272171e-02 -1.97707899e-02
  7.54201338e-02 -5.67422733e-02 -2.32088026e-02 -9.39359814e-02
  3.77178867e-03 -1.16877407e-01  1.55493775e-02 -3.89095098e-02
  6.44145235e-02  3.37032452e-02 -4.88770753e-02 -8.40871334e-02
  6.76948726e-02 -5.80256153e-03 -1.17601501e-02 -3.06021180e-02
  4.97331806e-02 -8.02798867e-02  3.85105759e-02 -3.59725431e-02
 -4.04556878e-02  8.27045068e-02  1.95880104e-02 -2.84673497e-02
 -6.02416210e-02 -6.25791177e-02  6.03037551e-02 -9.58908275e-02
 -5.28008379e-02 -4.79289843e-03  1.80030521e-02  1.26104578e-01
 -4.64076027e-02 -3.09801344e-02  7.99407586e-02  8.01800862e-02
 -1.49945496e-02 -1.03442758e-01  3.54462140e-03  2.91687846e-02
 -3.91037129e-02  4.43280861e-02  3.79881747e-02 -1.12885898e-02
  3.42262350e-02  4.73569408e-02  6.08357117e-02  3.88298891e-02
  2.16589253e-02  7.14982161e-03 -5.15700057e-02 -8.29334185e-02
 -1.09226517e-01 -1.10098654e-02  2.10533980e-02 -6.59249201e-02
  1.20767094e-04  2.61593480e-02 -9.61038768e-02 -2.61428580e-02
  1.59811080e-02 -8.07366334e-03 -4.69112061e-02 -3.15569579e-08
  7.81074986e-02 -3.26358639e-02 -1.08810104e-02 -7.98899755e-02
  7.06900202e-04  1.03943981e-02  9.97974421e-04  4.93999086e-02
  2.05064239e-03  1.05029948e-01  1.36506008e-02  2.30536447e-03
 -4.53836359e-02  1.17308311e-02  1.12892929e-02 -1.09244930e-02
 -3.29932757e-02  1.15015600e-02  3.68724652e-02 -7.72800520e-02
 -3.77213955e-02  2.40409449e-02  2.23919079e-02 -1.37786679e-02
  4.83900048e-02  4.58453819e-02 -3.47724594e-02 -3.25276218e-02
 -7.37875998e-02 -9.78630967e-04 -9.50670913e-02  3.79201770e-03
  8.00730586e-02  3.76570225e-02  1.07920676e-01  2.03474686e-02
  1.09652892e-01 -4.97462340e-02  5.45674488e-02  6.38428032e-02
  2.32216232e-02 -7.07571581e-02  2.43795644e-02 -2.97359135e-02
  2.07235515e-02 -5.93809150e-02  8.53418559e-02  4.87624221e-02
 -3.64923775e-02 -9.62726623e-02  8.95387158e-02  1.24558527e-02
 -1.89111866e-02 -4.78080250e-02 -6.98134378e-02 -2.01762305e-03
 -4.44730632e-02 -2.21349411e-02 -6.66349977e-02  2.93201841e-02
  6.77841976e-02  4.84150555e-03 -6.18057065e-02  4.22260389e-02]"
How is Dengue diagnosed?,Dengue is diagnosed with blood tests to check for the virus or antibodies to it. This includes the NS1 antigen test for the virus and the IgM/IgG tests for past exposure to the virus.,Dengue is diagnosed through blood tests for the virus or antibodies indicating past exposure.,How is Dengue diagnosed? Dengue is diagnosed with blood tests to check for the virus or antibodies to it. This includes the NS1 antigen test for the virus and the IgM/IgG tests for past exposure to the virus.,"[-3.74602992e-03  1.38744684e-02 -1.19092315e-02  5.73863462e-03
  1.89175196e-02  1.04496637e-02  9.43359658e-02  3.42502333e-02
 -3.58190909e-02 -1.41767263e-02 -2.98873466e-02 -5.48349731e-02
 -8.10724795e-02  3.05955186e-02 -8.57485905e-02 -1.68556552e-02
 -3.35032940e-02 -6.47265390e-02  2.94712894e-02 -7.99306855e-02
 -3.24827582e-02  3.54064815e-02  3.19943316e-02 -6.15298077e-02
 -8.29067603e-02  3.30085456e-02 -5.89694977e-02 -2.30536070e-02
  2.34607216e-02 -6.55519171e-03  4.31060083e-02  1.37059309e-03
  1.31666502e-02  1.12463556e-01  2.53333133e-02 -9.45383012e-02
 -3.70003283e-02  3.99324335e-02 -1.26903474e-01 -1.63635910e-02
  1.16113655e-01 -5.95819429e-02  4.66837287e-02 -7.02390447e-02
 -4.66801180e-03  3.36359926e-02 -6.54373839e-02  8.02479982e-02
 -5.07422781e-04 -4.57135886e-02  4.89271097e-02 -2.14774515e-02
 -2.86227092e-02  3.19301784e-02  4.08506431e-02  5.72862513e-02
 -4.75722365e-02 -8.15061703e-02 -5.98121388e-03  4.25044373e-02
 -4.11624648e-02  5.45694120e-02  3.62526104e-02  6.23412468e-02
  6.30186722e-02  2.46180408e-02  6.82351664e-02  9.21605993e-03
  4.54562716e-02 -5.25769405e-02  1.50442943e-02 -2.44762842e-02
 -9.64133907e-03  1.36212111e-01 -5.74959740e-02 -1.51685625e-02
  1.20385632e-01  9.26775578e-03  6.89886138e-02 -3.30411457e-02
 -9.52094123e-02  1.26572987e-02  9.47782919e-02 -6.55140579e-02
  1.19105317e-02  5.57584651e-02 -1.51749933e-02 -1.31972553e-02
 -3.49067003e-02  8.88257939e-03  6.91224411e-02 -5.98247126e-02
 -7.64905885e-02 -1.48568172e-02  7.16335922e-02  4.12974320e-02
  1.03266492e-01 -3.24917287e-02  6.42567426e-02 -2.43014679e-03
 -1.64766666e-02 -2.95122471e-02  2.16566157e-02  2.18723551e-03
 -3.62886041e-02  8.65748525e-03  1.49556121e-03 -6.03005625e-02
  9.87853706e-02  1.61939207e-02 -2.72175781e-02  2.33758278e-02
  6.80980980e-02 -4.50828634e-02  4.56464551e-02 -1.12372175e-01
 -3.16300914e-02  4.60356437e-02 -2.48575173e-02  1.06280996e-02
  4.14316207e-02 -5.15556410e-02 -6.89408416e-03 -7.36272782e-02
  9.95372757e-02  1.07773744e-01  5.40194008e-03 -4.71991802e-33
  7.83605427e-02 -5.29114529e-02  1.74187571e-02 -4.40062694e-02
 -1.72768869e-02  2.97475308e-02 -1.15720527e-02  1.04329802e-01
  3.83776467e-04  5.34144863e-02  4.98789735e-02 -2.23222151e-02
 -2.38294080e-02  6.11126497e-02 -2.69158441e-03  1.24772221e-01
 -3.19537125e-03 -7.77718499e-02 -2.43785158e-02  2.82188449e-02
 -1.72137581e-02 -1.01808906e-02  2.92778593e-02 -5.75956032e-02
  2.34003123e-02  1.06435986e-02 -2.78732982e-02  7.55230524e-03
  5.44305369e-02 -2.43212143e-03 -5.13706356e-02 -7.89111946e-03
 -5.64987212e-02 -4.80980147e-03 -6.57075271e-02  1.25284242e-02
  1.49760880e-02  5.60108647e-02 -2.10237764e-02  8.33783299e-03
  7.25431591e-02 -6.74984381e-02 -6.24377877e-02 -2.17156857e-02
  7.99563453e-02  1.73081481e-03 -3.92715745e-02 -4.50159647e-02
  3.51891071e-02 -4.30123024e-02  1.06700025e-02 -8.77792854e-03
  6.46272814e-03 -6.01688027e-02  5.62767163e-02  8.03584456e-02
  3.55212241e-02 -2.48208866e-02 -3.92729640e-02 -3.12368721e-02
  1.42425578e-02 -4.86640409e-02 -3.18669342e-02 -1.30536109e-02
 -2.05583517e-02  7.88909756e-03 -1.48053207e-02 -5.05635254e-02
 -7.65021006e-03 -9.37681571e-02 -3.33636515e-02 -3.33338305e-02
  1.65223666e-02 -6.75845100e-03  1.14171719e-02  4.93777506e-02
 -5.13798669e-02 -1.44825662e-02 -2.38822494e-03 -4.50408831e-02
 -1.91236213e-02  6.33768886e-02  1.34997502e-01  5.91538772e-02
  3.96761596e-02 -3.81250679e-02 -3.90380919e-02  6.64203381e-03
 -8.88291597e-02 -9.68045369e-02  4.93267067e-02  8.41337517e-02
 -3.43298470e-03 -3.98621196e-03  5.75849377e-02 -2.31715031e-34
 -7.77203739e-02  5.74106686e-02 -8.52916390e-02 -5.22960071e-03
 -5.17785642e-03 -3.43440427e-03  5.03356978e-02 -4.06866744e-02
 -8.65449477e-03 -3.64982407e-03 -5.01306616e-02  1.58890858e-02
 -6.92735165e-02 -4.97776419e-02 -6.00102916e-02  1.43679101e-02
 -7.21838549e-02  6.16713846e-03  8.22070427e-03  4.38174643e-02
 -1.81914717e-02  4.49772626e-02  1.06680937e-01 -4.87886891e-02
 -6.29294440e-02 -1.51404943e-02  1.01334766e-01 -3.31352577e-02
  7.02076852e-02 -2.79099084e-02  1.02036916e-01  4.57007140e-02
 -7.52215041e-03 -1.47531061e-02 -1.10124843e-03 -5.92381395e-02
  3.07682958e-02 -1.17311321e-01  1.99326966e-02  5.35099842e-02
  1.33292014e-02  8.20983723e-02 -4.55545336e-02 -4.98638228e-02
  5.65981194e-02  5.74358217e-02  7.11484172e-04  9.49810967e-02
  5.88025413e-02 -5.17038740e-02 -2.71856971e-03 -8.38399492e-03
 -1.58704575e-02  7.20279068e-02 -3.58941518e-02 -1.52255436e-02
 -7.79838413e-02 -2.39976291e-02 -5.69550768e-02 -2.75553670e-02
 -6.00478314e-02 -4.21286710e-02  1.22828251e-02  6.36745393e-02
 -5.99538609e-02  5.07777967e-02  1.36788353e-01  7.42741823e-02
  4.15831320e-02 -9.18274149e-02 -4.72894683e-02 -4.05510962e-02
 -3.96761000e-02 -3.31285745e-02  8.18978772e-02  6.35832828e-03
 -6.13895915e-02  1.69510897e-02  6.61655441e-02 -4.83217910e-02
 -1.61424633e-02 -1.18196188e-02 -1.75515208e-02 -2.25394331e-02
  6.28545135e-03  3.30544114e-02  1.28403483e-02 -3.37588303e-02
 -1.84800141e-04  1.64579581e-02  1.59191284e-02 -4.87218704e-03
 -7.75884464e-02 -3.00282668e-02 -8.16805288e-02 -3.17423172e-08
  7.38458037e-02 -1.09672509e-01  8.31209309e-03 -7.94452131e-02
 -3.72851118e-02  3.36622931e-02 -2.34889798e-02  2.11772649e-03
  5.26300780e-02  8.20127875e-02 -1.42937591e-02 -3.57450135e-02
 -4.33617905e-02  1.48603087e-02  8.21146742e-02 -2.88826022e-02
 -1.93978529e-02 -2.06488669e-02 -6.71878979e-02 -7.60044530e-02
 -2.26283707e-02 -3.12099908e-03 -3.29277851e-02  6.07384369e-02
 -1.98173728e-02 -5.79113439e-02 -5.11161089e-02 -3.96538079e-02
 -2.38116048e-02  3.08873653e-02 -1.02891989e-01  9.97085571e-02
  2.45736632e-02 -1.93198526e-03  7.40997940e-02  2.98816594e-03
  9.23942551e-02 -2.06506550e-02  1.02626733e-01  2.56136153e-02
  4.08918858e-02 -1.72996614e-02  2.52799373e-02 -3.92600968e-02
 -2.42522899e-02 -5.24433851e-02  3.87155302e-02  7.71476747e-03
 -9.32738371e-03 -1.06820166e-01 -2.04016753e-02 -2.13744789e-02
 -4.11333479e-02 -2.52388548e-02 -8.01740438e-02 -2.07496043e-02
 -5.09012491e-03 -1.94884166e-02  7.75518874e-03 -2.82875653e-02
  6.68118745e-02 -1.60322972e-02 -5.06479628e-02  5.63154463e-03]"
Can Dengue be treated at home?,"Mild dengue fever can be treated at home with rest and plenty of fluids to stay hydrated. However, severe dengue fever requires medical attention due to the risk of complications.","Mild dengue can be managed at home, but severe cases require medical attention.","Can Dengue be treated at home? Mild dengue fever can be treated at home with rest and plenty of fluids to stay hydrated. However, severe dengue fever requires medical attention due to the risk of complications.","[ 2.67106928e-02  5.32561690e-02  1.04244146e-02 -4.14163247e-02
  5.65478690e-02  3.29977833e-02  4.28232327e-02  2.36842688e-02
 -4.74955477e-02 -7.99043328e-02 -5.26139848e-02  4.67292741e-02
 -5.76893650e-02  3.20719965e-02  6.52760491e-02 -4.07779254e-02
  2.82954127e-02 -4.99505214e-02  3.47949974e-02  4.96950699e-03
 -5.83722256e-02  3.76399718e-02  1.08659258e-02 -1.30889639e-02
 -8.30049366e-02  7.25038201e-02  5.19115031e-02 -1.40669690e-02
  4.23876792e-02 -1.61974430e-02  2.62721721e-02  2.08911784e-02
 -4.21930887e-02 -8.52034148e-03 -3.28803360e-02  1.11790914e-02
 -1.12440594e-01  1.85775645e-02 -4.51273806e-02  3.61376852e-02
  1.03086405e-01  3.76316123e-02  5.12960926e-02 -3.22388895e-02
 -1.04636420e-02  1.32390046e-02 -3.38626727e-02 -2.38476675e-02
  6.52695969e-02 -3.19942683e-02  4.40440625e-02  3.58433016e-02
 -3.08997231e-04  4.37150672e-02  4.13856432e-02  1.22426175e-01
 -1.55773517e-02 -1.13374762e-01 -2.21124571e-02 -3.16009112e-02
 -8.84227396e-04  6.75940961e-02  6.19703196e-02 -6.78104255e-03
 -1.09093823e-02 -4.59308587e-02  8.60926788e-03  3.51112112e-02
  1.04436457e-01  2.58311406e-02 -2.97519919e-02  9.97225405e-04
  2.59153713e-02  9.54411849e-02 -6.29107133e-02 -3.78902182e-02
  8.43209773e-02 -5.11498451e-02  8.71253237e-02  8.07699468e-03
 -5.90561740e-02 -3.81457657e-02  1.36170700e-01  2.16635363e-03
 -2.42939759e-02  6.72006980e-02 -2.00429019e-02 -2.03362536e-02
  7.67436251e-02 -3.41253035e-05  6.08655885e-02  5.86253311e-03
 -6.43017702e-05 -6.53704926e-02  2.78733633e-02  4.79260832e-02
  4.76871878e-02 -4.83899489e-02 -1.08233793e-02  5.90498745e-03
 -3.66196735e-03 -8.95451289e-03  1.58282630e-02 -1.73546150e-02
  9.49321501e-03  4.71089222e-03  3.58225144e-02 -1.02765448e-02
  4.59106937e-02  1.08130751e-02 -9.31244567e-02  4.90629394e-03
  3.78509760e-02 -2.95681190e-02  8.06725956e-03 -1.05545573e-01
  2.72973254e-02 -3.44168320e-02 -4.00303379e-02 -6.28133193e-02
  7.38710985e-02 -8.03170055e-02  3.25281769e-02 -1.11291274e-01
  1.05050966e-01 -1.99641101e-02  9.51465890e-02 -1.05090756e-33
  4.97516952e-02 -6.26493096e-02  2.82992702e-02 -8.11856762e-02
  3.26549448e-02  1.23066884e-02 -1.18933823e-02  6.99092224e-02
  2.87960600e-02 -7.20129088e-02  5.19355536e-02 -5.73348328e-02
 -1.31860925e-02  3.36506292e-02 -6.13400079e-02  1.51390702e-01
 -1.66855324e-02  4.25048871e-03  3.69886309e-02 -2.02103844e-03
  3.90018560e-02 -8.96446686e-03 -1.83840711e-02 -7.91139621e-03
  1.17091751e-02 -5.58531433e-02  8.76971055e-03  1.71960182e-02
  7.51379356e-02 -1.18151624e-02  1.36700422e-02 -1.14905518e-02
  1.88485272e-02  1.90785788e-02 -8.04348812e-02  2.59565357e-02
 -7.79828206e-02  7.06802011e-02 -5.39865382e-02 -6.76339492e-02
  8.91501084e-02  2.57719541e-03 -4.18079691e-03  3.49577442e-02
  2.96074040e-02 -9.36803967e-03  1.11808516e-02 -4.55018617e-02
 -5.42333573e-02 -1.07037485e-01  9.44550429e-03 -2.43089776e-02
 -4.44465950e-02 -2.67307814e-02  3.19329314e-02  2.02232338e-02
  4.97570708e-02  2.61058956e-02  1.60258054e-03 -3.28934714e-02
  5.28746052e-03 -3.07243243e-02 -1.07711656e-02  1.00335330e-02
  5.40342741e-02 -3.03967409e-02  5.10032736e-02 -1.78675652e-02
  1.39717078e-02 -1.31367683e-01  2.52037533e-02 -4.31969985e-02
 -6.37640134e-02 -3.98246832e-02 -9.76954624e-02 -1.41611071e-02
  1.87047478e-02 -5.39999865e-02 -1.54257519e-03  2.82531865e-02
 -1.41468458e-02 -2.47201044e-02  1.46420553e-01  1.42543808e-01
  1.24273017e-01  3.59626324e-03 -8.37862715e-02  1.67566109e-02
 -2.98375841e-02 -1.58226583e-02 -2.94436538e-03 -6.34109043e-03
  7.35792294e-02 -1.99869070e-02  4.82542403e-02 -1.28686583e-33
 -3.28925662e-02  2.39018351e-02 -5.91272525e-02  2.17030644e-02
  1.81927308e-02  2.71139648e-02  2.76359562e-02 -3.56424637e-02
 -7.52791949e-03 -3.14436876e-03 -1.45329505e-01  1.93438102e-02
  4.63722972e-04 -6.73250183e-02 -4.64115329e-02 -2.58143619e-02
 -4.20000479e-02  4.49411981e-02 -6.52085394e-02  4.95957099e-02
 -3.08906697e-02  2.39504706e-02  1.49952158e-01 -2.48197597e-02
  4.81896214e-02  7.41326436e-03  2.52250712e-02  1.98011156e-02
 -2.18766332e-02 -5.25896670e-03  7.13134930e-02 -1.83011312e-02
  8.93810857e-03 -1.36053022e-02 -4.03754637e-02 -4.52497937e-02
 -1.79914907e-02 -1.05058588e-01  1.83597729e-02  4.58596833e-02
  7.40542263e-02 -3.63099612e-02 -4.24719751e-02 -5.37432916e-02
  4.55377810e-02  9.70275477e-02 -6.29395992e-02 -6.02160618e-02
 -9.49762948e-03  7.16875214e-03  2.13543791e-02 -1.29369311e-02
 -6.96566552e-02  4.20069396e-02 -2.16044597e-02 -2.71232110e-02
 -1.87817793e-02 -5.50627634e-02  1.52132637e-03 -6.20217696e-02
 -5.82748391e-02 -3.83254737e-02 -2.35381071e-02  3.99769023e-02
 -4.04395424e-02  4.83853519e-02  7.50258565e-02  1.34014860e-01
  3.46174859e-03 -1.33370340e-01 -1.04776107e-01 -4.75368239e-02
 -9.85469855e-03  8.53851736e-02  3.13448198e-02  1.16210459e-02
  4.35726577e-03  2.01052986e-02  5.25138080e-02  2.15990730e-02
 -2.58959550e-02 -1.35825397e-02 -2.90673207e-02 -7.53922835e-02
 -1.03462599e-02 -4.88652028e-02 -2.38116570e-02 -4.56544459e-02
 -1.22244060e-02  4.96539660e-02 -4.14034501e-02 -6.95730373e-02
 -1.98410098e-02  7.14123175e-02  6.23165513e-04 -2.45406468e-08
  3.96497995e-02 -2.11879406e-02  6.47821724e-02 -5.92594827e-03
 -7.30914026e-02 -6.31208345e-02  1.15063926e-02  1.29676983e-02
  3.96907516e-02  8.46768245e-02 -8.51425081e-02 -2.70946901e-02
  7.73543417e-02  3.80009636e-02  3.68661247e-03 -1.29759815e-02
  1.16357710e-02 -7.07684979e-02 -8.63080770e-02 -9.30594504e-02
 -9.08157555e-04 -6.22879714e-03  1.64535586e-02  1.08168982e-01
  1.85418092e-02 -1.17251053e-02 -1.78396888e-02 -5.18799759e-02
 -2.14241426e-02 -1.35370884e-02 -9.37324986e-02  3.29088159e-02
  2.53423322e-02  5.19856066e-02  4.76186499e-02 -2.29157284e-02
  1.35915086e-01 -6.27701953e-02  5.63194901e-02  3.14445458e-02
  2.28768382e-02 -6.59395084e-02 -4.75416034e-02 -2.42101066e-02
  2.05857009e-02 -8.46471563e-02  2.29064915e-02  3.06124929e-02
 -1.14324959e-02 -9.64262933e-02  4.41861562e-02 -1.89272724e-02
 -1.51665993e-02 -1.99789796e-02 -2.19207536e-02  1.15707051e-02
 -4.25566584e-02 -7.10354149e-02  1.49583500e-02  1.48104085e-02
 -3.95291708e-02 -1.18984291e-02 -1.35253035e-02  3.64928395e-02]"
How long does Dengue last?,"Dengue fever usually lasts about a week, but the after-effects can be felt for some time after the infection has cleared, with fatigue and joint pains lasting for weeks or months.","Dengue typically lasts a week, with after-effects like fatigue potentially lingering longer.","How long does Dengue last? Dengue fever usually lasts about a week, but the after-effects can be felt for some time after the infection has cleared, with fatigue and joint pains lasting for weeks or months.","[ 1.60637330e-02 -6.63860738e-02  2.31725127e-02 -7.02773221e-03
  1.51186874e-02  2.54150257e-02 -1.01208715e-02  3.04253884e-02
 -1.14567846e-03 -8.15051123e-02 -2.38964353e-02  6.49839640e-02
 -2.64380779e-03  3.25412984e-04  2.62882430e-02  4.08017747e-02
 -4.28819023e-02 -9.98426974e-02  3.05485819e-03 -3.81653905e-02
 -3.00353505e-02 -3.46723907e-02 -1.36556681e-02 -6.30589649e-02
 -1.27574280e-01  6.14157394e-02  1.02524310e-02 -1.26077197e-02
  4.98725362e-02 -5.12926579e-02 -2.49752570e-02  4.54012305e-02
 -5.74011123e-03  4.55403626e-02  1.33407647e-02 -1.60832063e-03
 -1.33211359e-01 -6.92276051e-03 -5.18563874e-02 -6.00144863e-02
  4.04315554e-02  4.05723825e-02 -5.62752085e-03 -5.19070625e-02
 -1.04427831e-02  2.46110763e-02 -3.57476696e-02 -1.77101456e-02
  1.09840304e-01  2.89809797e-02  2.71315780e-02 -2.36062575e-02
  2.33556125e-02  3.94881815e-02  4.39208597e-02  8.86052772e-02
 -1.98647548e-02 -1.55834490e-02 -8.87056217e-02 -1.99990608e-02
 -3.93798091e-02  1.44271255e-01  2.63688751e-02 -8.85212049e-03
  9.45001189e-03 -1.95353255e-02  2.53918730e-02 -3.69821140e-03
  3.80625278e-02  7.43547752e-02 -1.04581073e-01  5.15185622e-03
 -8.27945173e-02  1.05454482e-01 -9.29995254e-02 -2.42906548e-02
  9.13035944e-02  8.73456150e-03  5.18316738e-02 -7.81830549e-02
 -5.56904338e-02 -5.15181432e-03  1.29190147e-01 -3.13510001e-02
  3.52779478e-02 -1.73706207e-02 -2.56563593e-02  3.14203203e-02
  7.11096749e-02  3.50385308e-02  3.78583632e-02  3.63943614e-02
 -3.14630345e-02 -5.22874519e-02  8.71827379e-02  8.81110653e-02
  2.19566375e-02  6.19859761e-03 -2.11225506e-02  2.88156308e-02
 -7.01999292e-02 -2.07568170e-03 -2.63362546e-02 -4.67404053e-02
  3.50284688e-02  1.38308350e-02 -2.09677368e-02  6.64024660e-03
  1.80088282e-02  3.61195840e-02 -8.42052791e-03  1.46261444e-02
  3.39097977e-02 -6.63403198e-02  3.72530855e-02 -1.12853795e-01
  4.55026049e-03  6.28735945e-02  4.23552888e-03  7.77540030e-03
  9.16005075e-02 -3.10721472e-02 -4.38816510e-02 -4.96687852e-02
  1.60705857e-02  6.86327741e-02  1.21185869e-01 -9.56678281e-34
  3.74838971e-02 -8.56528357e-02  1.90821439e-02 -3.01316697e-02
 -1.42643359e-02 -2.04173792e-02  9.08780657e-03  7.43641108e-02
 -7.62590161e-03 -9.63967759e-03  1.04262177e-02 -5.79265803e-02
 -2.76158899e-02  2.63303071e-02  4.93682362e-03  1.08686894e-01
  4.22120802e-02 -2.53646709e-02  1.01942848e-02 -3.56376059e-02
  1.50312837e-02 -1.62884947e-02 -7.54308514e-03 -1.21069178e-02
  2.95540057e-02 -9.32912435e-03 -9.30913445e-03  6.98914751e-02
 -9.02167056e-03 -9.69812460e-03  1.36446971e-02  2.54042130e-02
 -4.48922850e-02  5.47852367e-03 -3.35455015e-02  4.92954440e-03
  2.70737391e-02  5.99827431e-02  4.91552707e-03 -1.84968449e-02
  1.07592069e-01 -1.36774555e-02 -2.38817818e-02 -7.45730381e-03
  2.64386069e-02 -1.43052880e-02  5.62662780e-02 -8.90712999e-03
 -9.22546349e-03 -6.19559065e-02 -1.00811925e-02 -2.54084766e-02
  4.20736708e-02 -2.45117061e-02  2.93563353e-03  3.88964862e-02
  2.36223564e-02 -2.11706082e-03 -3.00385337e-02 -7.45887309e-02
  5.47567718e-02 -5.00897281e-02  3.04678008e-02  3.14511470e-02
  3.16273719e-02  7.59962648e-02 -2.66229827e-02 -3.34688975e-03
 -5.31171598e-02 -1.07701533e-01  6.21316694e-02 -3.67060602e-02
 -6.98934793e-02 -6.33506626e-02 -4.25688177e-02 -2.00420860e-02
 -1.35419779e-02 -7.84156770e-02  2.52617355e-02  5.42181581e-02
 -2.99192593e-02  1.39557393e-02  9.95715708e-02  7.03375190e-02
  1.12981878e-01 -7.85014778e-03  1.60533674e-02 -8.90630335e-02
 -4.64877822e-02 -7.73767680e-02  1.86354667e-02  9.13723558e-03
  6.41970187e-02  3.52887027e-02  5.80206513e-02 -2.11490223e-33
 -5.78978024e-02  8.55551362e-02 -5.28480597e-02 -1.23601351e-02
  2.64251437e-02 -1.42868105e-02 -1.77260004e-02  1.53643936e-01
 -9.09648091e-02 -4.69548702e-02 -7.28726014e-02 -2.68639568e-02
 -4.73918170e-02 -4.27386872e-02 -3.83440182e-02  1.56997051e-02
  4.59877402e-02  1.83728207e-02 -5.55273257e-02  1.50197735e-02
  2.71017998e-02  8.93777981e-03  1.00269914e-01 -4.93054725e-02
  6.12975704e-03  8.20946973e-03  6.68887645e-02 -1.83058027e-02
 -1.42637221e-02 -3.40098590e-02  7.03771785e-02 -1.71476398e-02
  7.89251737e-03 -4.99626733e-02 -2.51862612e-02 -4.76580150e-02
 -4.05438989e-02 -7.57144243e-02  7.08167404e-02  1.68915670e-02
  4.69810292e-02 -2.59726867e-02 -3.68165271e-03 -9.68402922e-02
  1.06084354e-01  5.77614456e-02 -6.50175437e-02 -3.67365219e-02
  4.65234332e-02 -5.30119129e-02  5.20845354e-02 -3.95075716e-02
 -5.37005812e-02 -1.70303080e-02  2.27909368e-02 -3.55779417e-02
 -2.47910954e-02 -6.66194558e-02  3.94367948e-02 -1.02695122e-01
 -8.23336095e-02 -4.22544517e-02  8.17395560e-03  5.67355081e-02
 -5.43531403e-02  7.94865265e-02  1.25931561e-01  7.73983672e-02
  1.93055756e-02 -1.30049109e-01 -3.10298894e-02  4.50645341e-03
 -1.02793969e-01  5.33667505e-02 -8.75862874e-03  4.46657166e-02
  1.29043739e-02 -4.00508317e-04  7.62653723e-02 -8.64820927e-03
 -8.17937925e-02 -1.87196918e-02 -2.16437429e-02 -1.14979275e-01
 -3.77327241e-02  9.84677020e-03 -6.96069896e-02 -3.00398283e-02
  1.34413121e-02  7.17287883e-02  3.76317352e-02 -4.87695672e-02
 -5.22590149e-03  5.79028577e-02 -2.02000029e-02 -2.76352203e-08
  1.09810539e-01  2.84489766e-02 -6.88068615e-03 -5.49556613e-02
 -5.53420000e-03 -2.31374204e-02  5.03142290e-02 -2.61905584e-02
  2.95164511e-02  3.34573956e-03  3.82766463e-02 -1.04835462e-02
  5.90548813e-02  2.14668456e-02 -8.90528224e-03  5.00080511e-02
 -3.42195369e-02 -9.86877233e-02 -1.90826412e-02 -8.31675008e-02
 -5.35776615e-02 -2.06435286e-02 -2.12827139e-02  4.48324978e-02
  1.25928158e-02  1.23705240e-02 -5.20292222e-02 -6.39081374e-02
 -5.37436008e-02 -2.07729507e-02 -6.92136511e-02  1.05786785e-01
 -1.33132888e-02  5.24504669e-02  2.00283490e-02  8.68206192e-03
  1.00704327e-01 -7.60452077e-02  5.41030578e-02  8.17202106e-02
 -2.64322460e-02  3.05852061e-03 -6.21286547e-03 -2.07461175e-02
  2.17941664e-02 -7.10369274e-02  4.42125127e-02  6.78212270e-02
 -2.35840376e-03 -4.82327305e-02  7.72415549e-02  1.47552481e-02
 -6.20017387e-02 -1.51546141e-02 -1.20424433e-02 -3.91638912e-02
 -4.92906123e-02 -2.06856430e-02 -1.25248556e-03 -5.67410178e-02
 -3.83401057e-03 -5.16549051e-02 -1.18603542e-01  5.14005832e-02]"
Who is at risk of contracting Dengue?,Anyone who lives in or travels to an area where dengue is endemic is at risk of contracting the disease. The risk increases during the rainy season in tropical and subtropical climates due to increased mosquito breeding.,"Those in or traveling to endemic areas, especially during rainy seasons, are at risk for dengue.",Who is at risk of contracting Dengue? Anyone who lives in or travels to an area where dengue is endemic is at risk of contracting the disease. The risk increases during the rainy season in tropical and subtropical climates due to increased mosquito breeding.,"[ 5.05028479e-02 -5.42400554e-02 -1.10073704e-02  1.09024420e-02
  2.35434026e-02  6.56341091e-02  8.36444274e-02  3.32652107e-02
 -1.38397291e-02  3.95474350e-03  3.98101807e-02 -5.92326932e-02
  2.34849695e-02 -1.21822217e-02  4.95853322e-03 -1.12059023e-02
 -5.90332597e-02 -9.12030637e-02 -1.87465884e-02 -1.71235930e-02
 -2.19181404e-02  1.34437354e-02  3.76714803e-02 -4.42618690e-02
 -1.18232451e-01 -2.38049440e-02  4.39075790e-02 -6.30172319e-04
  3.70401591e-02 -2.04410646e-02 -3.50955240e-02  7.51781240e-02
 -1.56325586e-02  2.16355491e-02 -2.22207643e-02 -5.15763573e-02
 -8.18416402e-02  2.74218265e-02  3.37710138e-03  1.02563733e-02
  7.26100430e-02 -2.85364520e-02  1.77755114e-02 -5.89586906e-02
 -5.03927059e-02 -6.15208894e-02  9.26433364e-04 -5.57598611e-03
  6.54789573e-03 -6.42414689e-02  6.39432818e-02 -2.84643099e-02
  1.75907686e-02  2.14141440e-02 -1.19172372e-02  2.04425901e-02
 -3.21584158e-02 -6.67231679e-02 -7.44882077e-02 -8.56284611e-03
  5.92343928e-03  4.70187105e-02 -1.61025841e-02 -6.89523527e-04
 -2.52990611e-02  4.25452180e-03  5.30432947e-02  7.63732418e-02
  4.78337007e-03  3.68482657e-02 -3.35772056e-04 -2.53175478e-02
 -8.73499885e-02  1.41584262e-01  7.20909145e-03 -6.76911771e-02
  8.07502344e-02 -9.66323726e-03  6.88516423e-02 -3.91684771e-02
  3.16087902e-03 -1.41872419e-02  8.51959512e-02 -3.00008133e-02
  1.11107444e-02  2.79630581e-03  2.49518035e-03 -1.91366561e-02
  8.62237290e-02  2.80007217e-02  2.75360681e-02 -5.84007129e-02
  4.70601507e-02  4.05423343e-02 -7.78742461e-03  1.30259126e-01
  5.67719825e-02 -6.27614111e-02 -8.21445230e-03 -1.56720281e-02
 -4.28533182e-02 -4.68261167e-02 -5.74111752e-02  3.56412381e-02
 -1.03695560e-02  1.57072823e-02 -6.85530156e-02 -1.47172436e-01
  1.74971614e-02  5.91860786e-02  1.99313331e-02  2.91878562e-02
  6.39720857e-02 -2.51661427e-02  1.13182981e-02 -1.02210306e-01
 -4.22526114e-02 -3.29392254e-02 -4.73559909e-02 -1.96586177e-02
 -7.15197483e-03 -1.78315323e-02 -1.83779988e-02 -3.76611762e-02
  5.19278366e-03 -5.79646714e-02  1.69266213e-03 -6.03469550e-34
  1.37827858e-01 -6.17935769e-02  1.98868886e-02 -2.15454139e-02
  4.09370586e-02  1.93973258e-03 -2.14664936e-02  5.18362075e-02
 -3.31387185e-02 -2.29842979e-02  1.95348803e-02 -1.27012447e-01
 -4.18440215e-02  2.01123338e-02 -6.72463511e-06  1.28572196e-01
  2.48491038e-02 -1.05343694e-02 -5.38403243e-02  4.94743437e-02
 -5.59836775e-02 -4.75070886e-02 -1.83722321e-02 -2.93213632e-02
 -2.71621929e-03  1.36286290e-02 -3.12376749e-02 -1.94357224e-02
  9.95581225e-02  2.83928569e-02  9.46272258e-03 -1.55112026e-02
  3.91451605e-02 -4.08671908e-02 -3.12038455e-02  8.81955549e-02
 -8.63629952e-02  4.15844731e-02 -7.81669691e-02 -2.02425793e-02
  1.35635966e-02 -2.20785420e-02 -4.89099883e-02  4.68136333e-02
  8.70476514e-02 -1.74624268e-02  1.07272722e-01 -9.81691703e-02
 -4.74879965e-02 -7.05920383e-02 -5.31042926e-02 -1.64902154e-02
  5.31496573e-03  2.42006779e-02  5.34963459e-02 -7.54798995e-03
  6.35954738e-02  8.60067084e-03 -4.89181913e-02 -1.42571284e-02
 -5.00325784e-02 -3.79724316e-02  1.31530538e-02 -4.00926173e-03
  3.46846022e-02 -2.50406694e-02  5.39840944e-02 -3.23627256e-02
 -6.63674697e-02 -7.12894052e-02 -1.14837596e-02 -8.65046754e-02
 -7.96047151e-02 -4.43902276e-02 -3.36597487e-02  4.48680632e-02
 -1.95376705e-02 -1.32848006e-02  4.17126641e-02  1.60524044e-02
 -1.08701296e-01  3.13419364e-02  1.13727726e-01  9.36167091e-02
  1.29111120e-02  1.66490283e-02  6.66670362e-03  1.46734538e-02
 -4.09372337e-02  2.30221450e-02  8.73815268e-02  4.19192910e-02
  8.85962620e-02  6.25421479e-02  8.71133506e-02 -3.02084434e-33
 -9.65768546e-02  4.22385819e-02 -3.76536846e-02 -5.17589971e-02
  4.43465039e-02  3.71461589e-04  5.27033769e-02 -4.05938625e-02
  1.62527598e-02 -5.09828180e-02 -1.64940670e-01  5.77133484e-02
  6.75174966e-03 -5.25787063e-02  5.80261112e-04 -2.00970024e-02
 -4.82501946e-02  1.02678567e-01 -7.04417899e-02 -3.34771685e-02
  3.82539746e-03 -5.43070845e-02  1.16251722e-01  1.47391148e-02
 -3.33814695e-02 -1.43175432e-02  3.71669116e-03  3.21868993e-02
 -4.40080538e-02 -3.43232439e-03  3.93886305e-02  8.45964998e-02
  8.70366208e-03 -2.72916332e-02 -4.01859842e-02 -1.44374613e-02
 -8.91663693e-03 -9.73795801e-02  4.02702838e-02 -2.00752988e-02
  1.62186474e-02  6.60195872e-02  1.26107885e-02 -8.90470147e-02
  5.00883125e-02  6.48829490e-02  1.90661568e-02 -2.34562010e-02
  6.77546188e-02 -2.97993235e-02  4.23722230e-02  3.93768549e-02
 -6.08897507e-02  5.21314330e-02  3.47504169e-02 -9.69783682e-03
 -5.27146272e-02 -4.54433933e-02  5.87975569e-02  6.24882383e-03
 -8.63019601e-02  1.33497156e-02  2.45233960e-02  5.02991974e-02
 -5.00093587e-02  3.78423035e-02  4.09630090e-02  1.34043381e-01
  6.19028658e-02 -8.12293515e-02 -1.74042806e-02 -4.68609519e-02
 -2.41485648e-02  1.19555024e-02  8.37982167e-03 -6.86939582e-02
  2.40635430e-03  6.64642304e-02  5.94043657e-02  1.93624999e-02
 -1.36320367e-02  1.70448869e-02 -3.77929099e-02 -6.37431517e-02
 -5.42269126e-02  7.86534231e-03  3.49286012e-02 -1.00695595e-01
 -1.04787024e-02  5.58048487e-02 -9.88561362e-02  3.42524499e-02
 -3.00132893e-02 -4.99889962e-02 -6.52816147e-02 -3.11080086e-08
  6.82725832e-02 -3.39906998e-02  5.31533360e-02 -5.44540808e-02
  2.56255083e-02 -4.01090086e-03  1.77513640e-02  1.92738436e-02
  4.61375229e-02  9.53982025e-02  8.54837336e-03 -5.22078527e-03
  1.08508326e-01  4.31866013e-02  3.27918455e-02  3.97113115e-02
 -4.20811810e-02 -5.71779795e-02 -8.15071017e-02 -9.20237601e-02
  1.09634018e-02  3.83373760e-02 -1.77127291e-02  3.37465107e-02
  2.72583831e-02 -4.02867682e-02 -2.61525698e-02 -1.84944905e-02
 -1.14039844e-03  3.68706584e-02 -9.38534886e-02  2.47792955e-02
  2.57315263e-02  7.23767653e-02  3.03711351e-02  1.88651085e-02
  9.57178921e-02 -7.00573400e-02  5.42689636e-02  5.43893278e-02
  7.88399875e-02 -1.51810236e-02  5.36218025e-02 -6.98124990e-03
  1.19198086e-02 -3.87145020e-02  4.05989327e-02  7.45881274e-02
  1.23371491e-02 -6.47002235e-02 -4.01381217e-02 -3.88942771e-02
  2.37261541e-02 -3.41968648e-02 -4.57956046e-02 -1.74156614e-02
 -8.43302310e-02 -1.41239725e-02  6.68367818e-02 -1.52079510e-02
 -6.99196905e-02 -6.01879954e-02 -5.51625304e-02  2.45321840e-02]"
What are the long-term effects of Dengue?,"While most people recover from dengue without any ongoing problems, some can experience fatigue, depression, and persistent joint pain for weeks or months after.","Long-term effects of dengue can include fatigue, depression, and joint pain.","What are the long-term effects of Dengue? While most people recover from dengue without any ongoing problems, some can experience fatigue, depression, and persistent joint pain for weeks or months after.","[ 6.79788645e-03 -3.86696309e-02  3.16979811e-02  6.15276732e-02
  3.34672220e-02  8.01107213e-02 -3.16550732e-02  5.32197803e-02
 -1.66441426e-02 -7.44085982e-02 -3.14388014e-02  7.26576522e-02
 -2.26547439e-02 -2.84701008e-02  5.03276959e-02  1.93897039e-02
 -5.12170419e-02 -1.82537306e-02  2.09496394e-02 -1.94362979e-02
 -2.40287315e-02 -1.50320055e-02 -2.94488370e-02 -3.40560675e-02
 -1.36367455e-01  4.03506756e-02 -1.39848776e-02  2.92048752e-02
  2.62419265e-02 -3.67816128e-02 -2.66508907e-02  8.80909935e-02
  2.49930751e-02  4.78140377e-02  6.70268387e-03 -1.23488382e-02
 -1.60414472e-01  8.22443888e-03 -6.71805814e-02 -4.56284322e-02
  6.79529309e-02 -6.97406335e-03  1.12650674e-02 -6.54429719e-02
 -5.86293230e-04 -4.10583764e-02 -2.19555218e-02 -1.87053680e-02
  7.34324157e-02  1.96814276e-02  5.41313514e-02 -1.94834615e-03
  3.13791744e-02  6.99121365e-03  5.66756576e-02  4.46906574e-02
 -1.34664970e-02 -2.04312354e-02 -8.42645392e-02  5.07735414e-03
 -3.58764045e-02  1.02333099e-01  2.95222532e-02 -9.79865249e-03
  4.03516404e-02  1.23877302e-02  4.68978658e-02 -1.63093228e-02
  3.71757336e-02  4.70457226e-02 -1.15848415e-01 -4.92133908e-02
 -8.92704949e-02  3.51774879e-02 -4.19863388e-02 -6.08015945e-03
  7.11444169e-02  9.82422731e-04  8.07340294e-02 -7.08786994e-02
 -2.12660115e-02  3.58081684e-02  6.10159598e-02 -8.04933812e-03
 -1.37319630e-02 -2.47316491e-02 -1.73253100e-02  7.47079868e-03
  2.75653061e-02  6.65686876e-02  5.51585592e-02 -5.03243208e-02
 -3.09474077e-02 -3.42281982e-02  5.39484508e-02  8.75036791e-02
 -5.35474392e-03 -5.27523607e-02 -1.29401153e-02  1.17603093e-02
 -1.49322711e-02  2.99243443e-02 -2.13249177e-02 -4.27340642e-02
 -1.35692460e-02  5.36366552e-02 -7.73570035e-03 -5.06403930e-02
  2.37247702e-02  4.47719954e-02 -2.54809558e-02  2.17401907e-02
  3.07093114e-02 -8.58773291e-02 -1.91940721e-02 -1.03687502e-01
 -2.52504498e-02 -1.21560767e-02 -3.40108462e-02 -6.94606360e-03
  4.36965488e-02 -6.54502437e-02 -4.80573066e-02 -5.56349382e-02
 -6.93248177e-04  4.36195508e-02  3.14069912e-02 -1.60115390e-33
  7.96254128e-02 -6.84928074e-02 -4.67170263e-03  9.65208188e-03
  1.47853428e-02 -7.03151571e-03  7.24174222e-03  6.59347326e-02
 -2.15023048e-02 -3.31618488e-02  1.32813863e-02 -2.76330914e-02
 -2.83676777e-02  3.96069745e-03 -2.72913813e-03  1.02298059e-01
 -2.79086996e-02  3.79758934e-03  2.82574538e-02  4.42655161e-02
  1.22270556e-02 -4.10177298e-02  2.68522948e-02  3.29281129e-02
  5.08382395e-02 -2.24030390e-02 -2.96548679e-02  1.20527903e-02
 -1.77686010e-02 -3.63244140e-03 -3.56402509e-02 -4.39307513e-03
 -2.37978399e-02 -4.22307104e-02 -5.57039864e-02  2.53245272e-02
  4.77849320e-03  7.59594664e-02 -4.99532372e-02 -3.43668386e-02
  7.20778778e-02 -2.57576890e-02 -2.51319148e-02  2.88930796e-02
 -4.86049708e-03 -2.52274945e-02  6.24528565e-02 -5.06278239e-02
  4.59583651e-04 -6.58528600e-03 -3.78775597e-02  5.40975668e-03
 -2.95169614e-02 -2.43994519e-02  8.44173413e-03  5.57045117e-02
  1.06891654e-02 -5.44217117e-02 -4.27457727e-02 -6.32829443e-02
 -6.57176180e-03 -3.88159454e-02  1.37817552e-02 -3.81861068e-03
  2.85293423e-02  7.43358433e-02 -1.38070118e-02 -2.62936726e-02
 -6.68929666e-02 -8.44536275e-02  3.58391292e-02 -7.59102851e-02
 -8.99376720e-03 -4.19127755e-02 -2.31088847e-02  5.44979163e-02
 -8.38749185e-02 -6.13052286e-02 -5.51963784e-03  4.19592857e-02
 -2.42294092e-02 -1.82718877e-02  1.10396251e-01  8.05636570e-02
  9.73827839e-02  3.87740061e-02 -2.22717412e-02 -1.27209917e-01
 -7.28925876e-03 -1.05910592e-01  6.18543141e-02  3.39493193e-02
  8.24683607e-02  1.61142163e-02  4.69742268e-02 -2.32613434e-33
 -4.47082631e-02  8.77078548e-02 -6.42076060e-02 -9.73723233e-02
  2.54847407e-02 -2.20597396e-03 -5.18830940e-02  1.60792559e-01
 -5.77148311e-02 -6.78628534e-02 -9.04752389e-02  3.17163812e-03
 -6.32817969e-02 -2.35911328e-02 -6.78230226e-02 -3.32580972e-03
  2.45603435e-02  5.19052297e-02 -8.10137615e-02  5.43414243e-02
  6.20835312e-02  3.51078548e-02  9.53632146e-02 -2.09586304e-02
  1.73304118e-02  1.62800215e-02  6.65675402e-02 -3.35060209e-02
  5.73083246e-03 -5.32737561e-03  8.27728286e-02  4.74757291e-02
  3.32141928e-02 -1.41208516e-02  3.31770517e-02 -3.96803021e-02
 -4.11245003e-02 -1.03270471e-01  1.92420036e-02 -9.92916990e-04
  1.26108885e-01  2.00014515e-03  3.41992266e-02 -9.77027565e-02
  1.06947348e-01  1.50932493e-02 -9.69335511e-02 -2.20323093e-02
  5.64439222e-02 -9.27087478e-03  6.41261786e-02 -6.31141185e-04
 -4.30907384e-02 -2.13439818e-02  5.21801896e-02 -7.11353645e-02
 -5.87297827e-02 -1.09352037e-01  3.42033058e-02 -5.40287718e-02
 -1.35181427e-01 -1.73263438e-02  2.14441102e-02  7.95621425e-03
  3.40627646e-03  4.41933237e-02  9.68774930e-02  2.78623700e-02
  2.22590659e-02 -8.22669715e-02 -5.21529000e-03 -5.21762818e-02
 -7.30985031e-02  6.23578876e-02  7.99071696e-03  3.23232599e-02
 -4.49989177e-02  5.04820719e-02  7.14365318e-02  3.53661440e-02
 -5.90673499e-02 -2.12806165e-02 -7.88955856e-03 -7.83149675e-02
 -7.95453414e-02  7.14219175e-03 -8.52267519e-02  1.58204902e-02
  1.83033366e-02  3.17758173e-02  3.87705368e-04 -2.28064731e-02
 -5.70170358e-02  5.79079129e-02 -1.35315545e-02 -2.76886816e-08
  4.73045148e-02 -4.13496234e-03 -2.58926880e-02 -1.54718605e-03
 -2.30928995e-02 -3.34834903e-02  5.26048504e-02  4.25311774e-02
  2.31800927e-03  6.40906245e-02  9.28821042e-03  3.71069312e-02
  6.99547753e-02  4.78332303e-02 -1.27910608e-02  1.04612082e-01
 -2.96971593e-02 -6.27429634e-02 -2.38336641e-02 -1.17885254e-01
 -5.29778525e-02  1.67130362e-02 -1.20665878e-02  7.28836581e-02
 -2.18871273e-02 -3.64198647e-02 -6.62019700e-02 -3.23872231e-02
 -6.87394962e-02 -1.68415308e-02 -6.15031160e-02  6.08285442e-02
  2.83883931e-03  1.00786440e-01  3.74741368e-02  2.28152405e-02
  8.79584849e-02 -6.01795204e-02  7.69352540e-02  9.50095952e-02
 -6.35591242e-03  6.61128163e-02 -1.75260361e-02 -3.32610612e-03
 -7.09900074e-03 -8.92696083e-02  5.14715351e-02  1.06615394e-01
 -1.71051286e-02 -8.43652934e-02  3.32159661e-02  8.19223225e-02
 -4.93757129e-02 -3.13926190e-02 -5.52818961e-02  4.23203781e-02
 -4.64924462e-02 -5.99551061e-03  1.59278382e-02 -3.59015316e-02
  1.57581773e-02 -6.41614571e-02 -9.36900601e-02  4.73087467e-02]"
Can animals transmit Dengue to humans?,"No, dengue virus is primarily transmitted by Aedes mosquitoes and cannot be transmitted directly from animals to humans.",Dengue cannot be transmitted from animals to humans; it is spread by mosquitoes.,"Can animals transmit Dengue to humans? No, dengue virus is primarily transmitted by Aedes mosquitoes and cannot be transmitted directly from animals to humans.","[ 3.61301340e-02 -1.97820067e-02 -2.12923735e-02  6.32870477e-03
  1.82355065e-02  3.33678983e-02  8.75254050e-02 -3.28641273e-02
  1.01869917e-02 -2.44941972e-02  1.96077339e-02  1.58305261e-02
 -4.11985815e-02  1.16991820e-02  8.49594101e-02 -4.35880721e-02
 -4.04984085e-03 -9.68623720e-03  1.74707826e-02  4.13442589e-02
  8.78812186e-03  4.70220260e-02 -4.03927825e-03 -6.36572614e-02
 -9.09041613e-02 -4.38005440e-02  1.80064235e-02 -5.43727092e-02
  4.43309397e-02 -7.60955783e-03  1.50037026e-02 -1.95023380e-02
 -4.13954332e-02  2.20412835e-02 -4.44906838e-02 -3.14510427e-02
 -1.43589908e-02  2.12232291e-04  8.60202778e-03  3.23141068e-02
  6.07875846e-02 -6.34692162e-02  1.14224665e-02 -2.96176057e-02
 -3.19026709e-02  3.39575373e-02 -6.67324513e-02 -1.98644828e-02
  1.60696469e-02 -4.57306206e-02 -1.37821967e-02  7.17063025e-02
  1.66204851e-02  4.97036763e-02 -5.09598665e-02  2.75684223e-02
 -2.50260662e-02 -5.28782159e-02 -2.93551460e-02 -2.32054349e-02
 -2.67048832e-02  1.20233111e-01  8.08604732e-02  8.51028264e-02
 -2.09528413e-02 -3.86004373e-02  6.75516948e-03  5.69222718e-02
  1.01477820e-02 -5.68488799e-02  1.53972898e-02 -3.28546278e-02
  7.58547336e-04  6.15725033e-02  1.18524665e-02  4.31539520e-04
  9.84572768e-02  2.16678940e-02  7.50696510e-02 -3.97065021e-02
 -3.22003961e-02 -6.61623478e-02  1.23638816e-01 -5.00379317e-02
  2.72371173e-02  7.82568976e-02  1.29953101e-02  2.33369134e-02
 -5.38001843e-02  3.50982137e-02  1.70696937e-02 -5.46401218e-02
  2.32752990e-02 -4.29816507e-02  8.40074662e-03  2.50167698e-02
 -2.80086626e-03 -4.50640842e-02  4.76454943e-02 -6.33775908e-03
 -8.53364542e-02  7.72266788e-03 -8.86895135e-02 -8.86556357e-02
 -3.57336439e-02  2.43233349e-02 -4.02800217e-02 -4.51192074e-02
  3.87604609e-02  8.59619752e-02 -8.71765167e-02  1.58727150e-02
  1.47894584e-02 -3.88682820e-02  5.90478517e-02 -1.13538668e-01
 -7.57345036e-02 -7.12687671e-02 -4.51951548e-02 -7.67121911e-02
  1.67515315e-02  2.22539417e-02  1.65368505e-02 -5.95376408e-03
  7.82871395e-02 -1.76238846e-02  6.32446259e-02  9.25185594e-34
  6.27411902e-02 -9.63736400e-02  4.31481041e-02 -6.81779087e-02
 -5.44887269e-03  6.97619170e-02  8.17850791e-03  7.13742971e-02
  3.79236937e-02 -2.39132065e-02 -8.38369057e-02 -1.22184642e-01
 -1.52369663e-02  8.55143368e-02  5.20756505e-02  1.07918225e-01
  3.00573632e-02 -8.48177299e-02  4.58736271e-02  1.24604739e-02
  3.36565487e-02 -1.29972203e-02  5.75384591e-03 -6.61726668e-02
  6.55653626e-02 -3.11780442e-02 -7.37117901e-02 -3.60439494e-02
  6.50167465e-02  1.10833524e-02 -4.68769148e-02 -2.00999137e-02
 -2.36830325e-03  5.32700047e-02 -6.58054352e-02  7.61567429e-02
 -3.70043442e-02 -4.72119224e-04 -1.08209727e-02 -1.77964324e-03
  1.32585377e-01 -3.03727444e-02 -5.91644086e-03  1.29876297e-03
  1.03584090e-02  1.45760598e-02  3.57609652e-02 -8.52861553e-02
 -5.45092672e-02 -7.36420229e-02 -2.50109285e-03 -2.34239288e-02
 -1.83745157e-02 -5.27215637e-02  4.42516319e-02 -3.16707254e-03
  5.80650754e-02  4.13865447e-02 -3.26136202e-02  8.04519746e-03
 -5.07925153e-02 -3.27863521e-03  2.60308534e-02 -1.81161780e-02
  7.60961249e-02 -2.27751415e-02  2.92552505e-02 -1.64705608e-02
 -5.91134131e-02 -2.86350399e-02  4.57672402e-03 -6.03944808e-03
 -5.64964861e-03 -1.05432630e-01  6.73879869e-03  1.08745759e-02
 -2.61870343e-02 -3.83842848e-02  4.75821421e-02  1.30532458e-02
 -1.00067019e-01  3.72193269e-02  1.21853046e-01  2.38792729e-02
  5.14146760e-02  3.48642878e-02  2.50096023e-02 -1.34392474e-02
 -9.14904755e-03 -3.23979929e-02  1.00537501e-01  1.17870821e-02
  1.45928683e-02  4.00287239e-03  5.10098226e-02 -3.44862896e-33
 -8.49824622e-02  8.30172300e-02 -4.76470925e-02 -1.10873226e-02
 -2.83340365e-02  1.76530443e-02  9.37796980e-02  7.38122165e-02
 -3.30016501e-02  1.18636964e-02 -1.10819481e-01 -8.50048754e-03
  3.64447124e-02 -1.12903632e-01 -2.02089269e-02 -3.55189517e-02
  1.81756299e-02  3.20151225e-02 -2.39854325e-02 -1.05399176e-01
 -5.88717051e-02 -6.71957969e-04  1.11342534e-01 -3.37582789e-02
  3.50722484e-02 -1.96936056e-02  2.21478436e-02  6.15653358e-02
  2.28519477e-02 -4.21792716e-02  8.70923176e-02  7.29518086e-02
  5.60450833e-03 -3.48813012e-02 -1.86574236e-02 -5.55123128e-02
  2.49216706e-02 -8.29390436e-02  2.71973927e-02 -9.22148395e-03
  1.60258524e-02  1.23631088e-02 -6.67965040e-02 -2.23705210e-02
  3.34598571e-02  1.32323027e-01 -3.84415127e-02 -7.56704733e-02
  2.95693660e-03 -3.23183015e-02  3.28870490e-02 -7.98544288e-03
 -5.80328368e-02 -7.13497400e-02  1.36806574e-02  3.23917829e-02
  7.17865257e-03 -1.07333221e-01  7.85678998e-02 -1.07506052e-01
 -5.23666330e-02 -1.78939234e-02  1.64860603e-03 -1.18792634e-02
 -9.36993863e-03  4.23028506e-02  1.09153010e-01  6.04217760e-02
  1.50700398e-02 -8.08631405e-02 -1.59694802e-03  5.23776487e-02
 -2.21163351e-02  1.84752326e-02  2.54518501e-02 -2.69281920e-02
  7.13824034e-02  1.11031150e-02  8.17722529e-02 -5.11721969e-02
  2.27260664e-02 -2.43126787e-02 -2.36353930e-02 -3.96261699e-02
  1.61604490e-02 -4.37230943e-03 -2.69635650e-03 -2.93338317e-02
  9.98368114e-03  2.63308864e-02 -8.98480937e-02 -2.06710082e-02
  6.93832561e-02 -4.92150849e-03 -2.11751815e-02 -2.36230324e-08
 -1.21792760e-02  2.27142628e-02  2.39990605e-03 -5.95883327e-03
 -2.11956650e-02  5.59117831e-02 -3.24625559e-02 -6.34721108e-03
  4.10810784e-02  4.13128994e-02 -7.48279989e-02 -2.17043981e-02
  4.53000888e-02  9.04503316e-02  6.78766370e-02  1.00032147e-03
  4.50599194e-02 -1.08610831e-01 -9.04611719e-04 -1.03668518e-01
 -3.78750451e-02 -5.62237902e-03 -7.53734857e-02  5.72215766e-02
  4.30301912e-02 -4.40077856e-02 -8.26492235e-02 -1.98766794e-02
  2.10021883e-02 -4.68570329e-02 -1.66326463e-01  2.30943151e-02
  2.08751764e-03  1.06382862e-01  6.94127455e-02  5.74737089e-03
  1.00606292e-01 -1.00667007e-01  4.38980162e-02  2.69182958e-02
  8.02439302e-02  4.46120426e-02  3.79001312e-02  5.73251210e-03
  1.91425923e-02 -1.47203999e-02  4.22474667e-02  3.37288156e-02
 -1.48607576e-02 -3.34655307e-02  3.93597782e-03 -2.25570276e-02
  3.45643610e-02 -8.90946388e-02 -7.88926631e-02 -6.34402484e-02
 -7.21085146e-02 -5.59955388e-02  6.18941039e-02 -4.38892320e-02
  3.33550549e-03  5.83206164e-03  2.19028518e-02  4.65539806e-02]"
Can animals transmit Dengue to humans?,"Dengue virus is not transmitted directly from animals to humans. It is transmitted through the bite of infected Aedes mosquitoes, which are the primary vectors of the virus.",Dengue is not transmitted from animals to humans; only through mosquito bites.,"Can animals transmit Dengue to humans? Dengue virus is not transmitted directly from animals to humans. It is transmitted through the bite of infected Aedes mosquitoes, which are the primary vectors of the virus.","[ 3.46047357e-02 -2.23710444e-02 -1.30651398e-02  3.21348663e-03
  2.53777225e-02  2.82529630e-02  8.61148983e-02 -2.22972874e-02
  2.55497154e-02 -1.77590325e-02  1.40894195e-02  3.66106117e-03
 -3.66253965e-02  9.27194580e-03  6.15189299e-02 -3.89526673e-02
 -1.46036642e-02 -1.80891715e-02  4.06808332e-02  3.39355096e-02
 -1.67612347e-03  5.14554717e-02  3.08697368e-03 -6.64050728e-02
 -7.77489766e-02 -4.05489467e-02  3.18225399e-02 -5.20066768e-02
  5.06853089e-02 -5.25604188e-03  1.58088598e-02 -1.96620841e-02
 -5.40123209e-02  1.67307593e-02 -5.01026623e-02 -2.32673995e-02
 -1.72432140e-02 -1.93534121e-02  1.48129007e-02  3.34055722e-02
  7.18544722e-02 -5.32083549e-02  3.78036266e-03 -2.88174115e-02
 -2.11085323e-02  2.86705587e-02 -5.27217053e-02  4.14268719e-03
  3.40428762e-02 -5.55447191e-02 -1.19199110e-02  6.78593293e-02
  1.25829559e-02  5.69264404e-02 -6.77137524e-02  1.32588875e-02
 -3.64501588e-02 -5.25319166e-02 -2.42925212e-02 -1.95570588e-02
 -1.67206395e-02  1.09702356e-01  6.97287396e-02  8.86982679e-02
 -3.01021095e-02 -4.31403480e-02 -6.92963693e-03  7.55146891e-02
 -1.51627213e-02 -4.40200791e-02  5.46118477e-03 -3.33122239e-02
 -6.28748350e-03  6.34298697e-02  2.16596927e-02 -8.32615141e-03
  9.99327898e-02  3.14598456e-02  7.92381465e-02 -2.99893394e-02
 -4.32130359e-02 -6.29370734e-02  1.22773133e-01 -5.26035689e-02
  3.98219600e-02  9.24529359e-02  1.66666433e-02  1.41065111e-02
 -5.16254492e-02  5.83389215e-02  2.22829282e-02 -4.76874821e-02
  2.23093666e-02 -2.76104640e-02  2.57821996e-02  3.92756499e-02
  1.54887652e-02 -3.22897397e-02  4.87178415e-02 -3.89175280e-03
 -7.43000582e-02  9.45453648e-04 -9.70377326e-02 -7.92523175e-02
 -2.75571458e-02  3.44819836e-02 -5.00990897e-02 -4.62626666e-02
  4.60348614e-02  6.43598363e-02 -8.27422440e-02  2.97507811e-02
  1.78656038e-02 -3.33782546e-02  5.67327291e-02 -1.18142903e-01
 -8.74001309e-02 -6.57788441e-02 -2.29490660e-02 -8.48665759e-02
  1.24284048e-02  2.37063654e-02  1.12641659e-02 -6.21797517e-03
  7.95254260e-02 -2.62237098e-02  5.21127172e-02 -5.98080781e-34
  6.82552755e-02 -8.87641162e-02  4.57962565e-02 -7.61369467e-02
 -2.31933575e-02  7.43270665e-02  1.03605455e-02  7.49069303e-02
  2.75923125e-02 -1.18339639e-02 -9.26107615e-02 -1.34712011e-01
  1.50905596e-03  1.17777303e-01  3.68012823e-02  1.05154298e-01
  4.51689214e-02 -8.66422206e-02  5.42278066e-02  2.45397128e-02
  3.57576013e-02 -2.59627099e-03  1.20554054e-02 -4.58413959e-02
  4.86425050e-02 -1.37017667e-02 -7.85254389e-02 -4.19982150e-02
  3.33882049e-02  1.47310104e-02 -4.84515391e-02 -2.80148704e-02
  1.44730639e-02  4.79280502e-02 -7.68045187e-02  6.64999336e-02
 -5.30234678e-03 -1.11613385e-02 -2.26570386e-02 -1.88022871e-02
  1.36150181e-01 -2.95332111e-02 -9.65670496e-03  7.12105166e-03
  1.92513410e-02  2.09567472e-02  4.98079807e-02 -8.19073617e-02
 -4.38549742e-02 -7.06580058e-02  1.33840162e-02 -2.13967897e-02
 -4.31056973e-03 -4.48751412e-02  3.39876153e-02  2.38583088e-02
  4.49491441e-02  3.96767072e-02 -3.42004709e-02  9.65150911e-03
 -6.91471025e-02  1.58209004e-03  4.11014631e-02 -1.11396993e-02
  6.74970448e-02 -2.63867620e-02  2.54802071e-02 -2.18859185e-02
 -5.79982325e-02 -2.54617743e-02 -4.96314932e-03  1.17095755e-02
 -3.60984285e-03 -1.04855426e-01  9.43858363e-03  1.19901951e-02
 -3.50290909e-02 -2.92522237e-02  4.12534662e-02  3.19825858e-02
 -1.12762764e-01  3.85363102e-02  1.12573422e-01  1.23835634e-02
  4.91152667e-02  3.97338234e-02  1.19846826e-02 -3.73378135e-02
  4.92328079e-03 -7.03223841e-03  8.91205966e-02  4.07308992e-03
  1.34599507e-02  2.09000837e-02  6.88953623e-02 -2.07630304e-33
 -9.63460281e-02  7.81128556e-02 -3.70210111e-02 -1.33474404e-02
 -4.12450470e-02  2.52064560e-02  8.69880617e-02  5.19774109e-02
 -3.90493423e-02  1.19631048e-02 -1.12871110e-01 -1.72039773e-02
  2.00344082e-02 -9.49206725e-02 -1.41828461e-02 -1.70585886e-02
  1.02270115e-02  3.69086079e-02 -2.87194625e-02 -1.22343406e-01
 -5.17828129e-02  2.60700332e-03  1.00027561e-01 -5.29266857e-02
  3.78364585e-02 -2.11852305e-02  2.70957742e-02  5.59550971e-02
  2.46441346e-02 -3.87158580e-02  9.00404006e-02  7.18312711e-02
  5.77047281e-03 -4.00013700e-02 -5.43939183e-03 -2.85187345e-02
  3.57050076e-02 -9.38249752e-02  2.73042060e-02 -1.36267198e-02
  1.87592804e-02  2.61582993e-02 -7.11043328e-02 -3.11216824e-02
  2.65419930e-02  1.27298623e-01 -3.99489217e-02 -5.91448285e-02
  7.96896778e-03 -1.00809559e-02  3.17146368e-02  1.32195279e-03
 -4.76548746e-02 -6.74777478e-02  1.93044357e-02  2.00278740e-02
  1.39038069e-02 -9.43908915e-02  9.67725739e-02 -1.06206670e-01
 -5.42083308e-02 -2.06821021e-02 -8.58646538e-03 -3.01907607e-03
 -1.91568790e-04  3.11726090e-02  1.10490918e-01  7.24220723e-02
  1.38218133e-02 -8.46786723e-02 -1.51472734e-02  4.87786308e-02
 -2.11749319e-02  8.82838015e-03  2.33473703e-02 -8.34299065e-03
  5.59072718e-02 -5.20718331e-03  7.23385736e-02 -5.25326803e-02
  3.88813913e-02 -2.95413416e-02 -1.14292325e-02 -5.01912609e-02
  1.24808839e-02  6.48840982e-03  1.18976198e-02 -3.02738380e-02
 -4.21421183e-03  3.72578390e-02 -9.03259292e-02 -2.06224676e-02
  5.37828542e-02 -4.97183483e-03 -1.26711307e-02 -2.56659174e-08
 -1.48630384e-02  1.20502561e-02  3.78991873e-03 -1.07603800e-02
 -4.50785737e-03  7.51227066e-02 -3.58585343e-02 -4.88067325e-03
  2.85482742e-02  3.38662714e-02 -8.61910284e-02 -4.13414836e-02
  4.17940952e-02  8.64225179e-02  7.42367357e-02 -1.52631374e-02
  2.69973110e-02 -1.14578001e-01 -2.12951330e-03 -1.17713854e-01
 -3.72402705e-02  6.70282030e-03 -7.56087303e-02  5.98325580e-02
  4.16075476e-02 -5.81981204e-02 -8.77522081e-02 -2.04146374e-02
  3.16199996e-02 -4.98504229e-02 -1.56707361e-01  3.89144272e-02
 -2.76323827e-03  1.00566380e-01  6.29011914e-02  1.70472218e-03
  8.91676918e-02 -1.01106398e-01  4.69382741e-02  3.55259702e-02
  7.40310550e-02  4.55790162e-02  3.16454358e-02 -1.33427037e-02
 -7.34386966e-03 -5.90587035e-03  4.09911163e-02  3.01224142e-02
 -2.33526211e-02 -3.07074133e-02 -1.45034341e-03 -3.20204012e-02
  3.58315632e-02 -8.32402930e-02 -6.73961565e-02 -6.57321066e-02
 -8.27194750e-02 -5.94162121e-02  6.55300543e-02 -4.81729284e-02
 -1.78471152e-02  8.66037048e-03  2.64098067e-02  5.71388900e-02]"
How do healthcare workers protect themselves from Dengue?,"Healthcare workers protect themselves from Dengue by avoiding mosquito bites through the use of personal protective measures such as wearing clothing that covers the body, using mosquito repellent, and staying in environments that are protected against mosquitoes, like those with screens or air conditioning.",Healthcare workers avoid Dengue by using protective measures against mosquito bites.,"How do healthcare workers protect themselves from Dengue? Healthcare workers protect themselves from Dengue by avoiding mosquito bites through the use of personal protective measures such as wearing clothing that covers the body, using mosquito repellent, and staying in environments that are protected against mosquitoes, like those with screens or air conditioning.","[-5.06804362e-02  1.00526400e-01  3.86986323e-02  1.55491277e-03
  8.34297910e-02  7.86113217e-02  1.76357225e-01 -6.41841302e-03
 -3.38443592e-02 -1.37208141e-02 -4.70852526e-03 -1.79885384e-02
 -3.97138409e-02  2.46683788e-03  1.45467017e-02 -1.50220180e-02
  2.05139723e-02 -1.93341766e-02  6.75884401e-03 -2.43977997e-02
 -5.82153983e-02  4.17196900e-02  2.37271152e-02 -3.23755667e-02
 -1.23086274e-01  1.08242473e-02  9.89469234e-03 -2.05417108e-02
  3.43368985e-02 -2.42301170e-03  4.08659726e-02 -6.82249516e-02
 -4.65672649e-02  6.80282041e-02 -8.04256871e-02 -2.61607580e-02
 -2.96162758e-02  3.45879123e-02 -5.47146760e-02  6.23929836e-02
  7.30282767e-03 -2.49537732e-03 -2.24605408e-02 -4.61704135e-02
  1.54683916e-02  1.76621359e-02  8.83015618e-03  6.01388253e-02
  7.52091557e-02 -6.57926202e-02 -1.72766240e-03  2.28669904e-02
 -4.41267947e-03  4.07997817e-02  2.78233364e-02 -5.20247826e-03
 -3.82525399e-02 -6.90143406e-02 -1.27418429e-01 -7.92188570e-03
 -6.71404647e-03 -1.33663174e-02  2.42375359e-02  3.67965847e-02
 -1.85462013e-02  1.60414893e-02 -1.56101128e-02  8.77680182e-02
  5.07049300e-02  8.92206153e-04 -4.08350267e-02 -4.31072004e-02
 -1.70183610e-02  1.18531264e-01  3.52649949e-02 -6.89163292e-03
  7.91304093e-03 -5.95196709e-02  7.33563676e-02 -2.10928563e-02
 -8.30129609e-02 -3.69998142e-02  1.08052894e-01  5.70842698e-02
  1.14182634e-02  2.70462018e-02  3.84166813e-03 -1.31140575e-02
  6.32233247e-02  1.28039555e-03  2.65444722e-02 -4.35169190e-02
 -1.45764314e-02 -6.17081765e-03  2.49498785e-02  2.79915500e-02
  1.80071779e-02  1.94306914e-02  9.83080175e-03  9.46420431e-03
  4.54663206e-03 -8.19533020e-02  2.14047753e-03  5.57997748e-02
 -2.52003446e-02 -1.31713953e-02 -3.82141140e-03 -1.14963658e-01
  1.98837519e-02  2.16748212e-02 -5.65469870e-03  4.78585437e-02
 -3.12051512e-02 -8.87106080e-03 -4.72481661e-02 -1.33755997e-01
 -1.91363916e-02 -1.39848022e-02 -7.60110514e-03  1.10187139e-02
  5.78894205e-02 -2.75575053e-02 -8.44731089e-03 -8.92980248e-02
  8.09792504e-02 -1.09578650e-02  3.06980442e-02  1.16172068e-33
  7.55269974e-02 -1.13738738e-02  7.04467967e-02 -4.12663370e-02
 -1.04909223e-02 -5.33772632e-03 -2.60981470e-02  1.23417964e-02
  6.72142282e-02  5.73567040e-02 -2.16547959e-02 -7.51303881e-02
  1.37125738e-02  7.21725598e-02  1.33290561e-02  9.18333754e-02
 -6.46965504e-02 -5.00035584e-02 -5.11438735e-02  5.91355003e-02
 -3.71685028e-02 -4.46509309e-02 -6.66152546e-03  3.62921245e-02
 -6.46402501e-03  3.96065414e-02 -2.76982989e-02  1.02338064e-02
  3.46674547e-02  4.81459312e-02  9.60174875e-05  1.67990942e-02
  2.86307395e-03  2.57381070e-02 -5.57337515e-02  1.30134434e-01
 -5.17906323e-02  3.19938250e-02 -7.72572076e-03 -8.36352706e-02
  4.34753299e-03 -3.98471244e-02  2.45053936e-02 -1.11089097e-02
  4.49078865e-02  6.95236120e-03 -1.21817971e-02 -5.60611673e-02
 -2.47579478e-02 -6.10462688e-02  5.12574008e-03 -8.45533237e-03
  4.37266529e-02 -3.88256013e-02  6.37361221e-03 -4.02240269e-02
  1.75356604e-02  2.39904970e-02 -2.98448056e-02 -1.46933906e-02
 -2.65420228e-02 -7.94002879e-03  6.45455858e-03  1.54946540e-02
  2.71203518e-02 -3.65041457e-02  3.72725390e-02 -3.88939455e-02
 -2.22743372e-03 -9.54787657e-02  7.02560041e-03  1.65272616e-02
  1.99466813e-02 -7.82931298e-02 -8.72610360e-02  6.93437364e-03
 -1.38420835e-02 -2.27940716e-02  1.85437296e-02 -6.18178211e-03
 -1.71010196e-02  1.10118808e-02  1.51463479e-01  1.21577512e-02
  5.01094908e-02  3.63020152e-02  1.83199663e-02  2.22059339e-02
  1.27707552e-02 -8.01728144e-02  3.44520956e-02  3.85123268e-02
  9.37533081e-02  1.53618315e-02 -3.52494419e-03 -3.03448081e-33
 -1.65133905e-02  2.17488911e-02 -3.41162533e-02 -6.04682118e-02
 -1.21862022e-02 -2.23270673e-02  3.15768681e-02 -7.32366601e-03
 -3.39124762e-02 -3.94095492e-04 -1.19518124e-01  2.98794098e-02
 -2.37883870e-02 -6.65618898e-03 -1.82979945e-02 -2.64568869e-02
  7.47368613e-04  3.79316546e-02 -8.02972615e-02 -1.60371363e-02
 -2.55038440e-02  1.35304248e-02  1.11607037e-01  5.47483452e-02
 -9.79173183e-03  1.83429074e-04 -1.75984518e-03  3.50171626e-02
  7.05111548e-02 -6.93486705e-02 -2.81633120e-02  3.22347283e-02
  3.78717333e-02 -3.09404042e-02 -1.96183864e-02 -9.05264840e-02
 -5.94382249e-02 -6.38195574e-02  3.00380550e-02 -1.36330945e-03
  7.67797008e-02 -8.14054348e-03 -5.73398881e-02 -8.94636661e-02
  6.28412217e-02  5.64063266e-02 -5.51084690e-02 -3.59196663e-02
 -6.05032109e-02 -7.56810680e-02  4.62149493e-02 -1.31033128e-02
 -6.62094206e-02  2.68799216e-02 -2.11622305e-02 -2.70484611e-02
  1.64416526e-02 -7.80037194e-02  3.68927270e-02 -5.26035130e-02
 -4.64682505e-02 -7.71451816e-02  1.49762826e-02  9.70007703e-02
 -3.75969224e-02  6.42844662e-02  7.12269545e-02  1.57794282e-01
  2.47688908e-02 -8.70925635e-02 -4.23476733e-02 -5.97367017e-03
  1.47041995e-02 -2.21130904e-02 -8.82550422e-03 -5.78580536e-02
 -2.43929289e-02  3.96558287e-04  1.34713650e-02  4.31259908e-02
 -6.03227736e-03 -9.47953612e-02 -3.22422273e-02 -2.13333778e-02
  1.11277709e-02  4.71416898e-02 -2.02077460e-02 -9.47185680e-02
 -1.10293686e-01  8.86140205e-03 -9.43451971e-02  1.20952330e-03
 -3.57645079e-02  5.77427186e-02 -2.69654766e-02 -3.11454187e-08
  7.09826872e-02 -1.20144179e-02  6.40835837e-02 -2.91371290e-02
 -6.81570694e-02 -6.03782237e-02 -1.68543844e-03  6.37051696e-03
  5.65149896e-02  3.35343182e-02 -5.12693636e-03 -4.00111414e-02
  1.17535107e-01  9.30984020e-02  9.77272689e-02  6.46244586e-02
 -6.12808168e-02 -1.03010666e-02 -1.04300946e-01 -1.29789621e-01
  1.15371903e-03  1.20293479e-02 -7.16536306e-03  4.16504554e-02
  3.16115916e-02  2.43659951e-02 -6.51987344e-02 -6.55973256e-02
  3.40114310e-02  8.91818404e-02 -1.27241626e-01  6.63744956e-02
  1.95116997e-02  3.78195979e-02  1.37287239e-02  2.55877543e-02
  1.73603222e-01 -1.02913901e-01  1.13440253e-01 -2.90623889e-03
  2.02242788e-02 -3.22714895e-02 -9.33140516e-03  3.18486616e-02
  3.78505066e-02 -8.91151950e-02  5.50613143e-02  5.39997332e-02
 -3.69469784e-02 -3.86286601e-02  9.80643257e-02 -1.55043658e-02
  4.64346632e-02  1.89429708e-02 -8.93268287e-02 -2.59370990e-02
  1.09388297e-02 -6.18920997e-02  3.71121168e-02 -9.12586693e-03
 -1.17515801e-02 -5.41479364e-02 -7.95476953e-04  7.30097890e-02]"
What role do traditional practices play in the spread of Dengue?,"Traditional water storage practices in some regions can contribute to the spread of Dengue by providing breeding grounds for mosquitoes. In some cultures, the use of natural remedies over professional medical treatment can also delay the diagnosis and proper management of Dengue.","Traditional practices, especially water storage, can increase mosquito breeding sites, contributing to the spread of Dengue.","What role do traditional practices play in the spread of Dengue? Traditional water storage practices in some regions can contribute to the spread of Dengue by providing breeding grounds for mosquitoes. In some cultures, the use of natural remedies over professional medical treatment can also delay the diagnosis and proper management of Dengue.","[ 4.47031818e-02  3.47863249e-02  2.07002531e-03 -1.87909976e-02
  2.39560287e-02  4.09725495e-02 -1.23636390e-03 -1.59999579e-02
 -3.15087177e-02 -3.51187885e-02  2.17576139e-02  1.24165909e-02
 -5.24149910e-02  1.56723242e-02  2.71892883e-02 -3.54201868e-02
 -1.00126408e-01 -2.76149325e-02 -4.14011292e-02  2.58453805e-02
 -8.65174904e-02 -1.97513793e-02  7.52556473e-02 -6.11482672e-02
 -1.59231752e-01  4.45100702e-02  2.12863963e-02 -4.18159924e-02
  9.23927724e-02 -7.35321566e-02  5.28485663e-02  1.07383236e-01
 -2.26229569e-03 -1.19836041e-05 -1.03067592e-01  3.18499617e-02
 -5.30834720e-02  4.63831093e-04  9.37478896e-03  1.19589129e-02
  8.85767266e-02  1.71215665e-02  2.29229573e-02 -6.81912005e-02
  3.26665975e-02  3.84376831e-02  1.28405290e-02  1.37117654e-02
  1.72649752e-02 -8.55386481e-02  1.09918481e-02  2.00364795e-02
 -1.67070497e-02  8.58477205e-02  8.20329413e-03  2.91051045e-02
  2.27615815e-02 -7.25663453e-02 -6.06162958e-02  1.01986891e-02
  4.21830527e-02  1.09502614e-01 -3.00392117e-02 -3.77850345e-04
 -4.60073575e-02 -7.98302665e-02  9.74130165e-03  1.20742068e-01
  1.01167262e-02 -2.16767713e-02 -2.42298543e-02  5.10879196e-02
  8.08195118e-03  1.16249613e-01 -7.35748187e-02 -3.84607837e-02
  2.42527332e-02 -4.57573347e-02  1.38901575e-02 -5.73259033e-02
  7.94969872e-03 -4.41200621e-02  1.58244357e-01  3.10006028e-04
 -6.33849530e-03  3.12431399e-02 -3.21234465e-02 -6.96358979e-02
  3.12055834e-02  2.08590515e-02  4.00327072e-02 -6.12934493e-02
 -2.12391578e-02 -6.69738725e-02  2.67990865e-02  9.57886204e-02
  5.97758666e-02 -2.99002007e-02  7.64757395e-02  2.70558931e-02
 -1.79453697e-02 -2.21022721e-02  3.89964669e-03 -6.56223372e-02
  3.05344220e-02 -4.09428477e-02 -5.37906513e-02 -4.86158468e-02
  8.02586973e-02 -1.98584283e-03 -5.78874163e-02  2.45077536e-02
 -9.32261646e-02  4.50803014e-03 -1.06478408e-02 -9.91324782e-02
 -1.47460923e-02 -6.04550503e-02 -5.57280742e-02 -9.12981927e-02
  4.33787368e-02 -3.56070362e-02 -3.78038432e-03 -7.35106915e-02
  8.52925479e-02  1.75786149e-02  5.23447022e-02 -5.53139715e-35
  4.80169170e-02 -1.26192704e-01  1.62599031e-02 -9.02805198e-03
  4.26997468e-02  1.40783098e-03 -1.81728099e-02  2.12637540e-02
  1.99194681e-02 -4.24580760e-02  1.99687406e-02 -6.43456802e-02
 -7.85873979e-02  5.38028963e-02 -4.76566423e-03  5.69570661e-02
 -1.88047476e-02 -2.43471432e-02  5.73493503e-02  4.63456362e-02
  1.65283158e-02 -9.35028773e-03 -2.25592107e-02 -6.51002303e-02
  4.49774861e-02  1.27731375e-02 -1.68827865e-02  1.54432217e-02
  4.16075923e-02 -6.86957035e-04  5.18704355e-02 -5.75220399e-02
 -1.67255104e-02 -1.61284264e-02  1.48629900e-02  1.14035718e-01
 -6.48700371e-02  5.88100217e-03 -2.56507676e-02 -2.46082935e-02
  3.92938294e-02 -4.45048176e-02 -4.70174402e-02  3.49064991e-02
  2.50815954e-02  4.44029272e-02  4.69253547e-02 -3.55605297e-02
 -2.62056058e-03 -6.11851774e-02  1.35735273e-02 -5.51787158e-03
  4.27029580e-02 -2.45212503e-02  6.70893341e-02 -6.72941469e-03
  6.22967295e-02 -5.06584458e-02 -4.13766205e-02 -6.47969916e-02
 -5.55528561e-03 -6.47698790e-02 -3.29048038e-02  6.46800101e-02
  6.29736111e-03 -6.49533328e-03  2.54019126e-02 -4.90975566e-02
  3.70184444e-02 -1.13651186e-01 -1.75398644e-02 -2.30132509e-03
 -9.84198004e-02 -4.62501980e-02 -5.26234396e-02 -3.22266319e-03
 -9.06366482e-03 -4.62281369e-02  6.39957637e-02  2.05279514e-02
 -1.18044708e-02 -3.31290886e-02  9.25857201e-02  1.19903229e-01
  2.41823923e-02  3.10265496e-02  2.38261186e-04  1.35436989e-04
  1.58482715e-02 -7.01486738e-03  4.33899537e-02  1.33537101e-02
  4.76184823e-02 -1.77581096e-03  8.49435925e-02 -3.34339981e-33
 -3.76788564e-02  2.46990174e-02 -8.34766999e-02  2.33714134e-02
  4.95017283e-02  3.50224003e-02 -2.07633767e-02 -5.41960113e-02
  9.53706075e-03 -2.54786052e-02 -1.72569335e-01  6.35585114e-02
 -1.18383090e-03 -2.94005498e-02 -5.18309847e-02 -6.47685826e-02
 -1.44588938e-02  9.78960842e-02 -2.79325265e-02 -3.63535844e-02
 -2.95699164e-02  3.81138586e-02  1.29768640e-01 -1.24783698e-03
 -1.47926593e-02  1.15358122e-02 -9.26129892e-03  2.37949453e-02
 -6.28637383e-04 -3.26129273e-02  1.78090129e-02 -7.21789803e-03
  5.38401529e-02 -4.27276567e-02 -4.26237993e-02 -1.14243887e-02
 -1.81556940e-02 -5.30194603e-02  4.94622700e-02  3.69085930e-02
  4.56804782e-02  4.51712795e-02 -3.71319279e-02 -5.20874113e-02
  4.75379266e-02  1.13455892e-01 -4.14982289e-02 -4.97329002e-03
  5.13763316e-02 -5.07249869e-02  5.28559908e-02 -4.26294133e-02
 -5.91177009e-02 -3.38509772e-03  3.47332768e-02 -1.89768467e-02
 -3.52769829e-02 -6.53304234e-02 -3.48646641e-02 -3.91753651e-02
 -5.59760109e-02 -1.12103671e-02  1.55137554e-02  2.52556913e-02
 -6.97131231e-02  2.55613998e-02  1.09846443e-01  1.08215079e-01
 -2.91234124e-02 -8.48871544e-02 -6.40397966e-02 -5.52667007e-02
 -2.43770629e-02  4.02907841e-02 -3.29843014e-02 -6.89050136e-03
 -2.94228476e-02 -1.18476506e-02  6.42420873e-02  5.77687770e-02
 -2.89756507e-02 -2.34658811e-02 -5.29958420e-02 -9.41849947e-02
 -5.94995096e-02  5.10366336e-02  9.00947768e-03 -7.37524405e-02
 -1.00026419e-02  3.57004479e-02 -7.61901140e-02 -2.22420227e-02
 -8.03953633e-02  3.52775678e-02 -2.84179058e-02 -3.27172351e-08
  1.59718897e-02 -4.43493426e-02  6.37822673e-02 -8.10365751e-03
 -4.20180783e-02 -2.45847739e-02  7.50136673e-02  5.70237227e-02
  1.82420742e-02  7.34055042e-02 -4.99655977e-02  2.46733539e-02
  1.09782875e-01  4.44441289e-02  4.92603891e-02  3.74488793e-02
 -1.19748656e-02 -8.34632665e-02 -1.30337015e-01 -8.27057064e-02
  4.34838533e-02 -9.30488016e-03  2.91455965e-02  5.01170605e-02
  2.48368587e-02 -2.20522787e-02 -3.05089988e-02  5.72989509e-03
  2.65852734e-02 -1.33627211e-03 -3.96124944e-02  5.26592545e-02
  6.12880103e-02  7.43692890e-02  1.45802423e-02  2.34882738e-02
  9.39499214e-02 -1.83442496e-02  5.48639782e-02  4.78905179e-02
  8.19681212e-03 -8.24100897e-02  5.01964986e-03  1.24320136e-02
 -5.07899337e-02 -8.34196992e-03  2.34470796e-02  1.50593817e-01
 -2.07710136e-02 -5.22904098e-02  1.48187606e-02  3.27439085e-02
 -4.96400008e-03  3.29891257e-02 -2.33405065e-02  2.08634101e-02
 -5.32137528e-02 -2.96820104e-02  4.33854610e-02 -5.63510172e-02
 -6.26625121e-02 -3.04230396e-03 -3.82634182e-03  7.48570040e-02]"
How is the international community responding to Dengue outbreaks?,"The international community responds to Dengue outbreaks by providing technical guidance, supporting vector control programs, assisting with the implementation of the dengue vaccine in endemic areas, and conducting research to understand the disease better and develop new interventions.","The international community assists with technical guidance, support for vector control, vaccine implementation, and research during Dengue outbreaks.","How is the international community responding to Dengue outbreaks? The international community responds to Dengue outbreaks by providing technical guidance, supporting vector control programs, assisting with the implementation of the dengue vaccine in endemic areas, and conducting research to understand the disease better and develop new interventions.","[ 1.04237888e-02 -2.47694924e-02  9.40968748e-03  1.28636705e-02
  4.06532623e-02  3.08245346e-02  9.98808444e-03  4.41698618e-02
 -2.14231089e-02 -1.90823134e-02 -2.67046387e-03 -3.01003568e-02
 -5.85780852e-02  3.41990218e-02  1.73683017e-02 -3.05061620e-02
 -3.52297984e-02 -3.96190174e-02 -2.80134100e-02 -5.45139611e-02
 -6.19513355e-02  2.83772126e-02  1.13071248e-01 -3.37353069e-03
 -2.19419703e-01  1.56121636e-02 -4.04816344e-02 -1.32092545e-02
  2.68146931e-03 -1.59721691e-02  3.06658875e-02  4.58568558e-02
 -2.88180471e-03  4.31479365e-02 -7.74048418e-02  3.03805079e-02
 -4.04741205e-02  4.06927280e-02 -3.40253301e-02  6.37240568e-03
  3.55295464e-02 -5.36942407e-02  1.91538222e-02 -5.39317206e-02
  3.73236910e-02 -2.09742431e-02 -6.67994842e-02  6.02114759e-02
  1.05719287e-02 -7.19258711e-02  1.05871568e-02 -2.07537115e-02
  6.66764379e-03  9.37392469e-03  2.61349734e-02  1.21943075e-02
  8.44112877e-03 -1.47966361e-02 -1.22738173e-02 -8.55702460e-02
  1.67371915e-03  3.47250216e-02 -3.00003607e-02  5.43376431e-02
  1.36395870e-03 -1.64155606e-02  1.99701823e-02  6.56076297e-02
  3.58740985e-02 -8.61708820e-02  2.11831811e-03  3.11598890e-02
 -1.07453791e-02  1.72196880e-01 -3.82527784e-02 -1.02219488e-02
  8.17678273e-02  5.48949875e-02  1.26126245e-01 -1.70485117e-03
  7.02647045e-02 -4.74655852e-02  1.33999467e-01 -7.45962281e-03
  5.67513220e-02 -2.60385908e-02  2.83586583e-03 -2.24296711e-02
  4.36028019e-02  6.30356967e-02  4.55730446e-02 -1.55577697e-02
  6.28266633e-02  6.77058380e-03 -2.78500188e-02  9.37358588e-02
  1.08179495e-01 -7.88326338e-02 -2.26913558e-04  5.41018285e-02
  3.40522267e-02 -6.18456490e-02 -5.93330897e-02 -8.33245441e-02
 -6.33425340e-02  1.25962142e-02 -5.06843440e-02 -3.13434750e-02
  4.21626642e-02  3.80798839e-02 -8.63807425e-02 -7.50363804e-03
 -2.53254245e-03 -3.82154435e-02 -3.81860859e-03 -1.15846790e-01
 -4.02232446e-03  1.09631578e-02 -4.61763330e-03 -3.99654843e-02
  1.58216245e-02 -3.82409208e-02  3.35357292e-03 -8.01581591e-02
  7.88841471e-02  4.08738256e-02 -7.74573674e-03 -1.19149329e-33
 -2.07771710e-03 -1.37771582e-02  3.57589126e-02  1.10380342e-02
 -4.55577411e-02 -4.16050814e-02 -4.78867739e-02  6.72102422e-02
 -3.58883478e-02 -6.57785982e-02  5.54370834e-03 -2.44520828e-02
  1.23411613e-02  1.18374258e-01  9.26412828e-03  2.42537092e-02
 -1.40116308e-02  1.90363340e-02 -1.81740690e-02  5.34087829e-02
 -1.89459114e-03 -5.77945486e-02  6.60426244e-02  4.62049292e-03
  1.07805856e-01  2.18355935e-02 -3.15720029e-02  7.52989901e-03
  4.86448966e-02  2.99811512e-02  2.28601359e-02 -7.53623340e-03
 -5.08013368e-02 -8.75739381e-02 -1.98817775e-02  5.29253557e-02
  4.91005229e-03 -6.15882780e-03 -5.39971143e-02 -4.61103916e-02
  5.02810962e-02  2.62187161e-02 -8.41291323e-02  3.50912362e-02
  8.56653973e-02  3.05051245e-02  5.89049235e-02 -3.30366194e-02
 -5.65433837e-02 -4.47953902e-02  2.04699906e-03 -3.63586694e-02
 -1.36187728e-02 -4.19421904e-02  8.33130032e-02  3.42807584e-02
 -2.53335317e-03 -1.99161284e-03 -2.55251564e-02 -7.07201362e-02
  5.10766990e-02 -6.39215112e-02 -4.26162519e-02  4.63195564e-03
  2.30450928e-02  3.44364457e-02  3.54937091e-02 -2.84871403e-02
  4.71035065e-03 -5.01035526e-02 -3.60533106e-03 -3.40617895e-02
 -2.22522449e-02  5.75963233e-04 -9.72155258e-02  2.63600666e-02
 -7.25257397e-02 -3.35929133e-02  5.98395802e-02  4.10669819e-02
 -9.13870707e-02  3.05936895e-02  9.29551274e-02  5.85003234e-02
  7.37669319e-02 -1.65780552e-03 -2.05546599e-02  9.03209001e-02
 -1.65156578e-03 -7.70757422e-02  9.65570752e-03  4.41158041e-02
  4.17103171e-02  1.04857460e-01  8.25844333e-02 -6.77689575e-34
 -6.51886016e-02  4.32544872e-02 -7.04122484e-02  2.01971419e-02
 -1.68448631e-02  1.58099290e-02 -2.45750323e-02 -4.90605533e-02
  7.39512444e-02  7.22259283e-04 -1.39384970e-01 -2.71436181e-02
  4.18232530e-02  7.94646403e-05 -6.85219392e-02 -3.88466232e-02
  8.03393894e-04  2.82738730e-02 -6.32503703e-02 -1.06529268e-02
 -2.16605458e-02 -9.95354634e-03  1.18504703e-01 -2.20924802e-02
 -8.40783678e-03 -8.32282193e-03  6.41308278e-02  1.21692503e-02
 -2.06806301e-03 -9.09495726e-02  5.14437072e-02 -7.41298124e-03
 -9.73615237e-03  2.97297835e-02 -6.78444579e-02  3.44890840e-02
  4.47883457e-02 -8.46380368e-02 -1.49961356e-02  2.09226105e-02
  5.83444797e-02  3.74784730e-02 -9.56547558e-02 -5.48496321e-02
 -1.85285378e-02  1.02262855e-01 -1.90537749e-03  6.15835562e-02
 -2.87642088e-02 -6.14388511e-02 -1.51274176e-02 -7.24772885e-02
 -5.11996262e-02  1.39786778e-02 -5.14374720e-03 -2.93623074e-03
 -1.39249431e-03 -5.82195260e-02  1.38603458e-02 -6.02274723e-02
 -8.91110078e-02 -2.66582984e-02 -7.36289145e-03  7.23975897e-02
  2.64833476e-02  1.62311681e-02  1.20486081e-01  5.58919758e-02
  4.34737764e-02 -1.04077041e-01  2.41887607e-02  1.10582486e-02
 -4.56763394e-02  2.44981633e-03  4.52683456e-02 -5.78704961e-02
 -1.60220675e-02 -1.06554274e-02  2.81945691e-02 -4.28464301e-02
  2.54763737e-02 -2.45443918e-02  3.23902001e-03 -9.78447571e-02
  2.97804107e-03  4.50162180e-02 -2.84590037e-03 -4.18570749e-02
  8.65116622e-03  5.47631904e-02 -9.23138037e-02 -5.30594587e-03
 -5.34505863e-03  4.40708362e-02 -3.95218469e-02 -3.03255092e-08
  6.99137375e-02 -4.43751328e-02  3.65259871e-02  5.41118160e-02
 -1.44246323e-02  3.91853973e-02 -7.64263570e-02  4.68032211e-02
  4.41999087e-04  6.08354695e-02  1.30620580e-02  4.04278673e-02
  5.76553419e-02  6.20177612e-02  9.48113129e-02 -3.18543948e-02
 -2.75765490e-02  4.37518731e-02 -8.12516436e-02 -1.05331011e-01
  4.02407870e-02  2.57048886e-02  9.58122686e-03  4.55728918e-02
  1.04890101e-01 -4.95044589e-02 -7.18562603e-02 -2.53432859e-02
  6.78660348e-03 -8.40511471e-02 -1.06623165e-01  2.18954962e-02
  2.87507894e-03  5.44336028e-02  1.27318809e-02  1.74503718e-02
  9.02999416e-02 -4.24066968e-02  1.08579092e-01 -4.28804010e-02
  1.37988767e-02  5.53470328e-02  9.23802890e-03 -1.48848882e-02
 -3.07657160e-02 -2.60831229e-02  9.58068296e-03  8.84671435e-02
 -2.28353404e-02 -7.68025368e-02 -1.80531759e-03 -6.23311028e-02
 -6.49330951e-03  5.16697429e-02 -2.74974667e-02 -9.85319074e-03
 -5.39310165e-02 -4.70973849e-02  7.23182335e-02  4.58882824e-02
  9.36038047e-03 -5.57356924e-02 -7.41926283e-02  7.27358228e-03]"
What vaccines are available for Dengue?,"As of my last update, a vaccine for Dengue (Dengvaxia®) is available and is recommended for those who have had a prior infection and live in endemic areas. However, the vaccine is complex and not recommended for everyone. It is licensed for use in several endemic countries for individuals typically between 9 and 45 years old who have had a previous infection.","Dengvaxia® is a vaccine available for Dengue, recommended for those previously infected in endemic areas.","What vaccines are available for Dengue? As of my last update, a vaccine for Dengue (Dengvaxia®) is available and is recommended for those who have had a prior infection and live in endemic areas. However, the vaccine is complex and not recommended for everyone. It is licensed for use in several endemic countries for individuals typically between 9 and 45 years old who have had a previous infection.","[ 1.84401050e-02 -4.12021279e-02 -4.00291849e-03 -7.71893561e-02
 -8.80373921e-03  6.76431209e-02  2.18362082e-02  2.29569431e-02
 -3.48992981e-02 -3.09857447e-02  2.86038443e-02  1.64459702e-02
 -3.99994478e-02  9.91647830e-04  6.93737715e-02 -1.67869627e-02
  2.59265583e-02 -6.01891875e-02  6.49804696e-02 -1.05666526e-01
 -2.83152033e-02  3.01404055e-02  4.68431711e-02 -5.97854592e-02
 -1.40919521e-01 -4.95879631e-03 -5.38250618e-02 -1.38584888e-02
  5.51800355e-02 -5.07465638e-02  1.22055141e-02 -1.09844767e-02
 -3.82645503e-02 -1.72498412e-02 -3.28852907e-02 -8.65808576e-02
 -1.14894226e-01  7.08032101e-02 -5.90881109e-02  1.71385445e-02
  2.36448292e-02  3.54715809e-02 -1.28728012e-02 -4.54813205e-02
 -6.65740715e-03  1.03087751e-02 -1.18243517e-02 -1.49600785e-02
  9.66044217e-02 -2.77935900e-02  1.63042508e-02 -2.60700136e-02
 -1.66383907e-04  5.78578748e-02  3.62750329e-02 -5.04847765e-02
 -6.66456968e-02 -2.05539726e-02 -1.55475512e-02  2.04611104e-03
 -8.91188532e-02  6.90481588e-02  1.66314989e-02  6.99683232e-03
 -6.77433237e-02  5.02791740e-02  1.26357898e-02  2.19894741e-02
  3.15538310e-02 -9.81519558e-03 -3.92605551e-02  4.15644050e-02
 -1.09034758e-02  2.01034710e-01 -6.49507195e-02 -2.77735554e-02
  1.14446007e-01  1.62880924e-02  1.04393043e-01 -5.40142655e-02
 -6.28792569e-02 -1.77105591e-02  7.74177983e-02 -2.82033309e-02
  8.06652680e-02  4.12778892e-02 -2.75654532e-02 -7.16764340e-03
  6.14262372e-02  2.83956062e-02  7.50497431e-02  1.71942580e-02
 -1.56670641e-02 -2.04991009e-02  4.60322462e-02  5.36798313e-02
  5.42099364e-02 -8.25255737e-03  2.04689391e-02 -4.75280825e-03
 -1.96003914e-02 -7.24788532e-02 -1.09039908e-02 -3.19456160e-02
 -4.26589651e-03  4.79470789e-02 -2.61343028e-02 -1.00057058e-01
  4.86558340e-02  1.27650052e-02 -8.02624002e-02  1.74698699e-02
  1.45071363e-02 -5.19722551e-02  6.00947998e-03 -1.02536365e-01
  6.88570179e-03 -5.39804362e-02 -2.48137582e-03 -6.55445755e-02
  2.08323952e-02 -5.51426075e-02  6.64560415e-04 -9.82431397e-02
  3.90778482e-02  9.05176718e-03  6.23155646e-02 -4.54437667e-34
  4.80430201e-02  7.95398280e-03  5.20736873e-02  3.27664092e-02
 -1.20570036e-02  1.35993659e-02  3.22946496e-02  8.18762183e-02
 -6.61675334e-02 -3.32662910e-02 -2.12947205e-02 -1.16219580e-01
 -6.34761602e-02  8.85762796e-02  5.88351674e-02  1.15491271e-01
 -7.25308200e-05 -3.33978236e-02  3.55897434e-02 -8.98584258e-03
  5.71024930e-03  4.38622497e-02 -7.82523584e-03 -7.07469648e-03
  3.63559499e-02  4.19623554e-02  3.83788794e-02  4.00462188e-02
  3.01073417e-02  2.47157775e-02 -2.80180909e-02 -3.87939513e-02
 -5.17575294e-02 -3.01102977e-02 -7.22986013e-02  1.77191012e-02
 -4.42653820e-02  1.30303223e-02 -3.34675200e-02 -1.17557580e-02
  1.04590833e-01  7.39353569e-03 -5.33042811e-02  4.24947739e-02
  7.67135993e-02 -4.03282009e-02  6.77138939e-02 -6.47647977e-02
  6.38439134e-03 -8.06455836e-02  3.20913619e-03 -1.66326836e-02
 -1.38324853e-02 -9.39117968e-02  1.11186672e-02  2.20418647e-02
  2.32769623e-02  5.83699159e-02 -2.33147619e-03 -3.05727348e-02
  1.34174461e-02 -6.39819950e-02  1.98316146e-02  2.18556658e-03
  2.56500151e-02  4.97796200e-02  1.55210420e-02 -5.89246191e-02
 -2.88621057e-02 -1.01828016e-01  7.24314302e-02 -9.13292170e-02
 -4.29779738e-02 -7.67586380e-02 -2.39391755e-02  2.13028584e-02
  1.66478083e-02 -7.39505365e-02  8.45302716e-02  8.91594309e-03
 -4.07963842e-02  1.36969434e-02  4.35006209e-02  1.31919488e-01
  3.02132368e-02 -4.33114730e-02 -4.29111794e-02 -5.72522357e-03
 -4.49733026e-02 -3.85553315e-02  2.80522183e-02  4.78164591e-02
  6.07901625e-02  3.27613614e-02  3.24222781e-02 -2.66147313e-33
 -6.08022325e-02  4.64861318e-02 -4.05051671e-02  2.16667112e-02
  3.22697163e-02  3.49979885e-02  4.61826697e-02 -1.07843168e-02
  2.19416451e-02 -6.58879280e-02 -1.35563791e-01 -2.00024582e-02
  4.72942702e-02 -5.26215769e-02 -6.96983859e-02  1.23096993e-02
 -7.18952194e-02  2.80716605e-02 -3.98836881e-02 -1.88226402e-02
  2.78047882e-02  4.52892035e-02  1.64490476e-01 -2.43491232e-02
  7.58605152e-02 -1.95344277e-02  5.52393720e-02  3.86055186e-02
  4.53022644e-02 -2.20061536e-03  3.82914953e-03  1.61330830e-02
  5.49194887e-02  1.54267354e-02 -6.67226091e-02 -6.60121441e-02
  1.81878395e-02 -8.41800719e-02  1.75139699e-02  5.87406056e-03
  9.68567375e-03  2.78987009e-02 -1.72650255e-02 -3.44199724e-02
  4.68493626e-02  5.96357509e-02  6.95706392e-03  8.76101200e-03
  6.94952905e-02  5.86289307e-03 -3.21458071e-03 -6.45815730e-02
 -4.18079756e-02  3.58379707e-02 -5.05137220e-02 -1.91279780e-02
 -5.98490164e-02 -1.08853523e-02  6.60519376e-02 -9.01719928e-02
 -9.97775048e-02 -5.29507920e-02  8.98729253e-04  6.53610080e-02
 -2.74960212e-02  1.09729595e-01  1.29934087e-01  1.03595652e-01
 -6.20528720e-02 -1.27352551e-01 -1.64631456e-02 -1.32042468e-02
 -3.42712067e-02  1.01282438e-02 -5.40536549e-03 -1.13260848e-02
  4.63059172e-02  7.07399398e-02  5.04143946e-02  4.90296595e-02
  3.64359282e-02  1.16331577e-02 -4.87243198e-02 -3.82769364e-03
  6.54877862e-04  4.76493090e-02 -1.33161340e-02 -9.50261131e-02
 -2.41607595e-02  3.34339328e-02 -4.48166728e-02 -2.02090982e-02
  6.10867562e-03  4.16307971e-02 -5.06373718e-02 -3.42994717e-08
  1.32586092e-01 -9.54242516e-03  6.87250774e-03 -4.07027267e-02
 -3.99031192e-02 -1.98653322e-02 -2.27167029e-02  5.73261594e-03
  1.55360783e-02  7.11221099e-02  2.69580837e-02  1.03640789e-02
  8.84605646e-02  1.47609254e-02  3.85573134e-02 -2.01984541e-03
 -3.67425755e-02 -2.81686764e-02 -6.87214807e-02 -5.62257543e-02
  2.01238990e-02  1.72279645e-02 -2.20948700e-02  4.16500196e-02
  1.32265715e-02 -4.26748581e-02 -9.46341082e-02 -9.78666991e-02
 -8.91204271e-03 -5.94251417e-02 -1.20291241e-01  6.57068938e-02
  5.16587049e-02 -6.76919008e-03  2.93234307e-02  1.64373573e-02
  7.18956292e-02 -8.68158136e-03  4.88551892e-02  1.80731844e-02
  5.36256097e-02 -2.88100615e-02  3.47507447e-02 -2.99141221e-02
 -2.56399140e-02 -3.36304381e-02 -1.98103692e-02  3.39736268e-02
 -3.55094369e-03 -2.16744617e-02  9.77409724e-03 -2.03693733e-02
 -4.49657440e-03 -6.71743676e-02 -5.40646277e-02  1.80062931e-02
 -7.15320259e-02 -6.94683269e-02  2.64484845e-02 -1.78842731e-02
  5.92484809e-02 -3.08118071e-02 -3.09281554e-02  6.04258925e-02]"
How do cultural factors influence Dengue transmission?,"Cultural factors can influence Dengue transmission through practices that affect mosquito breeding. For instance, water storage habits, waste disposal, and the acceptability of preventive measures like insecticide use can all play a role in the propagation or prevention of Dengue.",Cultural habits regarding water storage and waste disposal can significantly influence Dengue transmission.,"How do cultural factors influence Dengue transmission? Cultural factors can influence Dengue transmission through practices that affect mosquito breeding. For instance, water storage habits, waste disposal, and the acceptability of preventive measures like insecticide use can all play a role in the propagation or prevention of Dengue.","[ 4.12182920e-02  4.43276204e-02  5.75979566e-03 -4.46712412e-03
  9.89819318e-02  6.79574236e-02  5.70620187e-02 -3.37657928e-02
 -2.05978807e-02 -6.70315176e-02  6.55243620e-02 -6.90188631e-02
 -7.05585582e-03  2.10475326e-02  1.62883550e-02 -1.36670349e-02
 -1.56197650e-02  2.77912728e-02 -6.88235089e-02 -6.10750131e-02
 -4.53500263e-03 -3.11458148e-02  9.20599625e-02 -6.08926080e-02
 -1.37401819e-01  1.58036174e-03  1.95877869e-02 -2.36278828e-02
  9.69759151e-02 -3.57264876e-02  1.79720540e-02  1.45096451e-01
 -5.70427626e-02 -1.58024207e-03 -8.11354592e-02  3.12529169e-02
 -5.47424443e-02  3.31467167e-02 -5.43150352e-04  6.47988319e-02
  5.68023734e-02 -9.18018259e-03  4.56257090e-02 -3.89953963e-02
  1.28005315e-02  1.40295206e-02  3.47493887e-02  7.91469812e-02
 -6.50907680e-02 -2.72205584e-02 -6.34575682e-03  6.33742139e-02
 -6.30566757e-03  4.02464233e-02  4.33581620e-02 -2.33438448e-03
  4.00170721e-02 -1.01659810e-02 -5.61804324e-02  5.36400778e-03
 -4.25001122e-02  7.39025101e-02 -4.16936576e-02 -1.30522549e-02
  2.69834734e-02 -6.58998499e-03 -3.95338126e-02  7.01922402e-02
 -1.36574274e-02 -6.98494315e-02  5.30187674e-02  2.79742037e-03
 -1.48001602e-02  1.44675136e-01 -2.32907906e-02  7.03462213e-03
  4.66403663e-02 -1.01651927e-03 -1.82302389e-02 -5.20699807e-02
 -1.57039016e-02 -5.31683452e-02  1.07193291e-01 -4.05983515e-02
  4.11497615e-02  6.41891640e-03  4.46657687e-02 -5.96643835e-02
 -1.22708883e-02  9.70670655e-02  7.37842768e-02 -3.56071554e-02
 -2.15146760e-03 -2.49190107e-02  1.44240703e-03  5.48558906e-02
  2.35924739e-02 -7.00207576e-02  4.77286503e-02 -2.20248522e-03
  6.97811786e-03  4.66696889e-04 -6.04464710e-02  1.49747981e-02
  1.63263753e-02 -5.41186146e-02 -2.76078004e-02 -8.00445955e-03
  8.65899306e-03  4.11217064e-02 -3.86773981e-02  3.49833034e-02
 -2.80023366e-02 -2.57604849e-02  9.13678948e-03 -1.50560588e-01
 -7.88794085e-03 -4.09726985e-02 -5.00256084e-02 -9.99982655e-02
  6.98004216e-02 -3.19471918e-02 -3.38949002e-02 -4.65250537e-02
  3.33025083e-02 -2.00818926e-02 -1.78399065e-03  4.52949243e-34
  1.81390904e-02 -7.66301006e-02  2.29816437e-02 -1.93514954e-02
  5.52260317e-02 -3.86268795e-02 -1.94210187e-02  5.58049008e-02
  6.26707077e-02 -5.06794415e-02 -8.73313565e-03 -2.79892664e-02
 -5.62349446e-02  6.86967373e-02  3.96392979e-02  8.40646476e-02
 -4.24134322e-02 -4.60158959e-02  3.80657688e-02  6.37357011e-02
  8.14513303e-03 -4.83554937e-02 -6.49758521e-03 -7.11317956e-02
  1.11700166e-02 -5.28196879e-02 -6.36077225e-02  1.20438095e-02
 -9.23816767e-03  1.97560396e-02  1.99859049e-02 -4.01394330e-02
  2.20264634e-03 -5.04798964e-02 -1.15928296e-02  5.10690659e-02
 -3.05336975e-02 -1.41768632e-02 -3.38499025e-02  3.72896157e-03
  1.88192111e-02 -3.04221120e-02 -6.85266182e-02  3.03080026e-02
  2.46711001e-02  3.03724464e-02  1.03982970e-01 -9.17557850e-02
 -5.61406203e-02 -3.75142545e-02  3.70990448e-02 -2.51882034e-03
  7.79005066e-02 -7.12294728e-02  8.81306827e-02  1.09904548e-02
  6.53114766e-02 -9.50222090e-03 -5.33431098e-02 -2.99679227e-02
 -6.44629598e-02 -5.40436283e-02 -6.65490562e-03  2.16377266e-02
  1.09077014e-01 -3.47520337e-02  5.20028546e-02 -7.34798163e-02
 -1.92388636e-03 -8.26853067e-02  3.20692360e-03 -4.18538637e-02
 -2.93264538e-02 -3.45228724e-02 -7.14427605e-02  1.67829003e-02
 -1.02143534e-01 -5.01158573e-02  8.89168829e-02 -2.79755425e-03
 -1.11173704e-01  4.79759723e-02  9.85888690e-02  5.12556266e-03
 -1.80058077e-03  3.59027125e-02  3.40470634e-02 -4.39516455e-03
  8.61498993e-03 -5.74770793e-02  9.95465145e-02  2.24596225e-02
  1.06908150e-01  4.34069075e-02  6.20578416e-02 -2.52570022e-33
 -8.23799297e-02  2.42614988e-02 -6.00492209e-02 -4.04571295e-02
  2.16434188e-02 -1.47206327e-02  2.19438989e-02  1.74337197e-02
  2.85655539e-02 -2.46159267e-02 -8.86128396e-02  3.20947133e-02
  5.48760965e-03 -2.28882325e-03 -3.67465913e-02 -9.18202549e-02
  7.30390847e-02  1.44861162e-01 -4.83600870e-02 -2.67508794e-02
  1.92865857e-03  6.94478303e-02  8.31372738e-02 -1.37021588e-02
 -5.42867295e-02 -1.42978253e-02 -3.38361450e-02  3.14587913e-02
  1.59303155e-02  6.61224499e-03  3.08327824e-02  6.32489324e-02
  5.36509939e-02 -1.02080740e-02 -1.46441543e-02  2.09650528e-02
 -1.56636927e-02 -1.96015052e-02  4.82410379e-03  1.01989824e-02
 -1.38132926e-02  7.44845420e-02 -1.76919196e-02 -7.31937662e-02
  1.01811746e-02  1.11233175e-01  2.98732985e-03 -1.36133088e-02
  2.12128591e-02 -4.61926423e-02  8.63015056e-02 -4.36413139e-02
 -2.85870228e-02  6.81085628e-04  2.23043351e-03 -3.98684293e-03
  4.07875106e-02 -8.37067291e-02  5.92373312e-02 -5.56815341e-02
 -9.10378993e-02 -2.30816584e-02  1.01862494e-02 -3.43874134e-02
 -3.18144150e-02  1.53823532e-02  1.36438504e-01  1.38522729e-01
  4.27261516e-02 -9.62659568e-02 -3.99510376e-02  1.89217292e-02
  7.58503797e-04  1.98842455e-02 -5.43856472e-02 -3.40248384e-02
 -7.92008638e-03  4.45693433e-02  4.63103019e-02  1.41492700e-02
 -3.51453945e-02 -8.14811047e-03 -7.73716345e-02 -1.11660197e-01
 -6.30804524e-02  6.08436763e-02 -6.22315481e-02 -7.60800689e-02
  3.30624804e-02  3.31909508e-02 -1.08052097e-01 -4.13145013e-02
 -7.09736422e-02  2.75879744e-02 -2.75528673e-02 -3.02467988e-08
 -3.81457759e-03 -7.27166981e-02  2.08467040e-02  1.38512915e-02
 -2.40743570e-02  6.48295693e-03 -3.16504575e-03  7.31521845e-02
  2.81497743e-02  5.15029803e-02 -4.10129987e-02  5.01693785e-02
  8.92503113e-02  7.70524442e-02  2.81306095e-02 -2.02048570e-02
  1.00448513e-02 -3.58518474e-02 -7.04800189e-02 -1.31355524e-01
  3.50418314e-02  1.39637489e-03 -6.22856524e-03  4.91545796e-02
  3.81680541e-02 -6.31800443e-02 -2.73694824e-02 -5.33161685e-02
  1.70054976e-02 -2.00075693e-02 -3.77103128e-02 -1.52116909e-03
 -9.44355503e-03  9.71210599e-02  1.74096003e-02  5.02039567e-02
  6.22799210e-02 -5.57567067e-02  6.15577698e-02  7.07177743e-02
  6.13968149e-02 -4.49662656e-02 -1.12488931e-02  2.88517065e-02
 -2.05314206e-03 -2.88604125e-02  2.74919951e-03  8.11385959e-02
 -7.79629052e-02 -2.52959765e-02  3.60846594e-02 -2.17577536e-02
 -4.26087268e-02 -4.29925360e-02 -2.43392736e-02 -4.42009941e-02
 -3.46711427e-02  7.20436359e-03  8.34430456e-02  2.24634726e-03
  1.61509737e-02  4.73752655e-02  4.27256944e-03  3.85028012e-02]"
What is the economic impact of Dengue outbreaks?,"Dengue outbreaks can strain health care systems, reduce productivity due to illness, and impact tourism. The cost of medical care for Dengue and vector control measures also contributes to the economic burden.","Dengue outbreaks have economic impacts on healthcare, productivity, and tourism.","What is the economic impact of Dengue outbreaks? Dengue outbreaks can strain health care systems, reduce productivity due to illness, and impact tourism. The cost of medical care for Dengue and vector control measures also contributes to the economic burden.","[ 3.91426720e-02 -4.67218109e-04  2.61848997e-02  1.85955185e-02
  8.83164406e-02  8.83077383e-02  4.57302779e-02  4.25722487e-02
 -5.14790229e-03 -2.51227282e-02 -1.33971451e-02 -5.00789518e-03
 -1.13736186e-02 -1.48897842e-02  4.42832679e-04 -3.41823623e-02
 -4.28591259e-02 -2.98991147e-02 -6.71121180e-02 -3.60664763e-02
  1.55683691e-02 -5.45850908e-03  3.86026837e-02 -2.62273960e-02
 -1.79340914e-01 -2.63156872e-02  4.14292049e-03 -4.05344963e-02
 -4.01712814e-03 -2.26567537e-02 -8.01676326e-03  7.16271698e-02
  6.41206978e-04  2.62157563e-02 -5.26811443e-02 -4.59809974e-02
 -8.91110767e-03  4.42114733e-02 -3.17364596e-02  1.27411783e-02
  4.63832170e-02 -1.09403050e-02 -2.37881634e-02 -6.15416877e-02
 -4.83084982e-03 -6.53402582e-02  1.10286856e-02  3.92237157e-02
  3.79084027e-03 -2.95602046e-02 -3.21851531e-03  2.60708947e-03
 -2.22536586e-02  8.30845628e-03  2.74666138e-02  4.10889601e-03
  1.80964507e-02 -9.96321514e-02 -5.64472899e-02  9.39361099e-03
 -5.73403053e-02  2.70444136e-02  1.51108401e-02 -1.33121628e-02
 -4.93675750e-03 -2.97787786e-02  7.37597700e-03  5.49611002e-02
 -4.50725816e-02  1.89923476e-02  1.60354320e-02 -1.35966837e-02
 -3.58528681e-02  6.16547279e-02 -4.45500389e-02 -3.16262394e-02
  7.29252324e-02  4.96135727e-02  1.10125303e-01 -7.60773383e-03
  5.65751754e-02 -1.08482093e-01  5.30351587e-02 -6.96444791e-03
 -1.19042993e-02 -1.62497312e-02 -1.52549520e-02 -9.14606676e-02
  4.51598354e-02  4.27226350e-02  6.80702627e-02 -8.32465887e-02
  4.37467322e-02 -7.61693809e-03  4.76372428e-02  7.15128854e-02
 -1.20817479e-02 -2.51183808e-02  6.55309260e-02 -1.87583975e-02
  1.95277706e-02 -2.92277187e-02  3.97980912e-03 -7.45976670e-03
 -5.76269487e-03  1.02615356e-03 -9.95639432e-03 -6.51691183e-02
  1.39910700e-02  2.26044301e-02 -2.94984151e-02  1.70597099e-02
  2.23049764e-02 -4.62535135e-02 -1.90204810e-02 -7.04277232e-02
  5.15686758e-02 -6.91140220e-02 -5.84186055e-02 -4.77748970e-03
  6.29276261e-02 -7.85655230e-02 -2.83815712e-02 -4.84440057e-03
 -5.40494546e-03 -2.02976819e-02 -1.92068536e-02 -9.10767237e-34
 -1.72368027e-02 -7.98760280e-02 -1.48267066e-02 -5.69698401e-02
  1.75619069e-02 -2.10383162e-02 -4.90812212e-02 -4.29813022e-04
 -7.08138430e-03 -6.42414093e-02 -1.07888682e-02 -4.78392579e-02
  2.75903922e-02  7.04929307e-02  3.32308747e-02  5.80864176e-02
  2.25715153e-02  8.39023851e-03  3.66492383e-02  4.44180407e-02
 -3.93758342e-02 -7.34454021e-02  4.16495046e-03  3.49344425e-02
  3.73889469e-02  1.62712634e-02 -4.32180166e-02 -1.18791685e-02
  5.99592365e-02 -4.66248021e-03  1.59405470e-02 -2.01583412e-02
  2.74781920e-02 -3.46274078e-02 -7.63016194e-02  5.24661206e-02
  6.99658552e-03  7.60667492e-03 -3.33500840e-02  1.23183036e-05
  6.71497500e-03 -1.68230012e-02 -6.30359501e-02  7.77074844e-02
  3.36125679e-02 -1.40755232e-02  9.07704383e-02 -3.79010364e-02
  3.28462161e-02 -7.05006942e-02 -5.02016675e-03  7.11246487e-03
  3.93089419e-03 -8.36739987e-02  2.27211379e-02 -3.44687998e-02
  1.71991456e-02 -4.11013700e-02 -4.76618856e-02 -1.48758180e-02
 -2.16545500e-02 -9.52364132e-02  9.46014002e-02 -9.23495740e-03
  8.42327103e-02  1.73663553e-02  6.38825819e-02  1.69965103e-02
 -6.40580356e-02 -4.58040601e-03 -1.89690832e-02 -3.88243459e-02
 -8.25522467e-04 -4.72664237e-02  1.78446609e-03  9.31795761e-02
 -4.20440212e-02 -6.62470013e-02  3.72975841e-02  9.54645202e-02
 -1.08874358e-01 -2.85844645e-03  1.08446710e-01  1.71642974e-02
  5.43474592e-02  1.19916373e-03  3.91672074e-04  3.13718095e-02
  1.41226500e-02 -1.03841856e-01  2.17632297e-02  1.02733068e-01
 -3.36796651e-03  7.30748028e-02  8.61430168e-02 -2.30993640e-33
 -9.49366018e-02  1.19459875e-01 -5.91495559e-02 -3.67071629e-02
  1.82966534e-02 -2.28020013e-03 -1.13580506e-02 -3.24538420e-03
 -1.70548074e-02 -7.30845779e-02 -1.80539697e-01  5.59187792e-02
  1.90496501e-02 -3.31943594e-02 -2.61366628e-02 -5.83878048e-02
  6.12848729e-04  2.25597564e-02 -8.24365392e-02  3.36931422e-02
 -5.36914170e-02  4.31382272e-04  1.33388579e-01  1.35217207e-02
 -2.78966743e-02  2.75296737e-02 -1.47972926e-02  3.70996185e-02
  8.16964731e-02 -8.03150423e-03  3.69615667e-02  5.28782941e-02
  7.24710077e-02  2.37449557e-02 -2.39173789e-02  7.60685652e-02
  3.38327838e-03 -7.88011551e-02  5.09931184e-02 -5.38084842e-02
  5.93312792e-02  2.23911796e-02 -1.69192869e-02 -7.22434893e-02
  5.34770042e-02  4.81321625e-02 -4.52761725e-02  8.45934302e-02
  8.99399817e-02 -4.99396659e-02  1.03034556e-01  4.06384803e-02
 -8.54129270e-02  4.07079346e-02 -2.51108296e-02 -4.42597903e-02
 -3.04588825e-02 -8.32485557e-02 -1.07935080e-02 -2.83446424e-02
 -1.18788622e-01  9.23079997e-03 -2.85149477e-02  7.71597624e-02
 -3.20486128e-02  1.98117867e-02  1.51279733e-01  3.45743671e-02
  7.83236027e-02 -1.62210241e-01 -3.56865861e-02  3.60536426e-02
 -3.06136012e-02  5.20066209e-02 -4.42527514e-03  2.55140439e-02
  8.79789796e-03  2.70249881e-02  8.49440470e-02  5.93926124e-02
  1.20060723e-02 -2.81150248e-02 -5.57626784e-03 -1.64152801e-01
 -8.17563161e-02  2.32909825e-02  2.08465122e-02 -3.70604917e-02
 -4.76500392e-02  5.56617193e-02 -1.14674658e-01 -4.24628295e-02
 -2.49845851e-02  8.48871563e-03 -3.28309126e-02 -3.04567607e-08
  8.71584341e-02 -5.33291511e-02  7.23056197e-02  1.06367972e-02
 -6.66524284e-04 -8.80895108e-02 -8.81051924e-03  7.69856945e-02
  3.41306143e-02  1.21547528e-01 -4.08836454e-02  2.70134620e-02
  4.27613370e-02  1.06338970e-01  1.15381274e-02  3.83729637e-02
 -5.79628944e-02 -2.39619073e-02 -3.34101915e-02 -1.04562096e-01
 -1.38499700e-02  1.88184865e-02  9.46346857e-03  3.53117585e-02
  3.03028692e-02 -2.72386353e-02 -2.13569459e-02 -4.74286191e-02
 -5.29864337e-03 -1.33656394e-02 -1.03867076e-01  9.60898213e-03
  3.12846787e-02  7.99335241e-02  7.61497319e-02  5.19551523e-03
  2.59009693e-02 -5.83628565e-02  6.42602593e-02  4.20891754e-02
  4.47589867e-02 -2.98738922e-03  1.10780234e-02  1.57479215e-02
 -7.00216740e-03 -9.14888456e-02  4.25416976e-03  5.67825548e-02
 -2.68896893e-02 -8.08024034e-02  2.71518026e-02  1.20167304e-02
  3.65678966e-02 -4.16322909e-02 -5.75153492e-02 -2.03757770e-02
 -4.41797413e-02 -3.10805230e-03  1.37603581e-02  1.46326823e-02
  8.19229987e-03 -7.41849691e-02 -3.71180624e-02  3.80188157e-03]"
Can Dengue be sexually transmitted?,Dengue is not known to be sexually transmitted. It is primarily transmitted through mosquito bites.,Dengue is not sexually transmitted; it spreads through mosquito bites.,Can Dengue be sexually transmitted? Dengue is not known to be sexually transmitted. It is primarily transmitted through mosquito bites.,"[ 2.35452261e-02  1.43064642e-02 -7.16592446e-02  1.08892843e-02
 -1.16237989e-02  5.09443954e-02  7.00347275e-02  9.35070420e-05
 -3.33500393e-02  3.01986164e-03 -1.36327576e-02  6.74037449e-03
 -1.59394126e-02  3.57926525e-02  7.49908164e-02 -3.89731601e-02
  2.17701830e-02 -4.97468784e-02  4.80338149e-02  3.16415876e-02
  5.36421835e-02  7.31011629e-02  2.23163497e-02 -1.05782323e-01
 -8.06399807e-02  9.55177704e-04 -1.33074690e-02  1.41909132e-02
  1.90172158e-02 -1.06143649e-03 -9.75275692e-03  3.20439264e-02
 -3.19711156e-02 -1.35812415e-02 -4.79911231e-02 -3.33680250e-02
 -8.16129595e-02  3.25888731e-02  5.91920540e-02  4.71232347e-02
  3.63797620e-02 -1.43368216e-03 -1.16802929e-02 -4.59740460e-02
 -3.45306024e-02  9.13841724e-02  1.79318234e-03 -2.80267326e-03
 -1.84362512e-02 -7.77943060e-02  4.73870859e-02 -4.24971245e-02
  3.71859176e-03  8.30721185e-02  1.31605472e-02 -1.58450175e-02
 -2.24709138e-02 -9.50668603e-02 -2.56874338e-02  3.38951056e-03
 -5.45167550e-02  5.47830798e-02  6.07043020e-02  7.02786166e-03
 -4.02522981e-02  4.38518124e-03 -2.88312491e-02  2.80481707e-02
  7.77826011e-02 -1.84373483e-02 -3.19956103e-03  8.31049401e-03
 -5.73006533e-02  8.00772458e-02  2.03556865e-02 -3.64226922e-02
  1.00873210e-01  7.16523007e-02  4.60921861e-02  9.95404553e-03
 -1.04061030e-01 -3.94044071e-02  1.08541235e-01 -8.60312358e-02
 -2.90004350e-02  1.18039986e-02  1.73786376e-02 -4.03616345e-03
 -2.26869714e-02  5.37921600e-02  9.10810661e-03  1.75803155e-02
  3.09451036e-02 -2.94804629e-02  3.97823155e-02  4.57382016e-02
  1.64492130e-02 -8.35031867e-02 -1.38460629e-04 -3.64506384e-03
 -7.91209862e-02  3.65529060e-02 -5.18744439e-02 -2.76467055e-02
 -6.93663582e-02  4.14884873e-02 -2.81995386e-02 -6.33453950e-02
 -5.38827153e-03  4.86324960e-03 -4.81807217e-02  5.21992007e-03
  9.64692608e-02 -8.41432065e-02  4.10265364e-02 -1.62542343e-01
 -1.87475607e-02  1.00656534e-02  3.32146548e-02  1.44948699e-02
  2.65371334e-02 -9.18507874e-02  2.38887034e-02 -2.61570830e-02
  3.76847759e-02 -6.30183518e-02  4.59290519e-02 -2.13354667e-33
  5.99416085e-02 -7.48136863e-02  8.27627555e-02 -6.04262762e-02
 -2.18709605e-03  8.96918848e-02  3.45400721e-02  5.20903394e-02
  3.40545774e-02 -4.22359630e-02  2.81899404e-02 -1.29394233e-01
 -3.40422429e-02  3.48827653e-02  5.19050434e-02  1.69572264e-01
  2.46245265e-02 -2.04709936e-02 -1.64971109e-02  2.74219215e-02
  4.92234603e-02  5.88659756e-02  2.22498495e-02 -1.24406800e-01
  4.58465220e-04  3.34072337e-02 -6.14347644e-02 -3.61465700e-02
  4.33357060e-02  2.11274028e-02 -4.47487235e-02 -5.30755930e-02
  3.02063618e-02  3.87041532e-02 -1.72389075e-02  1.34636343e-01
 -3.28876115e-02  4.75635715e-02 -2.11760700e-02 -2.56427787e-02
  7.54877925e-02 -6.72371909e-02 -7.57460967e-02  3.36411111e-02
 -3.70403985e-03  3.77242677e-02  7.54873175e-03 -8.31901059e-02
 -1.96166318e-02 -4.23993468e-02 -1.82034392e-02 -1.82607658e-02
  1.06300823e-02 -3.19996476e-02  4.03463989e-02  2.95478525e-03
  1.15725689e-01  5.28116375e-02 -3.84278148e-02 -1.47298872e-02
 -5.34259044e-02  2.74712406e-02  2.08420586e-02 -4.47301343e-02
 -3.35956365e-02 -3.20302844e-02  1.68057419e-02 -5.25351660e-03
 -4.63002399e-02 -1.02162778e-01  6.89964788e-03  2.01758347e-03
  4.97965254e-02 -7.63691962e-02 -1.31602352e-02 -9.00431909e-03
 -4.53787670e-02 -3.62872519e-02  1.16819978e-01  8.21836293e-03
 -9.37305465e-02  2.20810417e-02  1.35193616e-01  8.45974684e-03
  2.33975574e-02  5.12859114e-02  2.94793788e-02  2.81277820e-02
 -2.53330078e-02  1.67999044e-02  4.10592258e-02  1.69209410e-02
  4.56529595e-02  2.44364422e-02  5.85730597e-02 -5.42940315e-34
 -6.55802190e-02  4.29236405e-02 -7.96773210e-02 -1.19780581e-02
  4.73337155e-03  4.30569276e-02  8.34015086e-02  1.54478056e-02
 -8.15480351e-02 -1.10193435e-02 -9.49356928e-02 -3.81860659e-02
 -5.91590591e-02 -3.54367681e-02  1.10109653e-02  6.33472428e-02
 -1.69236287e-02  9.01021436e-02 -3.31765562e-02 -5.99861378e-03
 -7.86429346e-02  4.31870632e-02  1.21986903e-01  2.26908247e-03
  1.47770587e-02 -3.61570790e-02  7.85697699e-02  6.54186606e-02
 -1.59489382e-02  2.02635191e-02  7.54441544e-02  4.01386917e-02
 -1.82002168e-02 -1.57461073e-02 -6.63070381e-02 -8.62628892e-02
 -5.71442442e-03 -1.26884162e-01  1.03383407e-01 -7.19482452e-03
  8.30835551e-02  3.66672426e-02 -3.78797129e-02 -7.50605240e-02
  3.76168340e-02  6.84270337e-02  8.80639767e-04  5.11277765e-02
  6.65805489e-02  2.95698196e-02 -4.13173204e-03 -1.32059269e-02
 -8.53580385e-02 -6.37474060e-02 -1.42331915e-02 -3.18049751e-02
 -4.03208919e-02  1.12404143e-02  2.32373960e-02 -4.24279459e-02
 -5.39782085e-02 -6.11862615e-02 -7.52037810e-03  4.38359156e-02
  5.85817583e-02  3.47970091e-02  6.54166788e-02  7.78107494e-02
  3.31980586e-02 -8.13652202e-02 -5.08672073e-02 -2.39178743e-02
 -4.22679856e-02  6.69951132e-03  2.51251385e-02 -4.14459556e-02
  1.34983603e-02  3.78223485e-03  4.24121656e-02 -9.05699749e-03
 -8.67401133e-04 -1.65925268e-02  6.55059842e-03 -5.42840660e-02
 -3.54166515e-02 -6.74860086e-03 -1.75495781e-02 -8.10592398e-02
 -3.92607562e-02 -2.17159633e-02 -7.22909644e-02 -3.39629538e-02
  2.12204386e-03 -8.14426318e-03  1.02864346e-03 -2.00818935e-08
  5.66450320e-02 -2.00875401e-02 -1.27406297e-02 -2.05360129e-02
  3.19505595e-02  2.49210056e-02  4.32360210e-02 -5.04521048e-03
  8.02231580e-02  4.94247191e-02 -4.12070490e-02 -5.39889671e-02
  7.66321272e-02  3.98288779e-02  3.99661884e-02 -1.42612383e-02
 -1.20522473e-02 -8.85483250e-02 -3.32754180e-02 -1.22066647e-01
 -5.00848982e-03 -2.02641003e-02 -1.48086417e-02  5.34470268e-02
 -3.72294127e-03 -3.89749114e-03 -3.49879786e-02 -2.75308453e-02
  2.19242238e-02 -3.84193733e-02 -1.05662197e-01  1.48467384e-02
  2.37960974e-03  6.97924048e-02  3.34054716e-02  2.31598560e-02
  1.22403465e-01 -1.75355971e-02  6.93282336e-02 -2.53348332e-02
  6.28952459e-02 -4.43214066e-02  4.40813266e-02  3.74120027e-02
 -1.46969063e-02  2.21630465e-02  4.06677239e-02  4.28372175e-02
  6.53544790e-04 -5.37048876e-02  1.48465596e-02  7.57115483e-02
  1.91317685e-02 -6.62219003e-02 -9.58036184e-02 -3.18961628e-02
 -6.80077150e-02 -3.70205268e-02  3.02776527e-02 -6.53243810e-03
 -2.14795079e-02 -1.06831327e-01  4.89545800e-02  6.77845478e-02]"
What research is being done on Dengue?,"Research on Dengue focuses on vaccine development, improving diagnostic tests, understanding the disease's pathogenesis, and developing better vector control strategies. Studies are also looking at the impact of climate change on Dengue transmission patterns.","Research on Dengue includes vaccine development, diagnostics, vector control, and studying the effects of climate change on transmission.","What research is being done on Dengue? Research on Dengue focuses on vaccine development, improving diagnostic tests, understanding the disease's pathogenesis, and developing better vector control strategies. Studies are also looking at the impact of climate change on Dengue transmission patterns.","[-2.63462234e-02  1.89492460e-02 -1.88042969e-02  2.26472039e-02
  4.45396677e-02  3.56678069e-02 -1.73004642e-02  4.40425277e-02
 -1.29650766e-02  6.61466736e-03 -2.86731422e-02  9.10968427e-03
 -4.66884896e-02  1.49484789e-02 -2.29946827e-03 -1.36728827e-02
 -2.78310236e-02 -2.98277512e-02 -3.06054465e-02 -1.09275691e-01
 -4.05865237e-02 -4.20929231e-02  1.34345442e-01 -4.67864200e-02
 -1.66194558e-01  3.85342771e-03 -3.44439410e-02 -4.59687598e-02
 -5.84096694e-03 -1.56212570e-02 -5.05612837e-03  7.76222944e-02
 -9.47630871e-03  2.44701933e-03 -8.25908855e-02 -1.53453099e-02
 -2.98995487e-02  1.10984884e-01  1.73565149e-02  2.06143241e-02
  1.92515440e-02 -5.40951714e-02  4.62947637e-02 -5.58446273e-02
 -5.31735504e-03 -3.38850506e-02 -1.96674280e-02 -7.48762116e-03
  1.90442819e-02 -5.90719581e-02 -2.13908851e-02 -2.03067735e-02
  2.02877056e-02 -9.50304046e-03  1.68446880e-02  4.33552632e-04
 -1.83851793e-02 -4.88848947e-02  7.07044872e-03 -3.12119443e-02
  2.96592470e-02  8.93262178e-02 -2.93584131e-02  1.42767131e-02
  7.70631293e-03 -1.74878386e-03  2.52885055e-02  7.33091906e-02
 -8.99480830e-04 -9.58118886e-02 -3.00603942e-03  7.10287765e-02
 -2.20931247e-02  1.29840598e-01 -4.83198464e-03 -1.51064843e-02
  1.71175729e-02  5.80382161e-02  1.49081543e-01 -5.52471541e-02
  6.37100488e-02 -8.54997560e-02  1.10027507e-01  3.88084631e-03
 -1.03042778e-02 -2.83995597e-03 -2.34325081e-02 -3.72972339e-02
 -2.06253026e-02  2.48776693e-02  8.94451141e-02 -3.26667801e-02
 -2.11541187e-02  2.41229236e-02 -3.51244509e-02  9.18760002e-02
  2.49620993e-02 -7.92820007e-02  7.61082619e-02  9.33834072e-03
  7.77476840e-03 -2.62612533e-02 -6.70405524e-03 -4.58842218e-02
 -4.64626541e-03  6.53748494e-03  1.16479467e-03 -8.14341381e-02
  7.02894107e-02  3.57031263e-02 -6.19628206e-02  4.30460870e-02
 -2.74618585e-02 -1.26928033e-03  3.79905067e-02 -1.14270188e-01
 -4.35667261e-02 -3.16516403e-03 -3.80925424e-02 -1.22010643e-02
  4.17645574e-02 -7.74134025e-02 -2.06397451e-03 -6.38601258e-02
  3.28567550e-02  3.04125505e-03 -2.11460143e-02  5.11821766e-34
  3.35587338e-02 -3.04099321e-02  5.05254231e-02  7.66442791e-02
  3.44662927e-02 -3.52521241e-02  1.30573418e-02  7.41147995e-02
 -1.39436983e-02 -8.79139379e-02  2.58501917e-02 -1.02285840e-01
 -4.56192158e-02  7.88791329e-02  8.57821759e-03  4.78010699e-02
 -1.89291406e-02 -4.30687256e-02 -2.72626709e-02  2.28485209e-03
 -4.09777053e-02 -2.96023171e-02  6.74474388e-02 -2.50809770e-02
  7.03435019e-02  1.20555116e-02 -5.27475215e-02 -4.42249961e-02
  4.23918059e-03  2.52991635e-02  2.02943967e-03  1.34006692e-02
 -7.73551092e-02 -2.84408219e-02 -4.51821554e-03  1.03198655e-01
 -1.87704246e-02  6.52904110e-03 -4.36615199e-02  1.67415403e-02
  5.73042110e-02 -4.04381305e-02 -4.81962375e-02  5.50118461e-03
  5.35044260e-02  2.96533126e-02  2.69501284e-02 -6.31331876e-02
  3.32699055e-05 -5.36411442e-02  2.47284044e-02  1.03551205e-02
 -1.41403824e-02 -9.89533290e-02  7.51608610e-02  8.04732814e-02
  1.52211972e-02 -6.38054917e-03 -1.78626385e-02 -7.71911582e-03
 -2.26513832e-03 -6.31465763e-02 -5.85217290e-02 -3.36427353e-02
  2.61985846e-02  4.79663499e-02  4.22743242e-03 -7.54753873e-02
 -1.56576205e-02 -1.78493746e-02 -5.29527524e-03 -4.85000424e-02
  8.63049738e-03 -5.79812042e-02 -3.15177776e-02  4.35713418e-02
 -4.31733951e-02 -1.38111422e-02  2.68572196e-02  5.27220704e-02
 -5.45990989e-02  4.05348465e-02  1.01945102e-01  3.25023085e-02
  1.04027940e-02 -1.84171703e-02 -3.27515230e-02  6.05315603e-02
  3.43167111e-02 -4.50494736e-02  5.37033528e-02  7.76429251e-02
  3.01664136e-02  3.22268978e-02  8.15472975e-02 -1.97089573e-33
 -1.03835315e-01  3.61790136e-02 -8.61499533e-02  4.76655401e-02
  5.89510202e-02 -2.38473411e-04 -1.00173326e-02 -3.68385166e-02
  1.83233228e-02 -1.07992757e-02 -7.76042938e-02  2.56272852e-02
 -2.93732155e-04 -2.51883063e-02 -5.46845384e-02 -4.33466323e-02
 -3.13482359e-02 -1.37798013e-02 -8.89005288e-02  2.40213964e-02
 -1.95611231e-02 -7.50671001e-03  9.67727602e-02 -2.72516441e-02
  1.63557357e-03  2.17410759e-03  7.29433745e-02  1.71679109e-02
  1.41120758e-02 -2.33774856e-02  4.01939750e-02 -1.45753831e-04
  1.24771111e-02  2.41439957e-02 -6.15806393e-02  3.30320299e-02
  6.95479587e-02 -8.25885087e-02  5.95857352e-02 -3.40859257e-02
  6.54205605e-02  2.22607888e-02 -3.05050537e-02 -1.18041344e-01
  5.73641472e-02  6.63345158e-02 -8.09700042e-02  9.51063484e-02
  6.02635704e-02 -5.07733896e-02  9.11385939e-02 -2.77146809e-02
 -6.03758879e-02 -5.33751119e-03  4.08268049e-02 -1.23969689e-02
 -2.08556652e-02 -5.83247393e-02  9.62817762e-03 -2.04796810e-02
 -1.06513172e-01  1.42547609e-02 -4.22886536e-02  9.20542181e-02
 -1.58869009e-02  2.02673450e-02  9.03152525e-02  8.56571347e-02
  5.68317026e-02 -1.30084068e-01  6.59810845e-03 -2.80070840e-03
  1.96440034e-02  5.20831980e-02 -1.02284290e-02 -3.46241072e-02
  1.07156793e-02 -1.18309520e-02  3.16032916e-02  8.58704150e-02
 -4.82186936e-02 -4.08749692e-02 -5.40816262e-02 -6.22392632e-02
 -2.59021576e-02  5.27403317e-02 -3.11990455e-02 -1.60717312e-02
 -6.41624853e-02  1.98889640e-03 -9.99955982e-02 -6.68184757e-02
 -4.47014011e-02  3.03322785e-02 -1.55119570e-02 -3.14672519e-08
  1.22794569e-01 -9.13880020e-02  9.96638536e-02 -3.15752663e-02
 -3.48511431e-03  6.98568299e-03 -2.78191958e-02  3.83918770e-02
 -2.27377042e-02  3.50294001e-02 -2.36176476e-02  6.51244298e-02
  5.19918390e-02  1.00761682e-01  5.32416031e-02 -7.09359571e-02
  2.79932600e-02 -6.15045615e-02 -6.63432255e-02 -1.32414415e-01
  7.49780796e-03  5.24314083e-02 -1.50128063e-02  5.51344939e-02
  7.74082690e-02 -2.25781109e-02 -1.11587187e-02 -9.83851310e-03
 -8.43843818e-03 -6.38564304e-02 -1.12011589e-01  8.06638002e-02
  4.05457988e-02 -9.71208885e-03  9.63025168e-02  2.22863629e-02
  8.43225718e-02 -3.57244313e-02  7.28698894e-02  4.18151729e-02
  4.79451232e-02  4.42988798e-02 -9.58044548e-03  1.36716627e-02
 -5.76272979e-02 -2.19739098e-02  6.58747647e-03  1.03159152e-01
 -3.50111909e-02 -3.20341922e-02  2.07409970e-02 -1.32182483e-02
 -1.26853166e-02 -1.50394114e-02 -6.81476220e-02  7.25937933e-02
 -3.72267738e-02 -6.29416630e-02  4.06152271e-02 -2.77182125e-02
  8.39200169e-02  8.09998065e-03 -6.50039166e-02  8.25059935e-02]"
How is climate change affecting Dengue transmission?,"Climate change may expand the habitat range of Aedes mosquitoes, increasing the risk of Dengue transmission in regions that were previously unaffected. Warmer temperatures can also shorten the mosquito breeding cycle and the virus replication time, potentially leading to more frequent outbreaks.",Climate change is likely to increase Dengue transmission by expanding mosquito habitats and speeding up their breeding and the virus replication cycle.,"How is climate change affecting Dengue transmission? Climate change may expand the habitat range of Aedes mosquitoes, increasing the risk of Dengue transmission in regions that were previously unaffected. Warmer temperatures can also shorten the mosquito breeding cycle and the virus replication time, potentially leading to more frequent outbreaks.","[-1.58436690e-02  3.13010067e-02  9.21294242e-02 -1.25985071e-02
  7.97520205e-02  5.08284196e-02 -1.01448987e-02 -3.89983431e-02
 -2.12552561e-03  4.01291205e-03 -5.56695461e-03 -4.83293869e-02
 -6.88232947e-03 -5.73113188e-02  7.15120733e-02 -5.25324326e-03
 -6.23428337e-02 -2.24746182e-03 -2.77423561e-02 -7.87089318e-02
  1.04535846e-02  2.76635569e-02  5.27137006e-03 -5.52047789e-02
 -1.39585078e-01 -2.24044584e-02 -2.43423879e-02  1.00966729e-02
  1.43816005e-02 -2.28388291e-02 -1.02952719e-02  8.60783681e-02
 -7.81675950e-02  2.53454074e-02 -7.35520497e-02 -1.76590942e-02
 -2.41205338e-02  7.31715783e-02 -5.11088371e-02  2.34692153e-02
  5.93674742e-02 -2.18178947e-02 -1.14968922e-02 -5.95296733e-02
 -5.69355302e-02 -1.31545607e-02  2.00541802e-02  4.40916158e-02
 -6.56571053e-03 -9.04857442e-02  3.41154113e-02  2.98913289e-03
 -5.50034754e-02  1.30652301e-02 -1.41058946e-02  4.99363728e-02
  4.56450842e-02  7.84768444e-03 -4.30546030e-02 -7.32658897e-03
  3.52359638e-02  8.26590359e-02 -1.71289369e-02  2.44457126e-02
  4.21881303e-03 -2.10330542e-02  3.06304041e-02  1.07390888e-01
  1.38804158e-02 -5.35058901e-02  4.11918806e-03  5.80002666e-02
 -5.96175194e-02  5.24895974e-02 -1.59746196e-05 -7.24451095e-02
  1.14683798e-02  7.45539293e-02  1.41004786e-01 -3.86231914e-02
 -6.63933251e-03 -6.39070496e-02  8.59075189e-02 -2.81697996e-02
  2.24642940e-02 -3.30641828e-02  4.32570763e-02 -5.99067025e-02
  3.19282711e-02  4.65725958e-02  8.36926401e-02 -4.15479429e-02
  4.06491794e-02  1.30966073e-02 -4.48250882e-02  7.75079876e-02
  5.46441264e-02 -4.27460000e-02  5.85651994e-02 -1.59695875e-02
 -5.30579463e-02 -1.86151098e-02 -4.91192453e-02 -6.77401913e-05
  1.40659222e-02 -9.15279798e-03 -3.35701182e-03 -5.63143529e-02
 -1.62263643e-02  3.41526195e-02 -4.47612219e-02  2.46979930e-02
  2.80375127e-02 -4.55715843e-02 -8.59790744e-05 -1.25027776e-01
 -4.83215116e-02  1.69425420e-02 -6.19748719e-02 -1.42615354e-02
  1.40921883e-02 -8.06935038e-03 -3.13708633e-02  7.46229710e-03
  1.46862967e-02  7.09774485e-03  1.93442479e-02  6.97286902e-34
  9.41410214e-02 -7.55166784e-02 -4.24699625e-03 -6.40473468e-03
  9.63745192e-02 -1.97015516e-03 -2.52613220e-02  4.11825888e-02
  3.93429399e-03 -6.44573644e-02 -2.52268482e-02 -4.94352765e-02
 -3.27878855e-02  8.49184990e-02  5.54770268e-02  8.65190774e-02
 -3.20934057e-02  1.27899125e-02  5.96923903e-02  4.53269705e-02
 -7.93405250e-02 -2.61964593e-02  7.99613819e-03 -6.12449087e-03
  1.90535355e-02  1.72095168e-02 -4.73303627e-03  3.96254994e-02
 -8.38389900e-03  1.06626991e-02  2.34591831e-02 -5.75955324e-02
 -2.73806453e-02 -7.46380119e-03  3.00714076e-02  6.10820949e-02
 -1.25247808e-02 -7.06461398e-03 -2.15495080e-02  2.10517589e-02
  6.36668950e-02 -2.92855147e-02 -4.57857214e-02 -1.39720468e-02
  7.42357448e-02  1.21893864e-02  7.86869153e-02 -4.63095941e-02
 -2.86316257e-02 -1.04668625e-02 -2.44334508e-02  2.78120041e-02
  7.94441067e-03 -3.03310882e-02  2.69523002e-02  2.16887109e-02
  3.36589292e-02 -6.12564711e-03 -3.68712321e-02 -1.00294605e-01
 -1.80574991e-02 -5.96643016e-02  6.71091825e-02 -1.97866522e-02
  1.72572836e-01  5.06890938e-02  2.51464676e-02 -3.02805379e-02
 -6.82265311e-02 -2.83454955e-02 -1.59926228e-02 -4.39137854e-02
  4.10652207e-03 -5.36371954e-02 -3.86240333e-02  3.85945141e-02
 -1.03437021e-01 -4.29536141e-02  1.11814132e-02  1.09608546e-02
 -9.37165320e-02  4.38963994e-02  9.76491719e-02  5.79705928e-03
  2.08735913e-02 -3.43800858e-02  5.41004874e-02  1.86867435e-02
  4.43326868e-02 -2.56116036e-02  1.11306161e-01  9.46256053e-03
  6.05060682e-02  5.10381572e-02  9.69521552e-02 -2.48734421e-33
 -7.53640905e-02  1.41881993e-02 -6.26890436e-02 -1.70099903e-02
 -2.96849236e-02  2.42961710e-03  3.59358899e-02  7.47362971e-02
 -1.38844531e-02 -5.78307956e-02 -9.38660800e-02  3.14978026e-02
 -3.47806104e-02 -9.02964994e-02 -3.16973366e-02 -9.30742472e-02
  5.63295558e-02  6.11446835e-02 -5.63698336e-02 -5.24619669e-02
 -4.02078824e-03 -1.22461971e-02  9.89811644e-02 -3.54727684e-03
 -6.31327555e-02 -5.23729287e-02  4.42072190e-02  7.75424838e-02
  3.71684246e-02 -2.73976699e-02  2.29855459e-02  5.16213067e-02
  7.92500097e-03  4.51824404e-02 -3.89574915e-02  6.09824900e-03
  3.06734294e-02 -8.38237256e-02  3.49154137e-02  2.15026475e-02
  3.41381542e-02 -2.60929838e-02  4.20821458e-02 -1.31796747e-01
  9.75652486e-02  7.83357620e-02 -2.78516728e-02  3.23454142e-02
  4.36792523e-02 -7.36177191e-02  1.13312699e-01 -1.91411320e-02
 -5.28193861e-02  1.38341645e-02  2.44479943e-02 -4.57962155e-02
 -3.73604149e-02 -3.59479710e-02  1.46423178e-02 -5.96490949e-02
 -1.19317830e-01 -4.70778346e-03  3.17841135e-02  3.96139584e-02
 -1.73051655e-02 -1.97278522e-02  2.77282000e-02  3.70592996e-02
  4.94430996e-02 -4.64783795e-02  5.50720328e-03 -3.47350724e-02
 -1.92221198e-02 -3.65404300e-02 -2.59927986e-03 -5.01203127e-02
 -1.79961249e-02  1.05397394e-02  1.47745889e-02  3.14198062e-02
 -7.23595917e-02 -4.53377608e-03 -3.96681540e-02 -5.64103760e-02
 -5.25954887e-02  3.92993763e-02 -5.57041029e-03 -7.86953419e-02
  2.12232657e-02  8.52486268e-02 -8.27565789e-02 -1.61638372e-02
 -2.68010404e-02  2.85379551e-02 -3.56987640e-02 -3.00731671e-08
  4.54550683e-02 -2.27585528e-02  3.93264294e-02  4.46629375e-02
  1.13894194e-02 -1.42590106e-02 -2.68948707e-03  1.12446053e-02
  6.47850782e-02  3.44939455e-02  3.70822400e-02  6.31249994e-02
  1.58744007e-01  9.29165632e-02  6.53110221e-02  4.07893443e-03
  1.60093382e-02 -1.21039227e-01 -2.26889011e-02 -1.68123022e-01
 -3.85102518e-02  1.01931216e-02 -1.73636563e-02  5.77784851e-02
  9.27577317e-02 -3.09964810e-02 -9.99757461e-03 -4.29047365e-03
  2.48106830e-02  1.33899348e-02 -1.06702507e-01  1.20638078e-02
  8.61831233e-02  8.50981623e-02  3.65317464e-02  2.61516385e-02
  4.89188060e-02 -5.57861291e-03  7.10915923e-02  4.55661081e-02
  5.26275821e-02  2.55382471e-02 -3.69239375e-02  1.68207567e-03
 -3.28298993e-02 -7.20115975e-02  6.64034337e-02  7.54592568e-02
 -8.72465223e-02 -2.60124151e-02  3.48748118e-02  1.74746069e-03
 -4.48352136e-02 -4.06356230e-02 -7.99179673e-02 -3.82356606e-02
 -6.38596565e-02 -6.70248643e-02  8.21055472e-02  5.99966608e-02
 -3.21729891e-02 -4.93054278e-02 -8.49596709e-02  9.59787145e-03]"
What is Schistosomiasis?,"Schistosomiasis, or Bilharzia, is a disease caused by parasitic worms of the genus Schistosoma. Infection can occur when people come into contact with contaminated fresh water in which certain types of snails that carry the parasites are living.","Schistosomiasis is a parasitic disease caused by Schistosoma worms, contracted through contact with contaminated fresh water.","What is Schistosomiasis? Schistosomiasis, or Bilharzia, is a disease caused by parasitic worms of the genus Schistosoma. Infection can occur when people come into contact with contaminated fresh water in which certain types of snails that carry the parasites are living.","[ 6.24793284e-02  4.87861186e-02  1.05010532e-02  3.10124867e-02
 -6.17605187e-02 -1.34485923e-02  3.93186584e-02  4.24636900e-02
 -5.69021143e-02  6.18136302e-02 -9.86624276e-04 -4.10129577e-02
  8.53103921e-02  1.39341587e-02 -1.61013350e-01  1.66676939e-02
 -1.65263209e-02 -4.23656441e-02 -1.72698852e-02  4.34734598e-02
  4.22545113e-02  3.00115254e-02 -3.93139385e-02 -1.36378892e-02
 -2.50554224e-03  1.02353403e-02  1.78428926e-02 -3.91276218e-02
 -3.36195779e-04  4.14882489e-02 -4.42932360e-02  6.23421706e-02
 -3.58597934e-02 -7.66296014e-02  5.83818704e-02 -1.90781355e-02
  3.31165865e-02  4.72399145e-02  8.18014294e-02  2.00287681e-02
  1.52548281e-02 -1.17132375e-02 -3.21623101e-03 -2.77864411e-02
 -1.34938449e-01 -1.56972911e-02 -5.95559441e-02  4.91641015e-02
  1.22581040e-02 -2.68678926e-03 -4.76405174e-02 -1.30266920e-01
  1.46724209e-02  3.86781245e-02 -3.32058556e-02 -1.09412782e-01
 -3.20475064e-02  4.13642451e-03 -1.49252787e-02 -9.90846232e-02
 -3.32835177e-03 -4.08189222e-02  6.82007000e-02 -7.50296935e-03
  2.05547381e-02 -2.37485543e-02 -5.25263557e-03  2.78922506e-02
  3.15664932e-02  5.10307550e-02  6.18242323e-02  3.64534324e-03
 -2.97652222e-02  7.01205805e-02  5.23441322e-02 -5.59954606e-02
  9.30690859e-03 -1.05120309e-01 -6.75020553e-03  3.53116617e-02
 -4.03701141e-02  2.32924819e-02 -4.04214067e-03 -4.81509827e-02
  1.33308759e-02  3.91060524e-02 -3.39556783e-02  3.52111273e-02
  1.59717314e-02  1.10871289e-02 -6.51890114e-02 -3.67129482e-02
  4.81514148e-02 -3.11596338e-02 -2.99748350e-02  3.49476654e-03
  3.01316101e-03 -9.50553175e-03  2.84538511e-02 -3.59047167e-02
  2.37090830e-02 -6.53976128e-02  3.20136524e-03  4.14867513e-02
  5.59415109e-02 -2.44968440e-02  2.20078081e-02 -5.47047928e-02
  7.03407638e-03 -8.29342157e-02 -6.60873670e-03  3.55455168e-02
  8.13315362e-02 -3.67926769e-02 -5.42697422e-02  5.13497777e-02
  5.09973280e-02 -5.26384935e-02 -2.37709023e-02 -2.15242170e-02
  7.08739087e-02 -1.91231575e-02 -6.56259730e-02 -6.37791976e-02
  3.62113379e-02 -1.47747446e-03 -8.30221623e-02  7.42169894e-34
 -1.66906770e-02 -3.34493537e-03  2.17398442e-02  5.63993938e-02
  5.68390712e-02  1.41133294e-02 -7.50123011e-03  3.56357060e-02
 -3.27919982e-02 -4.18173671e-02 -1.21845432e-01 -2.52076909e-02
  3.88053767e-02  1.98255177e-03 -7.31179304e-03  2.89793350e-02
 -3.31884958e-02 -1.22752422e-02  2.27128956e-02  7.88691267e-03
  8.73811916e-03 -1.02797206e-02  1.36448527e-02 -5.02780303e-02
 -3.78542133e-02  8.08406547e-02 -4.41622660e-02 -1.71567630e-02
  4.87701707e-02  2.51426380e-02  1.43617108e-01  7.20167980e-02
 -4.80533727e-02 -6.93776039e-03 -2.54855375e-03  7.65230954e-02
  6.40420169e-02  8.76813568e-03 -5.63295558e-02 -1.63863096e-02
 -6.44376352e-02 -4.74430509e-02 -1.51626570e-02  2.73126662e-02
  4.07233052e-02 -4.81117927e-02 -5.83263151e-02  2.73224292e-03
 -3.20273787e-02  2.71504652e-02  7.73003995e-02 -9.45137441e-03
  1.28963575e-01  7.27928355e-02  4.86527756e-02  6.28039334e-03
  4.13684994e-02 -6.49862215e-02 -4.64329086e-02  4.87026945e-02
  5.26642539e-02  4.82127108e-02 -5.39465733e-02  3.74874882e-02
  6.48280978e-02 -9.44828540e-02  6.63855970e-02 -2.55465247e-02
 -5.11073545e-02 -8.02639425e-02 -3.56305800e-02  2.38795411e-02
 -1.21670909e-01  7.79326782e-02 -2.99052242e-02 -6.52958974e-02
  1.47634069e-04 -3.30175348e-02 -3.73995975e-02 -8.86076409e-03
  1.15333423e-02 -3.29709873e-02  7.60811493e-02 -7.88213089e-02
 -5.84935024e-02  3.00517902e-02 -6.29969388e-02  2.23466549e-02
 -1.80033501e-02  2.90433392e-02  4.78648506e-02 -3.44931036e-02
 -6.86567202e-02  4.58711572e-02 -2.27658823e-02 -2.78007077e-33
 -2.33251024e-02 -4.87517528e-02 -1.38701275e-02 -2.81244777e-02
 -4.03012857e-02  3.07155997e-02  3.61525454e-02  8.67372081e-02
 -1.72653105e-02 -1.45292422e-03  9.82460380e-03 -3.05871619e-03
 -5.75963873e-04  4.64876555e-02  3.32505293e-02 -6.65809587e-03
  1.78512353e-02 -3.28199603e-02  4.15475890e-02 -1.05151698e-01
 -1.28118798e-01  9.98826623e-02 -4.37302329e-02 -3.34303193e-02
 -5.82405441e-02  1.72249544e-02  5.03735337e-03  4.17099707e-02
 -4.54099402e-02  3.16482969e-02  3.83651406e-02  3.40409577e-02
  4.07205597e-02  6.19792938e-03  4.73033227e-02  4.84208167e-02
 -3.53120007e-02  1.70845371e-02  2.47967821e-02 -9.00624990e-02
 -3.49236913e-02 -8.59663449e-03  5.83595112e-02  4.98047918e-02
  6.72401413e-02  7.30731562e-02 -7.26064742e-02  4.83474173e-02
 -1.46401196e-03 -2.94497632e-03  5.78066101e-04  2.38155294e-02
 -6.78185886e-03 -2.21574469e-03  4.76933047e-02 -3.19352373e-02
 -1.41524360e-01 -1.55957872e-02  4.54969443e-02 -5.77973314e-02
  3.18747573e-02  3.51193808e-02 -5.30660860e-02  5.29470667e-02
  6.59769624e-02  4.42414619e-02 -6.51412085e-02  3.48445550e-02
  6.59056306e-02 -2.57418808e-02  1.34487972e-02 -2.82671452e-02
 -1.14265867e-01 -2.58538052e-02 -2.64029838e-02 -2.21607592e-02
 -1.35064453e-01  9.19667929e-02  6.64559826e-02  9.13864933e-03
  5.17394021e-02 -2.12961435e-02  1.67087689e-01  5.16625568e-02
 -2.54686028e-02 -5.94924316e-02 -8.90595187e-03  5.13236970e-02
 -8.35520122e-03 -6.75887018e-02 -1.59045830e-02 -1.50607610e-02
 -5.33467717e-02  7.79715891e-04  4.50958572e-02 -3.37120909e-08
  7.50835687e-02 -2.68414840e-02 -5.10472171e-02 -3.06875426e-02
 -3.93259823e-02 -5.30947000e-02 -8.28205049e-02  5.10154068e-02
  9.67220366e-02  1.60146353e-03 -1.39772132e-01 -4.77109700e-02
  3.17692198e-02 -3.87843736e-02 -4.07292414e-03  2.74745822e-02
 -1.75443515e-02  4.34130505e-02 -2.13989969e-02 -4.71816100e-02
 -6.66042939e-02 -3.63874696e-02  4.37259953e-03  3.30318287e-02
  1.43907033e-02 -5.13025559e-02  5.42967469e-02 -1.25437565e-02
  4.45962884e-02 -5.63169345e-02 -6.54433146e-02 -2.25628819e-02
  1.91162340e-02  3.86551134e-02 -5.04568070e-02  6.29741848e-02
 -8.00676197e-02 -3.06182429e-02  1.09794967e-01 -7.58067667e-02
  6.30254596e-02  4.77384636e-03  5.41814007e-02 -4.23927978e-02
 -5.31886220e-02  8.34293664e-03  1.80493854e-02  3.87678556e-02
  6.54926300e-02 -7.78216049e-02 -4.60640751e-02  1.01198675e-02
  8.24994296e-02  6.33863360e-02 -8.27097595e-02  1.84710964e-03
  5.50435111e-02  4.07515280e-02 -1.19630375e-03 -6.94242259e-03
  3.77561525e-02  1.03238083e-01  1.49913540e-03  1.16478942e-01]"
How is Schistosomiasis transmitted?,"Transmission occurs when people suffering from schistosomiasis contaminate freshwater sources with their excretions containing parasite eggs, which hatch in water. People can then become infected when they use contaminated water for swimming, bathing, fishing, or agriculture.",Schistosomiasis spreads when infected individuals contaminate water with eggs that hatch and infect others who come into contact with that water.,"How is Schistosomiasis transmitted? Transmission occurs when people suffering from schistosomiasis contaminate freshwater sources with their excretions containing parasite eggs, which hatch in water. People can then become infected when they use contaminated water for swimming, bathing, fishing, or agriculture.","[ 5.53671531e-02  1.29278516e-02  1.82885502e-03 -1.08582098e-02
  3.34323309e-02  3.56095470e-02  7.13332742e-02  2.81620901e-02
 -6.54741079e-02  3.39886770e-02  1.87594723e-02 -3.00412085e-02
  8.87803510e-02  5.01223877e-02 -1.38452202e-01 -9.63586476e-03
 -2.14629564e-02 -1.38421264e-02 -1.56905167e-02 -1.09618958e-02
  6.50001913e-02  1.86312534e-02 -5.08471616e-02 -4.73808981e-02
 -1.20142894e-02 -2.49787317e-05  1.35781886e-02 -4.22694534e-02
  3.64962891e-02  3.22727114e-02 -9.67516080e-02  2.22834907e-02
 -1.10218637e-01 -6.09245375e-02 -5.99213652e-02  1.94812100e-02
  4.45315801e-02  1.23180251e-03  9.06382129e-02  5.80464490e-03
  7.42414519e-02 -5.41533753e-02 -1.29657583e-02 -2.04965807e-02
 -1.12520568e-01 -1.96297678e-05 -1.52444998e-02  3.28572243e-02
 -5.11298142e-02 -4.27144654e-02 -3.29446010e-02 -6.62560090e-02
  2.40454059e-02  1.29176259e-01 -5.25525957e-02 -3.99782248e-02
 -6.13849722e-02 -3.44098359e-02  5.61949424e-03 -5.77484742e-02
 -2.08688509e-02  4.90144268e-03  2.23864317e-02 -1.88985262e-02
  6.90666437e-02 -4.02917117e-02 -3.46971601e-02  9.54682902e-02
  4.20344733e-02 -4.50411579e-04  4.06931564e-02 -1.66320475e-03
 -4.85496223e-02  5.02363071e-02  6.21593073e-02 -5.18000424e-02
  2.84139300e-03 -1.83288828e-02 -3.22876424e-02  5.44802956e-02
 -3.35432030e-02 -3.95374596e-02  6.43934980e-02 -6.10636501e-03
  1.51267489e-02  6.89331442e-02 -6.40532747e-03  3.52801047e-02
 -2.29357556e-02  3.68576795e-02 -3.78741734e-02 -2.38377554e-03
  2.66499240e-02 -5.89535236e-02 -3.95117812e-02  1.80622321e-02
 -1.28097339e-02 -4.73069139e-02  6.40410632e-02 -1.78186726e-02
 -3.04746702e-02 -6.61366880e-02 -5.64760640e-02 -2.31767837e-02
  4.11078110e-02 -3.29706110e-02 -3.31193730e-02 -2.74414588e-02
 -2.22788304e-02  1.05518047e-02  9.09382477e-03  1.17248446e-02
  6.31922334e-02 -9.61442385e-03 -1.98104810e-02  6.01396039e-02
 -4.83079702e-02 -1.88771207e-02  4.17320384e-03  1.32120484e-02
  7.13636875e-02 -2.39317976e-02 -5.61622493e-02 -2.31487248e-02
  8.05743858e-02 -4.70016077e-02 -3.83780408e-03  7.50051400e-34
 -3.51818353e-02 -4.77867434e-03  4.79377657e-02  7.50155225e-02
  2.33258307e-02  5.13938926e-02  1.31710544e-02  4.44709137e-02
  5.21873534e-02 -2.14388408e-02 -1.64083749e-01 -6.99851010e-03
 -3.53958132e-03  4.86230627e-02 -1.63086038e-02  2.00127438e-02
 -1.89638343e-02 -5.42753413e-02 -1.30286226e-02  5.99200167e-02
  5.85633107e-02 -3.25488150e-02 -3.22230048e-02 -5.28828986e-02
  7.40326522e-03  9.52915940e-03 -1.18583865e-01 -7.10627902e-03
  5.16196638e-02  3.02059427e-02  7.20620528e-02  2.69786995e-02
 -2.21591182e-02 -2.13081520e-02  2.44402327e-02  9.06861499e-02
  5.94967715e-02 -1.36109618e-02 -1.67896170e-02 -1.72193013e-02
 -4.02510120e-03 -7.93092176e-02 -1.29776634e-02  3.00487559e-02
  4.60686646e-02 -4.20391224e-02 -2.15266012e-02 -4.59419973e-02
 -1.74962240e-03 -1.47144524e-02  9.16137248e-02 -8.46337527e-02
  6.40011281e-02 -1.90737247e-02  1.01801287e-02  1.24261761e-02
  1.90610178e-02 -6.65083826e-02 -6.38392121e-02  9.50239226e-02
 -1.72587857e-02  2.14841086e-02  2.61011650e-03 -2.68091243e-02
  1.02311507e-01 -5.63814305e-02  4.44095396e-02 -7.85992593e-02
 -4.64785993e-02 -4.91797887e-02 -9.53171030e-02  2.38504428e-02
 -1.34289160e-01  2.04104073e-02 -2.98728235e-02 -6.24533929e-02
 -2.71847602e-02  8.99708248e-04  3.12118717e-02  7.01162517e-02
 -1.26944445e-02 -5.39308004e-02  3.06441505e-02 -6.25917874e-03
 -2.52372641e-02  2.97973026e-02  9.93190333e-03  1.33616496e-02
  1.84170082e-02  8.46536160e-02  1.08491369e-01 -2.49514151e-02
 -2.65912414e-02 -1.62884220e-02  4.94756475e-02 -3.65080554e-33
 -2.09793616e-02  1.58217142e-03 -4.96981069e-02 -2.22345768e-03
 -5.87042123e-02  5.85957505e-02  8.17576349e-02  1.07479692e-01
 -1.58749223e-02  3.03064138e-02 -4.28749248e-03  3.32397409e-02
 -1.50400847e-02  3.99306193e-02 -1.56719871e-02  1.35208888e-03
  4.72299680e-02  1.49188265e-02  1.84988827e-02 -1.10829040e-01
 -1.00862965e-01  4.31485251e-02  2.38293558e-02 -3.38938087e-02
 -3.31399813e-02 -3.99772935e-02  1.83826257e-02  1.00950487e-01
 -5.17128669e-02  3.52343284e-02 -2.82108551e-03  2.77480707e-02
  2.96730679e-02 -1.00997742e-02  1.58542395e-02  5.37484922e-02
  4.47112098e-02  1.26160902e-03  7.10870549e-02 -2.82897726e-02
 -1.86951589e-02  1.16995573e-02  6.42168298e-02  3.86111736e-02
 -1.64206028e-02  1.14414506e-01 -6.47087395e-02  1.98669638e-02
  2.95971404e-03  1.98924188e-02  4.65619266e-02  2.83584036e-02
 -2.18784045e-02 -5.01841530e-02  2.92818118e-02 -5.65033257e-02
 -6.25618100e-02 -7.65465721e-02  1.49431340e-02 -1.37768323e-02
  7.05038570e-03  9.61394608e-03 -1.11669265e-01  1.74509976e-02
  6.81376904e-02 -1.26377353e-02 -3.19683887e-02  2.67598201e-02
  1.46435145e-02 -2.92452239e-02 -4.62053791e-02 -6.20762184e-02
 -1.62460618e-02 -7.76465312e-02 -1.40587157e-02 -5.96890748e-02
 -1.02397837e-01  1.04439080e-01  5.61116785e-02 -3.34939174e-02
  6.76988289e-02  2.67996304e-02  1.05431840e-01 -2.03263890e-02
  2.00250447e-02 -2.59798374e-02  5.24945147e-02 -2.90830266e-02
 -7.80642824e-03 -6.10527359e-02 -6.91196695e-02 -2.02378258e-03
 -4.07220088e-02 -1.20865107e-02  3.88477482e-02 -3.30376047e-08
  5.91513999e-02 -4.04465199e-02 -7.55867129e-03 -1.37358494e-02
  3.41781229e-03  5.33259399e-02 -8.48989412e-02  3.79996821e-02
  8.86885971e-02 -2.89298762e-02 -1.81576788e-01 -3.88934277e-02
  6.82513937e-02 -2.20163427e-02  6.23915792e-02  5.78859448e-02
 -2.28384249e-02 -5.02765030e-02 -5.00776395e-02 -9.70403180e-02
 -4.56273369e-02 -7.37327561e-02 -8.37667193e-03  9.81694683e-02
  6.52642548e-02  2.16269717e-02  8.95871818e-02 -1.07218381e-02
  6.41601831e-02 -3.77044342e-02 -6.70552105e-02 -9.00162235e-02
 -3.23460288e-02  1.20859273e-01 -6.43926710e-02  7.02851638e-02
 -6.00548722e-02 -4.87675108e-02  9.20384824e-02 -7.59403855e-02
  6.31394163e-02  3.69596183e-02 -1.34275751e-02 -3.17661017e-02
 -1.70032512e-02  4.57130633e-02  2.48378515e-02  5.08546457e-02
 -2.40630452e-02 -2.90960688e-02 -1.15568722e-02 -2.97369380e-02
  7.98347443e-02  2.07244586e-02 -8.36071894e-02 -8.20126832e-02
  2.38679275e-02 -2.07346324e-02  2.76974365e-02 -2.61248345e-03
 -1.00644520e-02  1.43331677e-01  2.29763566e-03  7.03473613e-02]"
What are the symptoms of Schistosomiasis?,"Symptoms can include abdominal pain, diarrhea, bloody stool, or blood in the urine. Chronic infection can lead to liver damage, kidney failure, infertility, or bladder cancer. In children, it may cause poor growth and learning difficulty.",Symptoms range from abdominal pain and bloody stool to severe complications like liver damage and bladder cancer with chronic infections.,"What are the symptoms of Schistosomiasis? Symptoms can include abdominal pain, diarrhea, bloody stool, or blood in the urine. Chronic infection can lead to liver damage, kidney failure, infertility, or bladder cancer. In children, it may cause poor growth and learning difficulty.","[ 1.21293455e-01 -1.56420339e-02  6.16854616e-02  5.44550344e-02
  1.29072051e-02  3.23398598e-02  1.26215704e-02  6.27651513e-02
 -9.46719274e-02  3.62571813e-02 -5.25581203e-02 -5.49695594e-03
  5.44051118e-02  7.09038451e-02 -1.23165444e-01 -4.82448898e-02
 -1.05069576e-05 -2.63809767e-02  2.05821395e-02 -2.24865377e-02
  6.89547434e-02 -6.95984950e-03 -2.95057166e-02  2.32696496e-02
  5.67127429e-02  2.60959081e-02  2.79781260e-02 -7.43121200e-04
 -7.73054063e-02  1.63778465e-03 -8.89036506e-02  1.75159369e-02
 -6.38915226e-02 -7.31647611e-02  7.71615431e-02 -1.42642446e-02
  5.60307801e-02  4.69434634e-02  4.26880457e-02 -6.05595894e-02
  2.55017504e-02  1.55191375e-02 -4.01238725e-02 -7.18217343e-02
 -7.34159425e-02 -7.59959817e-02 -4.37101014e-02 -2.72849537e-02
 -1.33662960e-02  3.28846686e-02 -1.57083366e-02 -1.40099287e-01
  8.42745826e-02  1.96019001e-02 -1.73996650e-02 -5.94918653e-02
 -6.16600960e-02 -4.88801971e-02  1.16965333e-02 -1.02182806e-01
 -3.94946970e-02 -3.48098576e-02  3.18949372e-02 -6.24985760e-03
  6.73273355e-02  3.11945863e-02  5.19515872e-02 -1.64558422e-02
  4.12716605e-02  7.29158670e-02  2.21030060e-02 -2.49771159e-02
 -3.07196490e-02  1.29691986e-02  1.73590507e-03 -5.51293567e-02
  3.94481886e-03 -6.95398152e-02 -4.47619557e-02  4.78636697e-02
 -3.89098115e-02  5.48815951e-02 -6.68842066e-03 -3.12627554e-02
 -7.81325717e-03  6.22207895e-02 -1.00531913e-02  4.42195050e-02
 -4.41698357e-02  4.00110334e-02  1.29823126e-02 -4.50737216e-02
  4.73340340e-02 -2.47719400e-02  1.87928360e-02  1.67825911e-02
 -4.02649939e-02 -6.76614195e-02 -2.84748133e-02 -7.85070881e-02
  3.52573693e-02 -3.01826205e-02  3.13165449e-02  1.11755095e-02
  9.49442908e-02  6.49586022e-02  1.28956893e-02 -7.20514357e-02
 -9.81204328e-04 -3.28184441e-02  7.11951731e-03  5.56967892e-02
  6.37546256e-02 -4.15764842e-03 -4.46538851e-02  8.50174204e-03
 -1.52528328e-05 -2.70136092e-02 -7.35516027e-02 -2.33324990e-03
  6.08001510e-03 -3.71324345e-02 -1.57066137e-02 -2.37530228e-02
  5.92896268e-02 -3.72570194e-02 -1.00438647e-01 -7.39377498e-34
  1.43241249e-02  1.04743056e-02  4.18387391e-02  4.09337208e-02
  4.56922054e-02  6.24871552e-02  4.82391641e-02  9.79210138e-02
  1.59190930e-02 -1.01951808e-02 -1.08462170e-01 -2.25392127e-04
  3.87132242e-02 -4.70086373e-03 -5.89866042e-02  2.06703711e-02
 -2.58478764e-02 -2.13568378e-02  5.11284964e-03  6.41859770e-02
 -7.19277514e-03 -5.73419742e-02 -4.12545800e-02  3.18193100e-02
  7.90747534e-03  3.12674269e-02 -9.79451165e-02  8.21573511e-02
 -1.32806087e-02  2.98942756e-02  6.30087927e-02  1.67904105e-02
 -5.71909361e-02 -2.15971787e-02 -5.65031078e-03  5.27201854e-02
  4.05957773e-02  5.92716932e-02 -2.69249082e-02 -2.06009895e-02
 -1.15849702e-02 -3.76151465e-02 -3.77320908e-02  8.72305557e-02
  1.21810064e-02 -4.07725461e-02 -3.54753435e-02 -1.94159523e-02
  4.58157901e-03  1.50076225e-02  4.66559641e-02 -1.77020337e-02
  1.14213899e-01 -1.09828962e-02  5.42790219e-02  4.06116284e-02
  6.71140403e-02 -9.73656103e-02 -5.11943810e-02  1.19003234e-02
  4.41684984e-02 -8.22443794e-03 -5.32416813e-02 -2.13161707e-02
 -1.83069576e-02 -3.91099975e-02  3.58172171e-02 -5.57664707e-02
 -3.15186866e-02 -5.80762289e-02 -8.74349698e-02  1.15645425e-02
 -5.63576818e-02  4.67828065e-02 -4.58739810e-02 -1.48876123e-02
 -5.20816147e-02 -4.86583747e-02 -5.15934490e-02  5.29912338e-02
  5.26228286e-02 -8.23980197e-02  3.07948571e-02 -2.10047904e-02
  4.91292365e-02 -2.47936156e-02 -2.54478715e-02  3.74425575e-02
  8.17957148e-03  1.44732725e-02  1.13222115e-01 -6.86349943e-02
 -7.02936500e-02  1.22568412e-02  1.28173800e-02 -1.58985648e-33
 -3.06075048e-02  4.18668129e-02  5.59102781e-02 -6.66906592e-03
 -1.22279242e-01  4.43362407e-02  1.63994357e-02  1.12249918e-01
 -1.25930803e-02 -5.64815290e-02  3.05865761e-02  8.44653845e-02
 -1.00407660e-01  1.52544072e-02 -3.27604562e-02  6.58971593e-02
  1.07878726e-02 -1.74636226e-02  1.13635689e-01 -9.34789628e-02
 -9.06844214e-02  3.26558799e-02 -6.12434670e-02 -2.89267711e-02
  1.71957351e-02  6.84812991e-03  4.63109910e-02 -2.46002451e-02
  5.32820588e-03  1.46515770e-02  1.44349158e-01  3.81788053e-02
  4.10468914e-02  3.49402800e-02  5.38688675e-02 -1.09863980e-02
 -3.37599814e-02  8.60281009e-03  7.39245713e-02 -1.56922229e-02
 -2.55911089e-02  1.71586685e-02  5.62031306e-02  5.65162413e-02
  5.20808324e-02  3.48181389e-02 -6.63885400e-02 -2.81288661e-03
  9.83932801e-03  5.70532493e-02  3.13046873e-02  3.61902267e-02
  4.38936491e-04  2.65589841e-02  8.93506110e-02 -7.67053366e-02
 -1.25053629e-01 -7.24125132e-02  3.84377316e-03 -2.92666014e-02
 -2.22635381e-02  8.20645969e-03 -3.80826928e-02  1.92023497e-02
 -2.16048164e-03 -4.88833291e-03 -7.96913430e-02  2.09182557e-02
  2.91050281e-02 -5.66256372e-03 -4.91727404e-02 -1.34322211e-01
 -7.24176466e-02 -2.60333829e-02 -4.21818979e-02 -9.14099999e-03
 -9.53006372e-02  1.34514585e-01  6.17250428e-02  6.22310769e-03
  7.97364786e-02  1.03561021e-03  1.43284470e-01 -1.64406933e-02
 -3.08894366e-02 -2.34521832e-03 -8.13953113e-03  6.31857812e-02
 -2.67765224e-02 -4.65371832e-02  2.83551216e-02  3.84126827e-02
 -2.38443762e-02  2.08767392e-02  7.30178431e-02 -3.12682218e-08
 -2.34454460e-02 -4.25285175e-02  1.56567264e-02 -1.52558247e-02
 -2.44842973e-02 -3.84240970e-03 -4.96378690e-02  2.47398652e-02
  3.20765115e-02  1.72444936e-02 -1.44368395e-01 -1.38217658e-02
 -4.65934575e-02 -9.03305039e-03 -2.15295609e-02  9.34594646e-02
 -2.53491178e-02  2.93238852e-02  1.56870447e-02  3.01378909e-02
 -4.89815436e-02  1.74241867e-02 -3.34958136e-02  7.17039183e-02
  5.83276935e-02 -1.36194797e-02  2.84642610e-03  1.82094926e-03
 -3.92872952e-02  2.90614041e-03 -3.70001979e-02 -8.03692266e-02
  2.46952735e-02  7.23625720e-02 -7.84407333e-02 -2.65960814e-03
 -8.78221542e-02 -3.01580634e-02  1.02662548e-01 -4.32401672e-02
  9.52999964e-02  1.80900041e-02  2.15000915e-03 -4.86845262e-02
 -5.01308031e-02 -3.78604606e-02  1.36416135e-02  4.30031270e-02
  1.65262762e-02 -3.88498977e-02 -3.97195071e-02  5.59654199e-02
  1.32523486e-02  3.44725996e-02 -3.32527831e-02  1.32869114e-03
  6.16948567e-02  6.77123815e-02  7.16852490e-03 -2.57903058e-02
  6.21249601e-02  6.30991384e-02 -1.23511508e-01  6.40716553e-02]"
Is there a cure for Schistosomiasis?,"Schistosomiasis is treatable with a class of drugs known as anthelmintics, the most common being praziquantel.","Schistosomiasis is treatable with anthelmintic drugs, primarily praziquantel.","Is there a cure for Schistosomiasis? Schistosomiasis is treatable with a class of drugs known as anthelmintics, the most common being praziquantel.","[ 2.97003482e-02  5.37990034e-03  2.07649986e-03  4.76033390e-02
 -5.40331602e-02  2.32277382e-02 -7.95706362e-03  6.54415637e-02
 -8.89067575e-02  1.79279465e-02 -1.90225765e-02  7.93806762e-02
  4.23401892e-02  7.97152668e-02 -5.16605563e-02  2.50308383e-02
 -3.03018745e-02  4.17393185e-02  5.73355798e-03  2.25657970e-02
 -6.94414750e-02  2.89575867e-02  4.39004414e-02  3.91083770e-03
 -9.86298099e-02 -6.19168533e-03 -4.46538255e-02 -5.79775237e-02
 -5.18366732e-02 -1.78035386e-02 -2.43411101e-02  7.26825222e-02
 -2.24699322e-02 -9.56085622e-02  2.69512106e-02  3.75959394e-03
 -7.46942461e-02  4.73284647e-02  4.18233080e-03  1.42974611e-02
  3.42658758e-02  2.06212979e-02 -7.89202154e-02 -3.12478933e-02
 -1.53316975e-01 -8.87929425e-02 -3.50101627e-02  1.88981071e-02
  1.31057976e-02 -2.52003577e-02 -2.91147232e-02 -9.35609117e-02
  4.90557514e-02  7.05206543e-02 -1.89246107e-02 -3.27113271e-02
 -5.24389409e-02  4.41903658e-02 -5.60987592e-02 -3.65722342e-03
 -5.10506704e-02  2.98722703e-02 -9.28873103e-03 -4.20706347e-02
 -3.24263014e-02  8.42225850e-02  1.88107863e-02  1.92941297e-02
  5.68158999e-02  7.95708224e-02  3.50327790e-02 -8.90353974e-03
  5.30071929e-02  7.90280625e-02  2.54617687e-02  3.09793912e-02
  4.80614137e-03 -8.86020213e-02 -2.32842695e-02  9.06315297e-02
 -8.35545063e-02 -3.13477665e-02  4.89092758e-03 -3.64396237e-02
  8.51041302e-02  3.99291217e-02 -1.10505410e-02  4.74861413e-02
  1.13952952e-02 -3.66188250e-02 -8.82466231e-03 -2.09643561e-02
 -5.15599456e-03 -3.84347998e-02 -5.73343821e-02 -7.18234060e-03
 -3.52256261e-02 -3.45197059e-02 -2.71689538e-02 -4.81361598e-02
 -9.53923911e-03 -8.01956803e-02 -1.16380500e-02 -9.08467993e-02
  5.26750199e-02  2.41052210e-02 -1.02769192e-02 -7.22815190e-03
 -6.67628367e-03 -1.03282347e-01 -6.56081438e-02  7.41713960e-03
  5.91900013e-02  2.40699966e-02 -4.54547144e-02  6.58931769e-03
  2.21716743e-02 -4.55660373e-02  8.10927770e-04 -2.68713105e-02
  1.17474101e-01  2.12515108e-02  3.04238070e-02 -8.24509859e-02
  1.10398583e-01 -2.70887725e-02 -1.65150389e-02  4.05681798e-33
 -9.03354660e-02  9.75389406e-02  2.85820961e-02  1.99634787e-02
  2.00871341e-02  5.40974922e-02 -3.45393899e-03  4.80432846e-02
  5.98711781e-02 -9.57904663e-03 -8.38430673e-02 -9.09192895e-05
  2.67965794e-02  2.80183405e-02 -9.17631611e-02 -8.52613077e-02
  3.30503620e-02 -1.85165871e-02  2.89457124e-02 -2.22287532e-02
  2.49608643e-02  3.97210531e-02 -3.49397212e-02 -6.49504662e-02
  7.84078613e-03  9.72621962e-02  2.37177070e-02  4.44226712e-02
  1.02957897e-01  1.88452695e-02  8.58273953e-02  7.46402964e-02
 -7.24803880e-02 -2.84823142e-02 -5.76074161e-02  4.27722335e-02
 -2.42952369e-02  9.09299869e-03 -2.10046414e-02  1.22790905e-02
 -4.82031740e-02 -1.03543587e-02 -2.28827484e-02  6.26039132e-02
  7.28035718e-02 -1.47077451e-02 -8.27675238e-02  3.38860154e-02
  5.02011739e-03 -2.54702736e-02  8.27116445e-02 -4.26827595e-02
  6.59293607e-02 -1.89289693e-02  1.19885895e-02  6.94313692e-03
  3.89283299e-02  9.88916773e-03  6.35249773e-03  3.22620645e-02
  7.45686069e-02 -7.31782466e-02 -3.26775722e-02 -2.07786039e-02
  1.40531156e-02 -1.73444599e-02  4.00518328e-02 -8.11685547e-02
 -1.11556694e-01 -3.35114561e-02 -3.61179654e-03  5.32380529e-02
 -8.00017864e-02  1.64220527e-01 -5.31405862e-03 -8.08428973e-02
  2.36953702e-02  8.18297733e-03  1.62945185e-02  2.52389461e-02
 -1.37224989e-02 -5.94331920e-02  1.77460592e-02  6.37806356e-02
 -6.42054062e-03 -1.27808638e-02 -7.48911798e-02  1.17879599e-01
  3.36804893e-03  2.69929226e-02  3.51261795e-02 -9.60716158e-02
 -3.37311551e-02  1.59465019e-02  6.62191398e-03 -5.50386034e-33
 -6.95308670e-03 -1.18478741e-02 -7.15137739e-03  5.11966050e-02
 -1.88121516e-02  7.17267767e-02  4.15476449e-02  4.73596528e-02
 -1.83440112e-02 -3.38569395e-02  1.44709796e-02  1.26660476e-02
 -1.78663507e-02  1.04297092e-02 -4.41986099e-02  5.68826199e-02
 -3.69793661e-02 -4.75573912e-02  8.19271430e-03  5.61277382e-03
 -1.46951064e-01  1.21916439e-02 -2.23921668e-02 -3.88252400e-02
  5.33979908e-02 -4.53950465e-03  4.92275245e-02  5.36763631e-02
 -7.19098421e-03  3.61588486e-02  2.75182724e-03 -1.69076305e-02
 -3.31025347e-02 -1.13899142e-01 -3.04835779e-03  5.71826845e-02
  2.50773020e-02 -5.45145310e-02  6.40900061e-03 -4.87636440e-02
 -5.82074979e-03 -1.08885032e-03  2.37862114e-02  1.12089828e-01
  7.27024600e-02  5.63669801e-02 -1.02087244e-01 -9.82034672e-03
  7.81222060e-03  3.32797952e-02 -6.04783148e-02  2.88707763e-02
  2.95189526e-02 -7.33487830e-02  8.68392661e-02 -5.28566204e-02
 -1.63458481e-01 -1.05423965e-01  2.84039490e-02 -6.27073124e-02
 -3.88207808e-02 -1.14760846e-02  1.27071291e-02  4.84863371e-02
  1.65173169e-02  2.17163190e-02 -1.52179296e-03  5.45536391e-02
 -6.23309927e-04 -2.46192180e-02  4.50270437e-02  4.16697934e-03
 -1.24577433e-01 -1.73530318e-02 -6.18310906e-02  5.16790189e-02
 -2.71228608e-02  4.56203520e-02  7.59888589e-02 -1.73533447e-02
  1.41925767e-01 -4.66315299e-02  1.08506279e-02 -3.74944098e-02
  2.63395417e-03  5.33145517e-02  2.19895151e-02  6.07359000e-02
 -1.54295219e-02 -1.17254043e-02 -4.08731960e-02 -2.81393975e-02
  3.96995395e-02  4.28761803e-02  2.84673832e-02 -3.33483570e-08
  8.50940272e-02 -4.83969750e-04 -3.51951458e-02  7.46529258e-04
 -5.14713675e-03 -2.31032390e-02 -1.27029285e-01  7.00102597e-02
 -2.77322605e-02  4.80818041e-02 -1.28090993e-01  4.03663591e-02
  1.64733902e-02  2.02989597e-02 -5.97198159e-02  2.87971906e-02
  1.07461065e-02  8.11566785e-02 -2.41749734e-02  1.60666602e-03
 -8.69736746e-02  2.20143031e-02 -3.42544429e-02  1.10836271e-02
  7.87651539e-02  2.36026142e-04  5.41181862e-02 -6.39500320e-02
  1.66746881e-02 -5.56513034e-02 -5.72683960e-02 -6.17147870e-02
  2.90782657e-02  1.00406045e-02  3.03793885e-02  2.45828070e-02
 -2.45253872e-02 -1.71143021e-02  8.64309371e-02 -6.91624731e-02
  5.43080419e-02  1.57473814e-02  3.91465984e-02 -5.45233814e-03
 -2.13360880e-02 -4.05683629e-02 -7.97864143e-03 -2.17362493e-02
  1.74424294e-02 -6.26802891e-02  1.71375442e-02  4.95684631e-02
 -6.19584974e-03 -4.48868237e-02 -7.26164132e-02  2.74439063e-02
  3.44351009e-02 -2.33625080e-02 -4.27002497e-02 -1.93936210e-02
 -2.43782587e-02  1.95550993e-02 -7.08546722e-03  1.11579277e-01]"
How can Schistosomiasis be prevented?,"Preventive measures include avoiding swimming or bathing in contaminated waters, drinking safe water, and snail control in bodies of water. Mass treatment of at-risk populations with praziquantel also helps reduce disease burden.","Prevention involves avoiding contact with contaminated water, ensuring safe drinking water, snail control, and mass drug administration.","How can Schistosomiasis be prevented? Preventive measures include avoiding swimming or bathing in contaminated waters, drinking safe water, and snail control in bodies of water. Mass treatment of at-risk populations with praziquantel also helps reduce disease burden.","[ 6.92507774e-02  9.52695757e-02  9.46811680e-03  1.98945869e-02
  3.89349014e-02  7.99201205e-02  6.01902092e-03  3.27707417e-02
 -1.07618906e-01  4.44103330e-02  2.93938629e-03  2.88067646e-02
  6.48716241e-02  4.99231517e-02 -1.28475100e-01  2.77946349e-02
 -1.67099182e-02  5.74287996e-02 -5.39142452e-03 -3.56200617e-03
  3.47227827e-02 -2.04811525e-02  2.74338536e-02  4.77186777e-03
 -9.85906571e-02 -5.57822958e-02 -2.47001629e-02 -2.05971743e-03
 -7.30562909e-03 -1.59626249e-02 -3.21842381e-03  7.40637910e-03
 -7.93239325e-02 -1.17556408e-01 -1.30785052e-02  2.35806331e-02
 -1.79891512e-02  1.89768076e-02  3.12586986e-02 -2.14416366e-02
  6.68173935e-03 -1.84815545e-02 -1.16991684e-01 -5.30755334e-02
 -1.25015408e-01 -5.78145832e-02 -2.66110729e-02  2.78430190e-02
 -4.13681120e-02 -3.22286785e-02 -3.27210762e-02 -6.50981516e-02
  3.20791416e-02  2.55562123e-02 -2.63363607e-02 -6.54809922e-02
 -6.14509061e-02 -2.81916503e-02 -3.67533267e-02 -8.62707123e-02
 -1.74127836e-02 -5.76378293e-02 -3.15622836e-02 -4.68862876e-02
 -3.70213650e-02  4.12213691e-02 -2.58154422e-02  3.37368250e-02
  8.65573287e-02  1.08250126e-01  5.59473149e-02  1.32950656e-02
  2.77667716e-02  6.78419396e-02  5.07749952e-02 -3.69438753e-02
 -3.91414994e-03 -1.10655151e-01 -1.50677534e-02  6.38094619e-02
 -5.57601079e-02 -3.49221714e-02  9.94380340e-02  3.62187065e-03
  3.85278501e-02  9.05675292e-02 -2.42569055e-02 -1.97242736e-03
  2.04461962e-02  1.75703336e-02 -1.32358503e-02 -4.12480682e-02
  4.82374169e-02 -1.63718723e-02  7.77597539e-03  1.45289907e-02
 -4.52146418e-02 -4.77958620e-02  1.76863819e-02 -5.24460487e-02
  8.28451887e-02 -9.82397944e-02  1.36196129e-02 -3.30560133e-02
  8.52500722e-02 -3.46498303e-02  3.91547903e-02 -5.44054694e-02
 -2.14295625e-03 -3.93772423e-02 -1.99283678e-02  6.32557422e-02
  4.26463485e-02  6.70500845e-02 -6.09929934e-02  3.08715217e-02
  2.69995667e-02  2.70663132e-03 -6.61360464e-05 -5.72404601e-02
  1.03521980e-01  1.24464445e-02  1.56967416e-02 -6.82824925e-02
  9.99113247e-02 -4.90467772e-02 -3.30899246e-02  2.80852214e-33
 -3.50425914e-02  1.31053925e-02  4.28113416e-02  1.16560347e-02
 -3.58551810e-03  3.76364775e-02 -2.99566742e-02  5.68559812e-03
  6.33073673e-02  2.00824477e-02 -1.22794956e-01 -5.95160648e-02
  1.78100970e-02 -1.04718860e-02 -3.83467786e-02 -7.24230334e-02
  3.43476073e-03 -4.25515771e-02  2.61301696e-02  1.49608105e-02
  4.97104377e-02 -1.21435568e-01 -4.86839898e-02 -2.90545896e-02
  2.12021712e-02  6.09087832e-02 -5.56648895e-03  4.72354442e-02
  8.15765709e-02  4.76214923e-02  8.08893144e-02  7.30598196e-02
 -7.46325776e-02 -1.66587066e-02  4.27082404e-02  3.31222564e-02
 -2.38038376e-02  1.75241649e-03 -2.13898774e-02 -4.04421147e-03
 -4.01289463e-02 -2.08769143e-02  2.01021954e-02  6.84496388e-02
  8.07482451e-02 -1.46206077e-02 -8.23380798e-02  5.58951907e-02
 -2.41173692e-02 -3.63743119e-02  8.41782317e-02 -3.14059407e-02
  6.96377754e-02  5.04944138e-02  1.79463923e-02 -5.64239994e-02
  8.87920987e-03 -5.44899665e-02 -2.80906335e-02  4.12837602e-02
  5.03818691e-02 -4.18970585e-02 -3.06246988e-03  1.43341916e-02
  3.76896597e-02 -2.98503265e-02  4.49345112e-02 -5.58305047e-02
 -9.51140895e-02 -7.94579908e-02 -8.44995230e-02  2.88604274e-02
 -7.55612925e-02  5.05781807e-02 -8.70013461e-02 -8.07987750e-02
  1.32116769e-02  1.26565583e-02  1.44477375e-02  6.57455176e-02
  2.32275482e-02 -9.25837457e-03 -2.87705958e-02  2.74149757e-02
  1.68728586e-02 -2.21761242e-02 -3.78459431e-02  8.50366578e-02
  4.12534624e-02 -3.63521418e-03  7.26971030e-02 -8.35371539e-02
 -3.35426256e-02  2.22031176e-02 -2.21326984e-02 -3.33193874e-33
 -2.64831651e-02  2.93956697e-02  4.79835309e-02 -1.72034148e-02
 -2.90636662e-02  3.49200070e-02  3.31165716e-02  3.18358094e-02
  3.05206142e-02 -7.36586303e-02 -3.21135484e-02  2.62235478e-02
 -1.07418671e-02  3.10828034e-02 -1.67288650e-02  3.71230654e-02
 -1.01291509e-02 -3.71989347e-02 -2.23018285e-02 -6.01589791e-02
 -1.23678789e-01  1.11057209e-02  2.44016550e-03  2.20504589e-02
 -2.17155833e-02  1.21229673e-02 -1.45634934e-02  3.87801193e-02
  4.08307426e-02  3.48859504e-02 -1.01131536e-02  1.72372293e-02
  4.77290750e-02 -5.76368235e-02  7.55519606e-03 -4.88622626e-03
 -1.23021165e-02  2.24316176e-02  7.14106262e-02  2.17706542e-02
  5.75929582e-02 -3.12227894e-05  1.55358734e-02  4.09842432e-02
  6.70349970e-02  1.32255197e-01 -6.75175861e-02 -6.36085346e-02
 -4.07481156e-02 -1.25973262e-02 -9.97693185e-03  3.56115326e-02
  1.52632063e-02 -4.61165607e-02  7.65744671e-02 -1.17954858e-01
 -7.84982741e-02 -1.00940771e-01  1.89522374e-02 -3.32696885e-02
 -3.77709535e-03  1.96791142e-02 -3.73763181e-02  1.33451194e-01
  2.02145670e-02  3.60867307e-02 -2.43677218e-02  1.00367434e-01
  2.69404911e-02 -5.82860336e-02 -3.06992773e-02 -6.15670830e-02
 -6.97066113e-02 -3.24488282e-02 -8.22328925e-02 -2.72048563e-02
 -9.53456536e-02  9.89400595e-02  7.47420117e-02  2.65425611e-02
  9.51890200e-02  2.21418845e-03  2.67985985e-02 -3.15715671e-02
  8.20005964e-03  4.54448052e-02  1.60666439e-03 -2.41343658e-02
 -1.67849753e-02 -4.05341387e-02 -6.43065348e-02 -7.59177259e-04
  7.17793871e-03  6.65311068e-02  5.09821512e-02 -2.89785476e-08
  7.96021894e-02 -5.45882173e-02 -5.21257473e-03  2.75493506e-02
 -3.80711854e-02 -1.98760610e-02 -8.72420371e-02  5.76976538e-02
  2.55819578e-02  4.37560566e-02 -9.97655019e-02  1.51993241e-02
  3.60532366e-02 -2.63873357e-02 -5.76441223e-03  6.86299130e-02
  2.20477879e-02  5.59979230e-02 -1.51505983e-02 -4.53658178e-02
 -5.22243306e-02 -1.34702949e-02 -5.87995537e-02  6.30273521e-02
  6.35139272e-02 -2.36617625e-02  1.01669304e-01 -1.93710718e-02
  6.97943792e-02  1.97437406e-02 -6.46532476e-02 -1.00189857e-01
 -1.17235361e-02  7.55849183e-02 -3.28738429e-02  4.40597050e-02
 -3.19332816e-02 -2.69619320e-02  1.20746359e-01 -2.99469754e-02
  4.87719104e-02  3.46508622e-02  2.30953358e-02  1.61828706e-03
 -3.54519077e-02 -2.56107561e-03 -1.67017505e-02  4.80431914e-02
  3.23576033e-02 -1.75438635e-03 -9.47524607e-03  3.56719382e-02
  4.54084836e-02  6.34050146e-02 -1.07296497e-01  3.84583473e-02
  3.23298872e-02  8.49781185e-03 -2.59099137e-02  3.54058272e-03
 -2.75803469e-02  7.26000518e-02 -5.03598861e-02  1.11775935e-01]"
What is the mortality rate of Schistosomiasis?,"Schistosomiasis is not often directly fatal, but chronic disease can contribute to death if not treated, especially in cases with severe organ damage.",Schistosomiasis has a low direct mortality rate but can contribute to death due to chronic complications if untreated.,"What is the mortality rate of Schistosomiasis? Schistosomiasis is not often directly fatal, but chronic disease can contribute to death if not treated, especially in cases with severe organ damage.","[ 1.38154745e-01 -4.57397141e-02  3.03549077e-02 -3.15246508e-02
 -1.09873321e-02  4.18787077e-02 -7.99364895e-02  8.55456665e-02
 -6.94956332e-02  6.13641143e-02 -1.99613515e-02 -1.33964149e-02
  8.56990069e-02  5.26976213e-02 -5.37292250e-02  8.54589045e-03
 -2.45142970e-02 -3.38265933e-02 -9.50483978e-02  7.15913847e-02
  1.00624450e-02  1.01558771e-02  7.88974687e-02  1.97458244e-03
  7.53531745e-03 -9.24996808e-02 -5.46155795e-02 -5.76030686e-02
 -5.05894646e-02  6.66471571e-02 -9.00890604e-02  9.27572623e-02
 -7.38785565e-02 -5.27259186e-02 -1.05354987e-01 -6.82087466e-02
 -4.79626916e-02  6.07590610e-03  2.29140930e-02  1.79940164e-02
 -1.79597251e-02  3.92989181e-02 -7.79872462e-02 -1.30129550e-02
 -8.46922174e-02 -3.56818065e-02 -6.94830865e-02 -2.45246589e-02
 -3.04152016e-02  6.48739189e-02 -3.04118153e-02 -7.11301640e-02
  6.83389604e-02  6.14996143e-02  2.74673686e-03 -5.82666174e-02
 -6.79802373e-02 -2.89134569e-02 -5.80730960e-02 -6.63340315e-02
 -5.39658330e-02 -4.91087325e-02  6.85262233e-02 -6.98709711e-02
  6.12854399e-02  4.74893022e-03  8.41165334e-03 -1.87458396e-02
 -3.44418399e-02  1.29993185e-01 -9.35037155e-03 -1.84232406e-02
 -5.46597829e-03  8.28817561e-02 -2.92249154e-02 -4.69812043e-02
  7.57746352e-03 -5.80637902e-02  1.35050602e-02 -1.86307989e-02
  2.94880886e-02 -4.62383851e-02  4.30529974e-02 -4.00494188e-02
 -6.43517822e-03  3.12514864e-02 -2.02262290e-02  4.11362387e-02
  5.38347242e-03  3.13376114e-02 -2.72701681e-02  9.89526883e-03
  8.92350376e-02 -7.28378519e-02  2.55332701e-02  5.73821515e-02
 -5.13389036e-02  5.18717393e-02 -2.24549007e-02 -9.86965075e-02
 -1.40681714e-02 -1.21339239e-01 -2.70003639e-02  3.11473530e-04
  2.89062560e-02  3.43259946e-02 -8.46946165e-02 -5.75967878e-03
 -1.11184735e-02  3.56848724e-02  3.94499563e-02  3.58017758e-02
  4.94137518e-02 -6.62965002e-03 -2.87812371e-02  1.27727166e-02
 -3.81072573e-02 -3.43624018e-02  6.99105263e-02  5.35138175e-02
  7.04960302e-02 -3.57523113e-02 -1.12265581e-02 -3.01318951e-02
  7.65447542e-02  4.48540188e-02  4.89343069e-02  2.63920302e-33
 -1.65480915e-02 -7.99423456e-03  3.66231129e-02 -1.11075351e-02
  9.35155060e-03 -5.27762212e-02  1.28742186e-02  8.88122991e-02
  6.09230585e-02 -4.39303145e-02 -1.03063904e-01 -6.13529906e-02
  2.87090950e-02  5.14707826e-02 -7.11310878e-02  1.10313147e-02
  4.02732901e-02 -7.43624987e-03  8.80894717e-03 -5.27993925e-02
 -2.86593959e-02 -4.02669050e-02 -4.30233777e-02 -1.05038825e-02
  2.11478364e-05  2.23082933e-03 -1.84732042e-02  6.04338869e-02
 -2.90772524e-02 -1.73491449e-03  7.51826018e-02  3.31401937e-02
 -5.51417544e-02 -9.10191238e-02  2.05515716e-02  3.82316336e-02
  1.35770366e-02  6.55171573e-02 -1.85122769e-02  9.48259793e-03
 -6.30001649e-02 -6.55824095e-02 -8.13843776e-03  6.99834451e-02
  3.08190696e-02 -3.44122350e-02 -2.01479550e-02 -2.07130127e-02
  1.32467337e-02 -2.47175209e-02  3.47248986e-02 -6.14096709e-02
  3.29699069e-02  4.46729101e-02  6.84190467e-02  3.94767709e-02
  4.22464162e-02 -5.14802672e-02 -5.66348173e-02  9.11572799e-02
  2.86997613e-02 -2.92765684e-02  3.46457921e-02  1.16768777e-02
  1.27445199e-02 -8.41218978e-03  3.85441817e-02 -1.42153222e-02
 -4.48921882e-02 -5.19572645e-02 -2.24351045e-03  1.81300566e-02
 -1.15899108e-01  1.86600015e-02 -1.05048632e-02 -9.34519432e-03
  3.89245898e-02 -1.32050866e-03 -1.99954235e-03  1.26075253e-01
  1.50252748e-02  3.58165416e-04 -8.23544562e-02 -2.86078528e-02
  1.00019768e-01  5.29411137e-02  4.23036031e-02  1.62442513e-02
  2.46442053e-02  4.28259745e-02  5.27220927e-02 -6.84681162e-02
 -6.70595095e-02  6.30599633e-02  6.39422461e-02 -5.46706296e-33
 -3.15246955e-02  4.31732796e-02 -2.12398078e-02  7.14092702e-02
 -4.43784110e-02  1.00257015e-02 -2.68560927e-02 -8.74864776e-03
  2.77266428e-02 -7.05316514e-02  2.18825322e-02  1.23276502e-01
 -2.92403921e-02  7.43787438e-02 -2.32640635e-02 -3.43800196e-03
 -9.29592773e-02 -3.93708199e-02 -3.13243084e-02  4.05365461e-03
 -1.47265360e-01 -5.81172332e-02 -7.06361383e-02  1.27144717e-02
 -3.99458110e-02 -3.83414403e-02 -1.60533171e-02  5.70882596e-02
  4.90254648e-02  5.46203344e-04  5.27269803e-02 -1.82539318e-02
  2.72517800e-02 -5.32843508e-02  4.56974767e-02 -4.83724568e-03
  2.53865272e-02 -9.17553529e-02  5.19425161e-02 -9.81375203e-02
  5.39138690e-02  4.06575948e-02  1.04961479e-02  3.50051164e-03
  7.59164393e-02 -2.24155430e-02 -1.00274011e-01 -1.81627441e-02
  2.58636102e-02 -3.84741500e-02  3.68523821e-02 -1.92181859e-02
 -4.30871658e-02  3.54812182e-02  5.09279929e-02 -6.04278073e-02
 -1.06319778e-01 -7.68187791e-02  4.67870422e-02 -1.02401391e-01
 -4.81691509e-02  6.94109276e-02 -6.97608711e-03  1.41630292e-01
  6.01213891e-03 -5.66960052e-02 -1.91220157e-02  4.66102688e-03
 -1.84967965e-02 -1.97513029e-02 -3.55641404e-03 -1.19043896e-02
 -1.28317535e-01  4.48258780e-02 -2.71356069e-02  9.50839929e-03
 -3.66089530e-02  1.45043135e-01  3.84479538e-02  2.69013625e-02
  1.23344257e-01 -3.07793729e-02  2.41409056e-02 -1.23969663e-03
 -6.04381822e-02 -1.08213583e-02  3.43837850e-02  1.20735317e-02
  5.96375205e-03 -2.89709400e-02 -9.21659097e-02 -2.71530449e-02
  1.43703143e-03 -1.61022134e-02 -2.05673520e-02 -3.46714195e-08
  7.83663094e-02  2.35096328e-02 -2.42347345e-02 -5.13921008e-02
 -4.44391817e-02  9.51854605e-03 -1.49686132e-02  6.25929758e-02
  2.13453341e-02  9.09048244e-02 -5.26940636e-02  9.41819046e-03
 -2.03358848e-02 -4.94558737e-02  2.44530756e-02 -6.81397505e-03
 -3.52822542e-02  6.78912997e-02  2.87476163e-02  1.08162034e-02
 -6.29005283e-02 -3.81010119e-03  6.10988922e-02  5.02318935e-03
  3.44876423e-02  7.00857714e-02  8.69818702e-02 -2.35553756e-02
 -4.32247035e-02 -6.85952464e-03 -8.30018595e-02 -7.61903599e-02
  2.46767756e-02  4.22973633e-02  3.47212255e-02  1.80302635e-02
 -9.70126875e-03 -2.73206625e-02  6.93418011e-02  3.25177647e-02
  2.23624110e-02 -6.49047941e-02 -1.50252087e-02 -2.93680057e-02
  1.55815864e-02 -2.63534766e-02  4.95748781e-02  3.55723090e-02
 -5.45703135e-02 -2.30513755e-02  1.48094036e-02  3.64573393e-03
  4.03808169e-02  1.44673605e-02 -6.10433333e-02 -3.34935896e-02
  3.07597015e-02  3.09293903e-02 -4.63070497e-02  1.98607966e-02
  7.15557709e-02  9.05578062e-02 -2.46549360e-02  7.18683898e-02]"
How is Schistosomiasis diagnosed?,Diagnosis is usually made by detecting eggs of the parasite in a stool or urine sample. Blood tests can also indicate infection.,"Diagnosis involves detecting parasite eggs in stool or urine, and blood tests.",How is Schistosomiasis diagnosed? Diagnosis is usually made by detecting eggs of the parasite in a stool or urine sample. Blood tests can also indicate infection.,"[ 9.68393758e-02  3.05228960e-02 -9.38672014e-03 -1.74230598e-02
  1.86887123e-02  1.65946037e-02  6.68250863e-03  5.12715094e-02
 -5.98095730e-02  4.16241735e-02 -2.52567921e-02 -1.71135236e-02
  4.50701714e-02  8.29772353e-02 -2.02584803e-01 -4.74119596e-02
 -7.75532005e-03 -2.55615469e-02  4.01758924e-02 -7.01736510e-02
  5.15115000e-02 -2.04785671e-02  4.17979574e-03 -1.08983973e-02
  2.93380115e-02  1.71032529e-02 -2.01272070e-02 -2.51647998e-02
 -3.78461294e-02  5.17946221e-02 -2.15444863e-02  4.07963172e-02
 -1.53590506e-02 -3.55629176e-02  3.81608978e-02 -3.60579491e-02
  4.20557484e-02  4.70626391e-02  2.54894178e-02 -1.90655831e-02
  4.89794724e-02 -2.38068867e-02  6.45828014e-03 -6.91621229e-02
 -9.36914831e-02 -2.90146675e-02 -6.56405091e-02  5.61891384e-02
 -6.42624944e-02  9.39364266e-03 -9.20349918e-03 -1.23278134e-01
  3.67681645e-02  4.86544967e-02 -5.01211807e-02 -3.17337632e-04
 -4.33782935e-02 -7.76572227e-02 -5.72535582e-03 -6.80173039e-02
 -4.44791205e-02 -6.26951605e-02  4.49275747e-02  7.99136516e-03
  1.18360750e-01  3.55843641e-02  4.08633351e-02 -3.56106623e-03
  2.60588769e-02 -1.46246040e-02  3.29305679e-02  2.57734172e-02
  1.66463759e-02  9.63457301e-02 -2.40804218e-02 -3.50390635e-02
  1.92819815e-02 -3.91251445e-02 -1.20679904e-02  4.01540510e-02
 -7.65833259e-02  2.69219410e-02 -5.71411394e-04 -2.41944417e-02
  2.77265292e-02  9.09989253e-02 -4.04619053e-02  5.38820215e-02
 -4.16164584e-02  9.24114254e-04  2.98909061e-02 -6.70601130e-02
 -4.18474786e-02 -4.05128896e-02 -2.44106422e-03 -2.34958101e-02
  1.47007145e-02 -5.63357119e-03  6.06210418e-02 -4.07858714e-02
  1.43817533e-02 -8.70944113e-02  4.81445082e-02 -3.40653062e-02
  4.95276973e-02 -5.69429900e-03 -2.08118837e-02 -6.01549819e-02
  6.74016252e-02 -5.93165681e-02 -1.44610973e-02  3.85465510e-02
  1.10550739e-01 -1.31048309e-02 -3.37473899e-02  9.60421562e-03
 -2.65263431e-02  3.24419290e-02 -1.83644355e-03  5.03748981e-03
  8.86269361e-02 -1.43377939e-02 -9.22609586e-04 -8.44562277e-02
  1.64688706e-01  7.82215074e-02 -7.48352036e-02 -2.27561527e-33
 -2.63940617e-02  1.64169297e-02  5.10719940e-02  4.89065833e-02
  1.99487433e-03  7.41082951e-02  3.29403877e-02  7.92244002e-02
  1.85754076e-02  4.61639538e-02 -9.24529433e-02  5.59146628e-02
  4.23578396e-02  1.80045422e-02 -2.75751557e-02  2.69306935e-02
 -3.72212427e-03 -4.38834727e-03 -3.43038626e-02  3.66150774e-02
  2.13678213e-04 -4.01413403e-02 -1.78640665e-04 -5.46429530e-02
  3.87853896e-03  2.43698284e-02 -7.34525844e-02  4.98560928e-02
  5.37851825e-02  2.22541075e-02  8.57710317e-02  4.69126552e-02
 -7.64114857e-02  7.91319367e-03  1.91721302e-02  2.66451836e-02
  5.73917963e-02  7.04487087e-03 -6.72347657e-03 -2.03826744e-02
  5.53756719e-03 -1.05973639e-01  7.49320351e-03  3.31730582e-02
  2.79969294e-02 -2.76530813e-02 -9.01084766e-02  9.92932264e-03
  3.09976991e-02  4.66796607e-02  8.64453390e-02 -4.47351821e-02
  1.02027677e-01 -3.44615355e-02  5.84324524e-02  7.63125941e-02
 -1.68991659e-03 -7.65293539e-02 -2.23938785e-02  3.41044329e-02
  5.71408123e-02 -1.26976264e-03 -6.34753779e-02 -2.76309103e-02
 -2.20437031e-02 -3.36183645e-02 -8.37044045e-03 -3.73703204e-02
 -6.31505251e-03 -2.80202869e-02 -6.35605678e-02  2.40429956e-02
 -7.14331567e-02  8.63115788e-02  2.21976805e-02 -3.44664045e-02
 -3.18911448e-02 -1.21566122e-02 -2.93562617e-02 -1.54449269e-02
  3.22495177e-02 -4.92814407e-02  3.44746895e-02  1.55428657e-03
 -8.08202382e-03 -3.61484289e-03 -4.91594449e-02  8.68166685e-02
 -3.67193222e-02 -1.47691080e-02  4.15360071e-02 -1.82863362e-02
 -9.02395695e-02  1.08299414e-02  3.62520330e-02 -6.57385114e-34
 -3.11785620e-02  1.96388271e-02 -3.43883187e-02 -4.59852861e-04
 -7.81963170e-02  2.03164667e-02  5.85732684e-02  3.58357020e-02
 -1.43536944e-02 -1.24790296e-02  2.93864366e-02  3.86225507e-02
 -9.21388641e-02  2.41572335e-02 -3.58183160e-02  8.62314999e-02
 -7.48233944e-02 -6.32526949e-02  8.50742161e-02 -3.10069248e-02
 -1.43073767e-01  7.99913630e-02 -2.45464891e-02 -6.87096417e-02
 -4.25892286e-02 -5.74919162e-03  9.95030403e-02  1.08179813e-02
 -9.34377499e-03  1.62762664e-02  4.24085334e-02 -1.81689523e-02
 -8.29975959e-03 -1.89362308e-05  3.39684598e-02  1.51756627e-03
  2.06331350e-02 -5.59623390e-02  5.73281236e-02  7.78184971e-03
 -5.25469333e-02  7.55206198e-02 -5.32177696e-03  5.85328192e-02
  3.06016188e-02  5.80052771e-02 -4.33924608e-02  3.77079211e-02
  2.92181615e-02 -1.36834551e-02 -9.94014367e-03  1.15173580e-02
  2.03702133e-02  1.63268787e-03  2.41569150e-02 -7.31489956e-02
 -1.74522176e-01 -8.31272453e-02 -5.88345490e-02  1.65981625e-03
 -1.53000988e-02 -1.37468586e-02 -5.52249476e-02  9.14323628e-02
 -1.07830325e-02  2.12770682e-02 -4.09071557e-02  3.81655172e-02
  3.85766290e-02 -1.16689159e-02 -6.76863119e-02 -6.70694709e-02
 -7.50868320e-02 -3.49303484e-02  7.38322921e-03 -1.11810435e-02
 -1.16221383e-01  6.18565828e-02  6.56310394e-02 -3.01597323e-02
  7.32755959e-02 -9.18268412e-02  1.16104230e-01  1.62193701e-02
  5.66941395e-04 -3.55978422e-02  1.85545180e-02  2.86934804e-02
 -1.52942780e-02 -4.95415516e-02  4.07692380e-02 -6.44715270e-03
 -5.23833893e-02 -1.36792138e-02  5.17910905e-02 -2.41942075e-08
  3.17504890e-02 -1.04040794e-01  3.40962149e-02 -7.52465427e-02
 -2.06143092e-02  1.41061572e-02 -6.61980584e-02  1.77132599e-02
  7.71688446e-02 -3.73769179e-02 -1.34880140e-01 -7.43568391e-02
 -6.02034628e-02 -2.71091014e-02  5.07036000e-02  1.24767860e-02
 -1.48885669e-02  1.04253128e-01 -5.09150177e-02  3.18143070e-02
 -4.99508232e-02 -2.54483428e-02 -1.10420287e-02  8.55856985e-02
  7.85362050e-02  4.38736565e-03  5.49699627e-02  5.58284111e-03
 -8.29894375e-03  2.20598839e-02 -7.19395131e-02 -3.98401134e-02
  6.19436381e-03  1.72099331e-03  7.54785165e-03  4.84545603e-02
 -1.02451339e-01 -1.56464279e-02  1.17403962e-01 -3.74283381e-02
  4.42305021e-02  1.74261499e-02 -3.17589715e-02 -5.94852269e-02
 -2.48682126e-02  1.26707612e-03  1.77966058e-02 -1.10041001e-03
 -6.75707217e-03 -5.84913008e-02 -3.26386467e-02 -3.56984721e-03
  2.65218187e-02  5.28392792e-02 -4.80955839e-02 -3.44773978e-02
  8.27926323e-02  6.98973378e-03 -6.34207651e-02 -1.25724310e-02
  5.37325591e-02  1.49394840e-01 -3.59689747e-03  2.45930981e-02]"
Can Schistosomiasis be treated at home?,Home treatment is not recommended due to the need for specific antiparasitic medication and potential for serious complications.,Schistosomiasis requires medical treatment with specific antiparasitic drugs and should not be treated at home.,Can Schistosomiasis be treated at home? Home treatment is not recommended due to the need for specific antiparasitic medication and potential for serious complications.,"[ 9.39964950e-02  2.48743258e-02  3.64789963e-02 -3.75516117e-02
  1.79377366e-02  3.76596674e-02 -3.59939113e-02  7.95298666e-02
 -1.40832767e-01  8.69544595e-03 -2.59678774e-02  9.32196081e-02
  4.18928973e-02  6.59547895e-02 -3.37477066e-02 -4.29255292e-02
  5.58039993e-02 -3.19562703e-02  4.09368835e-02  1.73920486e-02
  1.41047668e-02  2.60466449e-02 -9.99498460e-03  3.01914662e-02
  4.68220338e-02  3.07267043e-03 -1.87471658e-02 -9.69079789e-03
 -7.53614539e-03  1.47188269e-02 -3.82212177e-02  1.86079070e-02
 -7.36908987e-02 -6.58833310e-02  9.17956699e-03 -8.24508257e-03
 -3.35060172e-02  6.42617792e-02  4.70104925e-02  1.62935946e-02
  4.40792330e-02  3.93645950e-02 -7.99469091e-03 -4.51172031e-02
 -1.23358428e-01 -6.87436163e-02 -3.20693366e-02 -4.32562679e-02
 -1.43431779e-02  2.41083447e-02 -1.46022597e-02 -3.25867310e-02
  5.56561649e-02  6.64464012e-02 -3.37141044e-02  2.72822045e-02
 -6.29189834e-02 -4.58456799e-02  1.15245637e-02 -6.72719553e-02
 -1.09863495e-02 -8.61578062e-02  5.56486174e-02 -4.04773988e-02
  3.30603272e-02 -4.62883944e-03  3.28432620e-02  2.72537079e-02
  9.66362357e-02  7.65257105e-02  4.18257564e-02 -1.14242872e-02
  8.58722031e-02  7.56786615e-02  3.42393965e-02 -4.27413248e-02
 -6.10535732e-03 -1.00203194e-01  1.65991206e-02  2.56148204e-02
 -4.80905659e-02 -1.38727929e-02  5.45863435e-02  2.06941161e-02
 -5.12877421e-04  8.98252279e-02 -3.81761529e-02  6.92896172e-02
  5.70261180e-02 -1.18790166e-02  6.11245707e-02 -2.43935641e-02
  5.16538769e-02 -7.38454685e-02  3.57282441e-03 -5.28829396e-02
 -2.44402066e-02 -2.88219824e-02 -5.35929836e-02 -2.61852629e-02
  2.96587646e-02 -9.35176462e-02 -1.59119312e-02 -4.33760621e-02
  6.49734810e-02  1.31701017e-02  4.17745579e-03 -1.95632521e-02
 -2.03151405e-02  1.06790720e-03 -5.29508702e-02  8.77900887e-03
  6.61683455e-02 -2.54691411e-02 -9.95678529e-02 -2.53567868e-03
  8.99320841e-02 -4.42507416e-02  3.76686989e-03 -9.05851871e-02
  9.35770571e-02 -1.01159802e-02  2.22283062e-02 -8.69303420e-02
  1.55288309e-01 -1.70439724e-02  3.08688562e-02 -3.85328150e-34
 -6.48273230e-02  2.91506797e-02  2.58802418e-02 -3.93227488e-02
  1.57599151e-02  6.08894452e-02  3.88744026e-02  6.55756146e-02
  3.72208804e-02 -5.19835576e-02 -1.29567116e-01  1.65376086e-02
  3.96427736e-02  4.64703375e-03 -4.22940031e-02  5.52069880e-02
  2.20035855e-02  1.92046119e-03  2.07815543e-02 -1.97848938e-02
  1.27795637e-02 -4.62759435e-02 -8.40716735e-02  1.77438781e-02
 -5.18888757e-02 -2.75759734e-02 -5.74582396e-03  7.26652965e-02
  5.92228137e-02  1.01156589e-02  1.41561061e-01  4.32129540e-02
 -3.66302207e-02  3.42614227e-03 -2.47347876e-02  4.47817817e-02
 -2.14200616e-02  1.25737451e-02 -2.13473774e-02 -6.73403740e-02
 -7.08756410e-03  1.39964251e-02  8.17890242e-02  5.90451099e-02
  1.72330961e-02 -5.75131625e-02 -6.13180660e-02  2.49839630e-02
 -4.38682772e-02 -4.12677117e-02  6.21251091e-02 -3.65573615e-02
  4.32260185e-02  7.90410861e-03  7.65693709e-02  4.02064882e-02
  3.75753716e-02 -4.14441265e-02  5.83085157e-02  2.35648472e-02
  5.09290546e-02 -3.77105139e-02 -6.03203103e-03 -2.60823704e-02
  3.95213142e-02 -4.89044189e-02  7.83319026e-02 -1.35916499e-02
 -6.77233264e-02 -8.25649500e-02 -3.35765034e-02  2.87246723e-02
 -1.07989393e-01  7.49683976e-02 -3.21264341e-02 -8.37370902e-02
  5.94046840e-04 -1.28329741e-02 -2.21778154e-02  6.19590320e-02
  5.76457307e-02 -7.12979957e-02  3.98193020e-03  8.95812660e-02
  7.00334832e-02 -1.99021176e-02 -9.43415463e-02  1.00799553e-01
 -8.95458681e-04  5.92333265e-02  3.93632315e-02 -1.25706628e-01
 -4.14041094e-02  4.30750251e-02 -7.32122804e-04 -8.02867876e-34
 -4.71624546e-02  1.10020321e-02  3.04763447e-02  5.12078255e-02
 -5.84652312e-02  6.23177998e-02  1.55086648e-02  4.45886143e-03
  4.27709483e-02  1.46789998e-02 -1.70036219e-02  6.99450746e-02
 -1.25710685e-02 -1.10416310e-02 -2.27021165e-02  5.15334606e-02
 -8.48874971e-02 -7.23762587e-02  1.12527544e-02 -5.07942736e-02
 -1.08312227e-01  8.64028279e-03 -2.64030173e-02 -1.55728078e-02
  2.93946061e-02 -6.82802871e-03  1.80593580e-02  4.22362387e-02
  2.78104609e-03  2.78739613e-02  2.87560746e-02 -5.69882765e-02
 -3.05841230e-02 -5.02798222e-02 -8.53785221e-03 -1.26624815e-02
 -5.18456660e-02 -4.94565628e-02 -1.98635412e-03 -1.66772027e-02
  1.35321487e-02  2.30638077e-03  2.31354441e-02  8.27046186e-02
  2.88738534e-02  9.51059088e-02 -9.78355259e-02 -2.75874585e-02
 -2.76610516e-02  3.63274813e-02 -2.95674168e-02  6.83457479e-02
  8.75958335e-03  9.00414027e-03  4.52117026e-02 -7.25334287e-02
 -7.77722076e-02 -8.77407789e-02 -2.96791107e-03 -3.16661857e-02
  2.12898608e-02 -3.20347212e-03 -5.10669090e-02  1.86583046e-02
  1.71254221e-02  2.65120026e-02 -9.80436355e-02  7.81225637e-02
  1.41719659e-03 -7.18496591e-02 -7.39218965e-02 -1.16158187e-01
 -4.96608913e-02 -1.60933770e-02 -5.58016822e-02 -1.32674938e-02
  7.88677856e-03  8.72938558e-02  7.53078982e-02  3.42009662e-05
  1.07661389e-01 -7.60672465e-02  1.00901343e-01 -2.75441585e-03
  2.63443589e-02 -1.98604614e-02  1.14152217e-02  4.29739915e-02
 -2.83709932e-02  1.69008616e-02 -1.56126134e-02  4.17924440e-03
  2.22737044e-02  2.91323736e-02  7.41222128e-02 -2.49054501e-08
  5.70923239e-02 -1.68800876e-02  4.76111174e-02  1.91342793e-02
 -8.28159228e-02 -4.36468087e-02 -7.49404728e-02  1.31067950e-02
  3.85195948e-02  6.79619610e-02 -1.37416407e-01 -4.10016775e-02
  6.64933398e-03 -1.52931353e-02 -7.06922263e-02  9.17184819e-03
  3.64978015e-02  7.31464401e-02 -5.32066785e-02  4.44944352e-02
 -5.61709143e-02  5.69681579e-04 -2.72347573e-02  6.87701479e-02
  7.16460273e-02  2.26219371e-02  5.80776595e-02 -1.31235160e-02
  1.08357333e-02  7.14600319e-04 -7.55291730e-02 -7.60259330e-02
  3.79950143e-02  3.03145703e-02 -7.73503259e-02 -2.52604522e-02
 -5.38068749e-02 -2.04894729e-02  1.03992835e-01 -4.48788963e-02
  4.04839404e-02 -5.96758612e-02 -5.10778092e-02 -5.11851870e-02
 -1.02889678e-02 -3.05390228e-02  2.44361814e-02 -2.34497096e-02
 -5.27500995e-02 -4.12910655e-02 -1.98894311e-02  8.82432330e-03
  3.87960486e-02 -6.22209813e-03 -3.74725796e-02 -1.00074960e-02
  4.31406796e-02 -5.25652245e-02 -1.96090918e-02 -6.28034351e-03
 -4.74381447e-02  5.03981784e-02 -2.96518076e-02  1.20922908e-01]"
How long does Schistosomiasis last?,"If left untreated, Schistosomiasis can become chronic and last for years, causing significant health problems.","Untreated Schistosomiasis can become chronic, lasting years and leading to serious health issues.","How long does Schistosomiasis last? If left untreated, Schistosomiasis can become chronic and last for years, causing significant health problems.","[ 6.60616010e-02 -4.65989597e-02  5.96536361e-02  4.41261567e-02
  2.49981657e-02  8.46626610e-02 -1.08910836e-01  7.40439072e-02
 -1.14723526e-01 -2.22777352e-02 -3.92130949e-02  8.13378096e-02
  8.99860933e-02  4.25731502e-02 -2.83716507e-02  2.19131764e-02
 -3.88458297e-02 -1.03195176e-01 -6.41301796e-02  1.52432658e-02
  4.55326065e-02 -1.51289087e-02 -1.22064194e-02  3.41144241e-02
 -3.28794569e-02  2.97959335e-03 -2.14750916e-02 -8.34886581e-02
 -1.56536009e-02  3.20599973e-02 -5.91476522e-02  8.03979784e-02
 -7.07586110e-02 -1.69988517e-02 -1.76242664e-02 -3.19909193e-02
 -6.22881912e-02  3.13616768e-02  1.63142793e-02 -4.12944481e-02
 -2.97667105e-02  1.28723844e-03 -7.85185099e-02 -3.61108519e-02
 -8.91084522e-02 -5.41241802e-02 -2.39813197e-02 -9.06649083e-02
  2.35913787e-02  7.64208809e-02 -4.08571251e-02 -6.72665015e-02
  6.62906691e-02  3.92998420e-02 -4.72673029e-03 -3.89367864e-02
 -2.46154945e-02 -2.94502242e-03 -4.42907028e-02 -2.85365973e-02
 -7.82609824e-03 -3.98652740e-02  9.43662412e-03 -8.52663070e-02
  4.69483435e-02 -1.89267937e-02  6.01516329e-02 -2.61722045e-04
  3.94268334e-02  1.11146331e-01 -2.35586613e-02 -2.80736387e-02
 -3.93982492e-02  6.74323812e-02  5.23066595e-02 -4.94798552e-03
  9.52950493e-03 -6.33607507e-02  4.10279147e-02 -3.71010490e-02
  4.59564244e-03  3.34681757e-02  5.99064119e-02 -3.27333622e-02
 -8.82166997e-03 -2.49717832e-02 -8.10768306e-02  3.66239808e-02
  5.66004484e-04  9.96993762e-03 -8.00635573e-03  4.54465710e-02
  6.66017458e-02 -4.66377325e-02  8.06222782e-02 -1.26135871e-02
 -5.88225164e-02  4.43283916e-02  8.08542874e-03 -5.92459850e-02
 -3.39219943e-02 -9.78187174e-02 -5.18200733e-03 -2.97496263e-02
  8.54004696e-02  4.62292088e-03 -4.83106822e-02 -4.71552908e-02
 -2.28079949e-02  1.72905140e-02  2.32176818e-02  5.43862656e-02
  7.80032277e-02 -2.35631112e-02 -3.75529602e-02  2.98684854e-02
 -5.75300232e-02  1.28848739e-02  2.67733652e-02  3.20406780e-02
  3.10527310e-02 -1.72377210e-02  1.74083356e-02  1.08242277e-02
  6.70071095e-02  9.82041433e-02  7.57129788e-02  1.31553393e-33
 -8.62047374e-02 -1.84440054e-02  4.24806215e-02  4.43519130e-02
 -1.16597079e-02  2.23402437e-02  8.77566915e-03  5.78559451e-02
  1.04960958e-02 -1.40788155e-02 -5.79201542e-02  1.94361266e-02
 -5.25427759e-02  8.80124420e-03 -3.19586284e-02  1.36968326e-02
  1.28382698e-01 -5.30357473e-02 -6.59826538e-03 -5.14792465e-02
  9.15404037e-03 -5.84535189e-02 -2.00870465e-02 -1.17429607e-02
 -6.39853906e-03 -1.45719834e-02  1.41000124e-02  8.33696425e-02
 -7.73491338e-02  1.59602817e-02  9.18196142e-02  4.85535860e-02
 -8.43036696e-02 -4.37348224e-02  2.51567978e-02  5.75971007e-02
  6.19796999e-02  5.31929545e-02  4.62959558e-02 -7.07533136e-02
 -2.60920431e-02 -6.50697481e-03  2.40576863e-02  3.93874384e-02
  5.95401302e-02 -7.24110007e-02 -1.45520223e-03  2.80385860e-03
  6.09225873e-03 -1.06536578e-02  4.06984612e-02 -5.18174171e-02
  4.62348983e-02  1.26142241e-02  3.80590111e-02 -1.57531165e-02
  7.77417049e-03 -5.54790348e-02 -2.81254929e-02  1.96537073e-03
  6.30090833e-02 -2.38611568e-02  6.70707272e-03  2.79314741e-02
  3.61080840e-02  7.12263137e-02  3.09359021e-02  3.91229726e-02
 -1.43488809e-01 -5.45231141e-02  3.42104174e-02  2.83162147e-02
 -8.38710368e-02  1.37115223e-02  4.62638289e-02 -8.95985290e-02
  2.04676073e-02 -4.33871858e-02  1.52489822e-02  1.32051200e-01
  7.16491565e-02 -1.29086024e-03 -8.77488554e-02  2.93458384e-02
  9.39204991e-02  1.08451052e-02  4.21965979e-02 -3.14235501e-02
  3.40701528e-02  6.45589083e-02  6.95550963e-02 -7.67429769e-02
 -4.70092334e-02  1.17389694e-01  1.01110280e-01 -3.09192410e-33
 -5.75891025e-02  6.10620379e-02 -1.10025266e-02  1.52741345e-02
 -3.58141027e-02  5.29684266e-03 -5.70182241e-02  1.01386517e-01
  5.52191632e-03 -7.44004995e-02  2.06322316e-02  3.62209566e-02
 -2.64252331e-02  4.46743742e-02 -6.00005277e-02  7.81186149e-02
 -1.16415858e-01 -1.13255180e-01 -1.97584312e-02 -1.98365878e-02
 -8.61569345e-02 -5.69083914e-02 -7.47604296e-02 -4.34728414e-02
 -4.49666791e-02  5.38140535e-03  2.55400408e-02  4.30192389e-02
  2.55440250e-02  8.19446635e-04  2.68610213e-02 -5.38996719e-02
 -1.09868925e-02 -8.21199492e-02  1.38526168e-02 -6.48151636e-02
 -5.08559756e-02 -9.52026173e-02  4.21651565e-02 -3.03409733e-02
  1.67039149e-02  4.65640724e-02  9.82888117e-02  6.83967490e-03
  8.18942487e-02  2.59939395e-02 -1.25001445e-01 -2.45774277e-02
  3.70882079e-02 -2.96254940e-02  3.91293094e-02  2.52271891e-02
 -1.11565953e-02 -3.72942276e-02 -4.18940000e-03 -6.45465702e-02
 -9.51348022e-02  1.58621576e-02  2.08588429e-02 -9.96134803e-02
 -5.83959222e-02  6.28425879e-03 -5.50246723e-02  7.85056800e-02
 -2.94110626e-02 -2.41090842e-02 -1.80485158e-03 -2.74351612e-02
 -1.74592193e-02 -5.57847247e-02 -1.65340584e-02 -5.04206493e-02
 -1.57199994e-01 -5.02763921e-03 -1.86635330e-02  6.27236739e-02
 -9.41174850e-02  6.31007031e-02  5.05527183e-02 -2.15270370e-02
  8.43067169e-02 -6.17058501e-02  3.76943164e-02 -1.22147491e-02
  1.42220175e-02  3.61852013e-02  1.20221302e-02  1.91188902e-02
  1.38960714e-02 -1.56711005e-02  2.52678785e-02 -4.83977385e-02
 -1.02311410e-02 -1.68422554e-02  9.34090745e-03 -2.68579754e-08
  4.40914258e-02  4.48616371e-02 -1.10782599e-02 -1.54845603e-02
  2.24371459e-02  1.42569235e-02 -5.18368930e-03  6.10803068e-03
  8.41722712e-02  1.66224558e-02 -7.08098188e-02 -4.43155207e-02
 -1.30058220e-02 -7.81736895e-02 -2.62968969e-02  6.15504868e-02
 -2.58654132e-02  1.19630424e-02  5.96584678e-02  5.51543795e-02
 -1.04021795e-01 -3.70916873e-02  3.80992442e-02  6.64310753e-02
 -5.01675531e-02  5.77677116e-02  7.18533918e-02 -3.21503803e-02
 -1.57850832e-02  7.76854949e-03 -3.91847134e-04 -5.40339015e-02
  4.36215997e-02  4.81271222e-02 -4.47754711e-02  2.81928629e-02
 -7.29843825e-02 -5.42443246e-02  2.69676410e-02  2.35499553e-02
  1.27519732e-02  3.82062942e-02 -3.55963670e-02 -3.75925633e-03
 -5.11021204e-02 -2.62477156e-02  8.66740197e-02  3.09515763e-02
 -2.78123710e-02 -1.69028164e-04  4.49956842e-02 -4.47444990e-03
  1.22179901e-02  5.03463298e-02  3.83990817e-04  2.97461776e-03
  4.51689251e-02  5.27162626e-02 -1.76137127e-02 -2.32226551e-02
  1.12828901e-02  8.14958066e-02 -8.08378533e-02  8.95414725e-02]"
Who is at risk of contracting Schistosomiasis?,"People living in or traveling to areas where the disease is common, particularly where freshwater is contaminated with Schistosoma-carrying snails, are at risk.",Those in or traveling to regions with contaminated fresh water and Schistosoma-carrying snails are at risk.,"Who is at risk of contracting Schistosomiasis? People living in or traveling to areas where the disease is common, particularly where freshwater is contaminated with Schistosoma-carrying snails, are at risk.","[ 1.13359086e-01  4.13676351e-02  2.55515743e-02  2.08768062e-02
  1.11663155e-02  6.73390776e-02 -1.72328216e-03  8.55683461e-02
 -9.91769657e-02  5.05791195e-02  4.20756526e-02 -7.03615546e-02
  6.84075579e-02  6.00113906e-02 -1.22859083e-01 -5.48010245e-02
 -1.36207063e-02 -4.77064885e-02 -4.84906547e-02  4.98348102e-02
  3.74248228e-03 -1.67761054e-02 -2.37939898e-02 -2.41442956e-02
  7.13742152e-03 -4.79855984e-02  1.09314602e-02 -2.30884142e-02
 -1.86854545e-02  4.18514386e-02 -1.18531018e-01  1.67653430e-02
 -5.21945767e-02 -5.71647212e-02  9.83520597e-03  2.57029738e-02
 -2.89675570e-03  3.23648006e-02  1.00679837e-01 -8.24997900e-04
  2.62465496e-02 -3.87379602e-02 -2.74637807e-02 -1.09229460e-02
 -1.35320082e-01 -1.00744992e-01 -4.45434079e-02 -5.07610850e-02
 -5.43287396e-02 -1.24755623e-02  1.24790650e-02 -9.64729190e-02
  4.83105071e-02  3.63272987e-02 -6.60949051e-02 -1.18036933e-01
 -8.61531124e-02 -3.23328637e-02 -8.22926685e-03 -5.89250363e-02
  7.91942421e-03 -5.08223809e-02  2.10431572e-02 -2.89821997e-02
  3.60191911e-02  2.37288792e-03  1.22315958e-02  6.44189268e-02
 -7.14028778e-04  8.38383734e-02  5.45669124e-02 -2.67727375e-02
 -3.99993509e-02  6.88153431e-02  5.86232841e-02 -6.36897311e-02
 -2.56503816e-03 -8.08046982e-02 -3.04946452e-02  2.47611310e-02
  1.39235836e-02  3.87011766e-02  6.31236658e-02 -5.89905456e-02
  3.33377160e-02  9.95911136e-02 -5.90275228e-02  1.96997989e-02
  1.43743241e-02  3.54747735e-02 -8.27805605e-03 -8.93901363e-02
  1.08132169e-01  1.34269148e-03 -2.71430165e-02  6.11352921e-02
 -3.62853374e-04 -1.63088739e-02  1.18931616e-02 -5.30731641e-02
 -3.44003253e-02 -8.24805573e-02 -3.31930704e-02  3.46364602e-02
  7.92902932e-02 -7.96167646e-03 -5.99537231e-02 -1.38089582e-01
 -1.96362082e-02 -1.68696903e-02  8.76228325e-03  7.77464211e-02
  7.01860562e-02 -5.15413762e-04 -4.93449010e-02  4.07714806e-02
 -3.41744572e-02 -6.74627572e-02 -2.81944368e-02 -2.00047102e-02
  4.67280038e-02 -3.00403964e-02 -2.87753716e-02 -1.35105085e-02
  4.12592962e-02 -2.92515866e-02 -4.24605310e-02  4.39363789e-34
  4.39478941e-02 -2.16102302e-02  2.89329030e-02  6.73887581e-02
  5.84810451e-02 -6.80992729e-04 -9.93392244e-03  3.67073044e-02
  1.41019849e-02 -1.80993490e-02 -1.22929014e-01 -1.81909353e-02
 -1.38393650e-02 -1.16470363e-02 -5.86655065e-02  5.96216805e-02
  7.63251632e-03 -1.14605939e-02 -3.60790342e-02  1.78181417e-02
 -1.49697426e-03 -1.00866266e-01 -3.69794481e-02  1.52524933e-03
 -6.91312179e-02 -6.14361931e-03 -4.28857245e-02 -2.13474035e-02
  1.08612239e-01  2.76540630e-02  6.94349855e-02  4.08975556e-02
  5.76349627e-03 -4.81921732e-02  1.57151464e-02  9.51024815e-02
 -1.90780982e-02  4.89189811e-02 -5.97695000e-02 -4.51269783e-02
 -2.59990394e-02 -1.70316473e-02  2.59752814e-02  3.24112475e-02
  9.83406380e-02 -4.97956946e-02  4.54936316e-03 -2.65911575e-02
 -6.48002774e-02 -4.65802923e-02  1.57737210e-02 -6.72709011e-03
  5.70381507e-02  1.13186486e-01  7.11636171e-02 -2.06924509e-02
  2.29784120e-02 -7.05480427e-02 -6.06260113e-02  6.70099929e-02
  1.26490521e-03  2.79309060e-02 -1.14076380e-02 -1.77574046e-02
  2.82131713e-02 -1.68151744e-02  4.78601456e-02 -2.50384901e-02
 -7.42006823e-02 -5.47904074e-02 -5.40213995e-02  3.48033570e-02
 -1.48185238e-01  4.81180325e-02 -4.17348668e-02  4.29229205e-03
  2.04052739e-02  7.56361661e-03  4.60446905e-03  3.54533307e-02
  1.03310579e-02 -4.67239181e-03  7.41848862e-03  4.23693024e-02
 -2.42190026e-02  1.16221569e-02 -3.51522714e-02 -1.42940274e-02
  8.20662826e-03  1.23350330e-01  7.85891637e-02 -7.61826485e-02
 -3.37126777e-02  4.54672761e-02  8.68705660e-03 -2.68786977e-33
 -5.55081852e-02 -5.06915478e-03  2.73622219e-02 -1.90224703e-02
  1.93232037e-02 -1.38097806e-02  8.71463269e-02 -4.98301955e-03
  6.73932731e-02 -2.80166809e-02 -1.12542979e-01  4.04664837e-02
  3.15652527e-02  2.93285772e-02  4.32591029e-02  3.22608463e-02
 -3.12534831e-02 -1.22407312e-02  7.75901414e-03 -1.01959310e-01
 -1.13768466e-01 -3.86913754e-02 -3.81249376e-02  1.17060626e-02
 -2.51809228e-02  9.62801930e-03 -5.17640263e-02  4.09378596e-02
 -5.21743931e-02  7.73821911e-03  3.53199942e-03  6.92113191e-02
  5.35019226e-02  1.32805053e-02 -3.06286719e-02  4.99450453e-02
 -3.25087644e-02  8.38896167e-03  7.34402165e-02 -2.52372101e-02
  2.49199905e-02  5.18404972e-03 -1.15018645e-02  4.59141433e-02
  4.70064394e-02  1.01596199e-01 -1.54694272e-02 -1.10188117e-02
  4.60377038e-02  1.70850605e-02  1.39792813e-02  6.17152266e-02
 -2.57404633e-02 -1.33167757e-02  9.34892073e-02 -3.98387760e-03
 -7.66796470e-02 -4.21466865e-02  3.09217200e-02 -2.03112252e-02
  3.57961841e-02  9.48480815e-02 -4.75255921e-02  7.29425773e-02
  2.61701527e-03  3.83659452e-02 -7.66300187e-02  3.68266627e-02
  3.37582268e-02 -2.79902946e-02  2.78905537e-02 -8.88982341e-02
 -5.88133782e-02 -8.51213634e-02  4.51275893e-03 -8.90419036e-02
 -7.76453912e-02  1.06149115e-01  6.11941963e-02  1.64222978e-02
  8.53004158e-02  1.20536136e-02  9.27153230e-02  1.05842389e-02
 -4.28022025e-03  3.46223898e-02  7.55246505e-02 -3.63919660e-02
 -3.69873755e-02 -3.25901136e-02 -7.91204944e-02  2.82916483e-02
 -9.05275643e-02 -1.81963891e-02  2.72456147e-02 -2.77773360e-08
  1.00776285e-01 -7.18528125e-03  1.20836785e-02 -4.54137623e-02
  5.36728697e-03 -3.80399227e-02 -1.65467411e-02  5.28995469e-02
  3.73222791e-02  8.53323415e-02 -9.20295566e-02 -1.10434219e-02
  3.65574546e-02 -6.25158623e-02  1.16291754e-02  1.08897295e-02
 -1.30393766e-02  4.25586617e-03 -7.66425580e-02 -1.46850459e-02
 -4.81607504e-02  9.06985439e-03  1.18381670e-02  4.07596342e-02
 -2.92016659e-03 -1.14215389e-02  5.44306673e-02  1.27374837e-02
  5.42728305e-02  5.28638065e-03 -7.32839927e-02 -4.83697467e-02
 -3.62217007e-03  8.15938860e-02 -2.30867080e-02  1.92867238e-02
 -7.38311559e-02 -3.25480364e-02  1.10590465e-01 -9.07700416e-03
  7.67899379e-02  1.69698447e-02  4.68103364e-02  2.29308307e-02
  4.13043937e-03  1.32244604e-03  1.15943952e-02  7.38708600e-02
  5.67141250e-02 -4.58773412e-02 -9.75921229e-02 -3.97636257e-02
  5.79182841e-02  4.20340709e-02 -6.84104413e-02 -5.01014804e-03
  1.10371653e-02  5.09547815e-02 -1.73238795e-02 -1.22626666e-02
 -6.90418482e-02  1.94743406e-02 -1.45716723e-02  8.72214809e-02]"
What are the long-term effects of Schistosomiasis?,"Chronic Schistosomiasis can lead to liver and spleen enlargement, bladder and kidney damage, and can cause problems with fertility. In severe cases, it can result in bladder cancer, and in children, it can cause anemia, malnutrition, and learning difficulties.","Long-term effects include organ damage, fertility issues, and potential bladder cancer, with anemia and growth problems in children.","What are the long-term effects of Schistosomiasis? Chronic Schistosomiasis can lead to liver and spleen enlargement, bladder and kidney damage, and can cause problems with fertility. In severe cases, it can result in bladder cancer, and in children, it can cause anemia, malnutrition, and learning difficulties.","[ 8.24115276e-02  2.27299780e-02  6.30689189e-02  4.11410071e-02
  1.07761668e-02  6.71624467e-02 -4.07039747e-02  6.56580329e-02
 -9.64496434e-02  1.72445551e-02 -3.75110582e-02  1.09033383e-01
  3.96580845e-02  5.23416772e-02 -5.93684576e-02 -3.79453879e-03
 -2.81768665e-02  1.34105170e-02 -8.11225176e-03 -2.16997489e-02
  7.07698092e-02 -3.27570774e-02 -4.86149751e-02  3.67751978e-02
  1.88445430e-02 -5.91393188e-02 -3.94511111e-02 -5.03174914e-03
 -5.11802472e-02  7.46337697e-03 -7.81321898e-02  5.60671836e-02
 -5.53601868e-02 -7.20017329e-02 -2.41350615e-03 -6.37656031e-03
 -1.16471779e-02  9.99010131e-02  4.51301178e-03 -1.99618060e-02
  2.44977605e-02 -2.55214386e-02 -8.51685628e-02 -6.70472682e-02
 -1.10620096e-01 -1.09684721e-01 -1.29481386e-02 -7.96924606e-02
 -5.57233132e-02  4.76999953e-02 -6.13128394e-02 -1.02341406e-01
  9.58323628e-02  3.33032981e-02  6.25492707e-02 -1.02934204e-01
 -1.16477631e-01  2.21812613e-02 -3.97389904e-02 -6.47105873e-02
 -6.31693900e-02 -5.60949668e-02  1.21037532e-02 -3.39532234e-02
  1.06064543e-01  1.20014725e-02  2.17230991e-02 -1.44869899e-02
  2.24072002e-02  7.77935386e-02  3.24820429e-02 -6.59227669e-02
 -5.68297096e-02  1.47641050e-02  2.05499921e-02 -1.94311924e-02
 -4.30430062e-02 -5.08728027e-02  5.00890799e-03 -1.95996407e-02
  1.43547179e-02  2.70342045e-02  1.44492311e-03 -3.04565597e-02
 -1.45622110e-02  3.20550501e-02 -2.20903885e-02  1.34965882e-03
 -8.07671025e-02  7.59922937e-02  3.58596146e-02 -8.64835829e-02
  6.66982681e-02 -3.59429754e-02  8.68432038e-03 -1.42160961e-05
 -6.69779554e-02 -6.33628368e-02 -2.32369043e-02 -6.37365431e-02
  1.24106640e-02 -1.83445786e-03 -4.28602733e-02 -1.91786345e-02
  6.34747818e-02  3.87874618e-02 -1.48586638e-03 -6.96363077e-02
  4.96113859e-03  3.09608839e-02  3.65424752e-02  4.97991517e-02
  6.16715066e-02  1.87762175e-02 -5.42824157e-02  2.15015505e-02
 -1.18689407e-02 -9.61434096e-03 -2.77196020e-02 -1.47357946e-02
  2.83653419e-02 -5.41531742e-02 -8.12764280e-03 -4.07043798e-03
  4.30782847e-02 -1.22668399e-02 -1.72471981e-02 -9.65995084e-34
 -1.45038124e-02 -1.49733126e-02 -1.83253479e-03  9.62341726e-02
  4.14559804e-02  4.07941304e-02  5.65580726e-02  6.24057055e-02
  2.16812063e-02 -4.02761176e-02 -1.17530867e-01  1.31728975e-02
  1.65043902e-02 -1.05443960e-02 -5.78889884e-02  2.79770233e-02
 -2.84789260e-02  2.87398919e-02  5.10075204e-02  4.70252484e-02
  7.37194787e-04 -1.03270307e-01 -2.85908859e-02 -1.61911326e-03
  7.92992953e-03 -9.02858283e-03 -3.75919566e-02  9.62969959e-02
 -5.88598885e-02  3.27371880e-02  5.91258220e-02  7.37934262e-02
 -7.58311450e-02 -2.60286238e-02  2.66295578e-02  7.87585080e-02
  3.67365144e-02  3.69702205e-02 -8.20280798e-03  5.58197126e-02
 -2.51652282e-02 -7.78644904e-03  5.14957830e-02  8.99859816e-02
  9.48905852e-03 -6.54468387e-02 -2.44220849e-02 -4.97715734e-03
 -5.38702719e-02 -5.62425610e-03  3.83876963e-04 -3.55360694e-02
  3.04991920e-02  3.76331732e-02  3.76194641e-02  2.78662629e-02
  1.89999118e-02 -1.46412194e-01 -8.30189586e-02  1.33403577e-02
  5.97489104e-02 -2.60018613e-02 -4.86470945e-02  4.73029204e-02
  1.94563307e-02 -1.57970935e-03  5.46782985e-02 -5.81527837e-02
 -9.27253440e-02 -3.77259739e-02 -5.83654232e-02 -3.36719044e-02
 -3.02984659e-02  2.90512964e-02 -4.71096300e-02 -3.55463326e-02
 -5.59072793e-02 -3.11384983e-02 -4.70510051e-02  5.95108978e-02
  7.95640051e-02 -8.12952295e-02 -1.35040116e-02  8.82994942e-03
  5.69711365e-02  4.89412062e-03  1.48885017e-02 -2.64090784e-02
  5.00685573e-02 -2.12109126e-02  8.40701684e-02 -7.31361881e-02
 -5.62296323e-02  3.76323871e-02  3.08786407e-02 -1.50054646e-33
 -5.99415042e-02  3.29393242e-03  4.79780734e-02 -6.31989241e-02
 -3.53364423e-02  3.74980196e-02  9.80899110e-03  1.38467371e-01
 -1.84463430e-02 -5.89032583e-02  4.41838242e-02  7.81359002e-02
 -1.26811359e-02  5.75828366e-03 -3.97217795e-02  2.48361398e-02
  1.03804702e-02 -5.98775744e-02  1.23686437e-02 -8.96899551e-02
 -4.93567437e-02  1.88000612e-02 -7.26522356e-02 -9.05650668e-03
 -4.61419150e-02  7.70186912e-03 -2.70401780e-02  1.03111670e-04
  3.39796282e-02  3.85912471e-02  6.84807897e-02  4.48729843e-02
 -3.07017080e-02 -6.10800984e-04  7.47707486e-02 -1.43805146e-03
 -2.08721962e-03 -4.27371357e-03  6.01663329e-02 -6.83908314e-02
  5.31277210e-02  2.38938387e-02  1.07929103e-01  6.92466786e-03
  1.06919125e-01  1.91078335e-02 -7.29030222e-02  3.79822887e-02
  2.00314354e-02  4.82476987e-02  4.44967300e-02  2.70433184e-02
 -1.97902191e-02  1.66035742e-02  8.17537382e-02 -9.79541615e-02
 -9.86809731e-02 -6.20293282e-02 -1.06959848e-03  2.16040015e-02
 -6.04492836e-02  7.55533203e-02 -3.75910699e-02  2.86080036e-02
  2.15719119e-02 -3.15131992e-03 -8.92199129e-02 -1.53504247e-02
  6.61509559e-02 -2.49033496e-02  1.63660217e-02 -1.32299170e-01
 -1.09774090e-01  1.02896737e-02 -9.34181213e-02 -7.37422029e-04
 -7.28193894e-02  1.23484083e-01  4.49922048e-02  5.55403642e-02
  3.20102945e-02 -1.50757181e-02  9.14226547e-02 -1.43079627e-02
 -2.98542175e-02  9.58640594e-03  2.88627041e-03  8.10707286e-02
 -1.45425806e-02 -3.42903771e-02 -2.70801932e-02 -4.51321760e-03
 -3.30292508e-02  1.26403884e-03  4.50656191e-02 -3.28879359e-08
  5.85508673e-03 -7.61168543e-03 -1.25360815e-02  3.93900163e-02
 -4.61032949e-02 -4.76283282e-02 -1.36549035e-02  6.58067614e-02
  4.86100800e-02  1.03533892e-02 -1.28258944e-01  5.23755588e-02
  7.35215396e-02 -8.06657877e-03 -6.13979846e-02  1.23263799e-01
 -1.43284099e-02  3.99142206e-02  2.13297028e-02  1.95844676e-02
 -2.89050099e-02 -2.55821291e-02 -1.84527263e-02  7.57299513e-02
 -5.80305792e-03 -3.68415238e-03  4.99534868e-02  4.76244949e-02
 -1.15186591e-02 -1.61098372e-02 -3.49364639e-03 -7.85122588e-02
  3.68155688e-02  1.13340601e-01 -7.68283829e-02 -1.80536713e-02
 -7.36509636e-02 -1.61241740e-02  1.02408335e-01  3.71996351e-02
  4.85913120e-02  5.71354805e-03  1.87786517e-03 -4.08518361e-03
 -4.62828204e-02 -4.38113287e-02  2.36805957e-02  4.68761735e-02
 -3.80690433e-02 -7.82433059e-03 -4.29206155e-02  8.11594501e-02
  1.74025614e-02  5.10349497e-03 -2.33098231e-02  3.82867903e-02
  5.70312962e-02  3.27196568e-02  3.71105447e-02 -1.67236906e-02
  3.59657854e-02  5.38936779e-02 -7.66571909e-02  5.67981452e-02]"
Can animals transmit Schistosomiasis to humans?,"While Schistosomiasis primarily affects humans, certain types of the disease can infect animals. However, the primary risk of transmission to humans is through water containing the parasite, not direct contact with animals.",Schistosomiasis is not directly transmitted from animals to humans; it is contracted through contaminated water.,"Can animals transmit Schistosomiasis to humans? While Schistosomiasis primarily affects humans, certain types of the disease can infect animals. However, the primary risk of transmission to humans is through water containing the parasite, not direct contact with animals.","[ 7.28100389e-02  2.42542103e-03  8.16971995e-03  2.27488801e-02
  3.54617573e-02  4.71734069e-02  6.45840541e-02  4.47756499e-02
 -8.59732926e-02  4.93429638e-02 -3.24839801e-02  1.72893591e-02
  5.51793836e-02  8.50061849e-02 -5.95933348e-02 -2.59997007e-02
 -1.78605299e-02  1.32686673e-02  2.64904164e-02  8.15592557e-02
  4.02105637e-02  1.43992063e-02 -4.86312397e-02 -1.62621215e-02
 -3.40072997e-02 -9.12545249e-02  8.45676474e-03 -7.25951651e-03
 -1.30935013e-02  4.98945303e-02 -9.80607569e-02 -4.40201955e-03
 -4.98179533e-02 -7.99455866e-02 -5.63997068e-02 -2.60061282e-03
  2.17730924e-02 -6.71997573e-03  8.36494789e-02  4.35990840e-02
  5.67578711e-02 -5.52942567e-02 -1.96803678e-02 -1.44463340e-02
 -1.07905462e-01 -5.04437760e-02 -7.28584826e-02 -1.37793657e-03
 -3.30226719e-02  2.51333807e-02 -6.22086637e-02 -2.54811253e-02
  3.46082263e-02  9.12788808e-02 -1.02422401e-01 -6.09363914e-02
 -8.91701430e-02 -3.69521230e-02 -3.91867012e-03 -4.32605296e-02
 -2.23959275e-02 -1.75981559e-02  7.29364753e-02  2.62861159e-02
  9.54698920e-02 -5.32998070e-02 -5.58406152e-02  3.98212597e-02
 -2.79975776e-03  9.14919749e-03  6.21318184e-02 -5.27905896e-02
  3.69657669e-03  3.36303078e-02  5.16762026e-02 -2.20153220e-02
 -4.99914342e-04 -3.62233445e-02  5.80632733e-03  2.02800669e-02
  1.44935853e-03 -4.14605215e-02  7.81692490e-02 -3.48791294e-02
  1.67763699e-02  1.17648885e-01 -4.60818177e-03  2.29171626e-02
 -4.80806828e-02  2.19975114e-02 -1.97846033e-02 -6.67701066e-02
  4.33744527e-02 -4.27367277e-02 -3.54427397e-02  9.53050144e-03
 -3.44747230e-02 -3.68810557e-02  1.86975636e-02 -4.77558486e-02
 -4.11329232e-02 -5.03909737e-02 -1.00272067e-01 -6.95626140e-02
  6.38566017e-02  2.10176706e-02 -2.69009881e-02 -3.94594334e-02
 -1.85408667e-02  3.10745649e-02 -2.95056496e-02  4.91966680e-02
  2.46907696e-02  1.03518069e-02  3.34647447e-02 -3.97776766e-03
 -4.30824459e-02 -1.08726569e-01 -2.01935247e-02 -6.26880750e-02
  6.86975121e-02 -2.49771457e-02  2.30065212e-02 -2.58051865e-02
  1.11159436e-01 -3.47801857e-02  9.92851425e-03  8.09207556e-34
 -9.98266041e-03 -6.13420047e-02  3.70183252e-02  7.37290643e-03
  3.23119983e-02  7.04511032e-02  8.21535289e-03  2.37650182e-02
  4.13174033e-02 -1.74208507e-02 -1.91089198e-01 -2.14714892e-02
  2.90589277e-02  6.13541193e-02 -7.43296230e-03  5.19380532e-02
  6.39782846e-02 -6.83129504e-02  2.99164858e-02  2.31500585e-02
  3.37633491e-02 -9.04136524e-02 -3.28423381e-02 -3.35988216e-02
  4.11674865e-02 -1.85216926e-02 -1.12688757e-01 -1.45306799e-03
  5.58880754e-02  1.49590615e-02  1.14779454e-02  9.97851510e-03
 -4.15419452e-02  8.40291660e-03 -2.72686069e-04  7.77440667e-02
  7.23599130e-03 -3.47092077e-02 -2.95052864e-02  1.01591386e-02
  1.69120245e-02 -7.57144904e-03  5.22043593e-02  2.35664304e-02
  4.17419299e-02 -2.11114227e-03 -1.56742800e-02 -4.32893634e-02
 -5.61301708e-02 -7.53532350e-02  4.77075763e-02 -1.98460296e-02
  6.81218728e-02 -6.92151766e-03  4.44342680e-02  8.86263419e-03
  6.98863193e-02 -3.11266035e-02 -3.88268270e-02  8.10360983e-02
 -3.95142548e-02 -9.17548593e-03  2.44806949e-02 -1.92027707e-02
  1.07745558e-01 -6.22728691e-02  7.89653957e-02 -5.44839688e-02
 -7.43001103e-02 -2.13360563e-02 -9.19017792e-02  4.41042744e-02
 -1.06836192e-01  1.27196368e-02 -2.41546798e-02 -3.99327464e-02
  3.68176661e-02 -1.47281273e-03  4.53272648e-03  7.11476505e-02
 -3.76189873e-03 -3.24453749e-02  2.19424125e-02  2.09424756e-02
  1.09865954e-02  4.33465727e-02  2.95361485e-02  7.20704533e-03
  3.82374674e-02  2.44795661e-02  1.40205473e-01 -2.47665364e-02
 -5.30906059e-02 -2.51721678e-04  1.24247023e-03 -3.18227296e-33
 -9.30225253e-02  1.02931047e-02 -4.97504696e-03 -2.55338494e-02
 -6.49613664e-02  7.15668425e-02  1.01528175e-01  8.24452937e-02
  2.33647637e-02  3.43753919e-02  4.86006844e-04  1.82388127e-02
  1.53365107e-02 -3.81211028e-03 -1.03105493e-02 -1.06618070e-04
 -2.25738883e-02 -2.69646030e-02  1.76392123e-02 -1.42556414e-01
 -1.38027757e-01  1.65505130e-02  3.42544168e-03 -2.77069733e-02
 -1.62914190e-02 -1.09647904e-02 -1.69658847e-02  7.84247220e-02
  8.06905737e-04  7.26575404e-03  4.26415615e-02  5.94217107e-02
  5.18482353e-04 -3.70056980e-04  7.35211745e-02  2.14769244e-02
  4.03010212e-02  4.20248834e-03  8.42666626e-02 -3.73664051e-02
  6.87116850e-03  2.81573106e-02  1.92419570e-02  5.13811111e-02
  1.31182158e-02  1.36216357e-01 -7.36863986e-02 -5.25807589e-02
 -1.94942057e-02  1.77410413e-02  6.01325603e-03  1.72144845e-02
 -3.54992859e-02 -7.97275901e-02  6.78094923e-02 -6.65348843e-02
 -8.57554842e-03 -1.66762576e-01  8.33064094e-02 -3.14271525e-02
 -1.91987902e-02  4.93131764e-02 -6.63239285e-02 -6.83097402e-03
 -4.34141513e-03  2.37537380e-02 -6.33931756e-02  1.56820565e-02
  4.25428860e-02 -4.65639457e-02 -3.20607331e-03 -6.31375238e-02
 -1.11692827e-02 -3.72919962e-02 -1.65892765e-02 -3.30526531e-02
 -3.36357392e-02  1.23745039e-01  6.34791180e-02  1.55444182e-02
  1.12919658e-01  4.57644463e-03  5.77347688e-02 -2.18072496e-02
  4.54616770e-02  6.95832120e-03  3.51844914e-02  2.40264442e-02
 -4.89884838e-02 -1.81112420e-02 -6.76673874e-02  4.99045989e-03
  1.65334344e-02 -4.35201749e-02  3.04582343e-02 -2.95252391e-08
  2.60143895e-02 -1.30826076e-02  4.22713459e-02 -3.78904976e-02
 -1.72203649e-02  5.02999201e-02 -9.71604139e-02  1.75045934e-02
  4.10703160e-02  2.85210554e-02 -1.74673036e-01 -2.37624235e-02
  5.48369810e-02  1.95169840e-02  1.78295635e-02  5.38785681e-02
  1.61380861e-02 -2.24361029e-02 -1.10902544e-02 -3.35736498e-02
 -6.35800511e-02 -3.06723043e-02 -5.00403754e-02  6.21108711e-02
  6.09889291e-02 -1.06968207e-03  2.58348398e-02  1.30355097e-02
  3.32283452e-02 -2.69097388e-02 -1.08756468e-01 -7.10852221e-02
 -7.27999117e-03  1.27134308e-01 -1.70470234e-02  7.53460918e-04
 -3.49133126e-02 -6.67463243e-02  8.86908174e-02 -1.15216253e-02
  9.14650187e-02  3.35776918e-02 -2.92494148e-03 -7.63386767e-03
  7.10089505e-03  1.59255636e-03  2.58427169e-02  6.65750215e-03
  1.59079826e-03 -4.24541570e-02 -5.74419945e-02 -4.21250798e-02
  7.49702156e-02 -1.85871366e-02 -4.44757640e-02 -6.40345886e-02
 -9.44218691e-03 -2.65271850e-02  3.40434685e-02 -5.01896217e-02
 -2.42001191e-02  1.11701727e-01  1.85702723e-02  8.35276172e-02]"
How do healthcare workers protect themselves from Schistosomiasis?,"Healthcare workers protect themselves by avoiding contact with contaminated water, using protective gear when necessary, and ensuring proper sanitation and hygiene when working in endemic areas.",Healthcare workers avoid contact with contaminated water and follow proper sanitation practices to prevent infection.,"How do healthcare workers protect themselves from Schistosomiasis? Healthcare workers protect themselves by avoiding contact with contaminated water, using protective gear when necessary, and ensuring proper sanitation and hygiene when working in endemic areas.","[ 4.44740802e-02  8.98310691e-02  6.77374750e-02  1.43052675e-02
  7.08555803e-02  6.38926625e-02  8.33775327e-02  2.28693914e-02
 -1.33981675e-01  2.80556418e-02 -4.23013791e-02 -1.36692310e-02
  3.18888985e-02  5.64561337e-02 -1.36719182e-01 -5.51777557e-02
 -3.93763371e-02  1.23452274e-02 -3.06270104e-02 -2.82857139e-02
  1.00225210e-02 -7.32468627e-03 -3.05769709e-03  1.09942909e-02
 -4.62003462e-02 -1.93517879e-02  2.30094250e-02 -2.29576472e-02
 -1.99372526e-02  4.23144661e-02 -5.54457605e-02 -4.72945422e-02
 -5.50476126e-02 -5.08318432e-02 -5.39643951e-02  2.49148179e-02
  4.84295487e-02  4.31979299e-02  3.34536359e-02  1.92043204e-02
 -2.03346182e-02 -1.14749465e-02 -3.79660130e-02 -6.27677664e-02
 -8.51006657e-02 -3.61641720e-02 -8.88811797e-03  2.16200892e-02
 -5.70018822e-03 -3.23767960e-02 -4.61525545e-02 -4.39783223e-02
  8.77550337e-03  6.36024997e-02 -2.59983614e-02 -7.25035667e-02
 -6.67276606e-02 -8.95522386e-02 -7.02165216e-02 -4.50555384e-02
 -1.18159642e-02 -8.64765570e-02  3.30067016e-02  1.66203063e-02
  6.73401281e-02 -6.34396961e-03 -3.63777131e-02  5.83422258e-02
  3.67185734e-02  5.85444234e-02  7.52175413e-03 -2.86384001e-02
  2.59471536e-02  1.03159375e-01  5.74043840e-02 -3.52266915e-02
 -2.91301869e-02 -9.61190537e-02  8.17409810e-03  2.97281910e-02
 -2.43481733e-02 -3.08877137e-02  8.15823153e-02  6.97720945e-02
  2.62721330e-02  8.89866129e-02 -2.78319940e-02  2.93955244e-02
  5.77853061e-02 -1.07674906e-02 -1.78223159e-02 -6.18975870e-02
  4.42677438e-02 -6.19543120e-02  3.73175107e-02 -1.77828092e-02
 -1.84352882e-02  2.89427713e-02 -1.33741358e-02 -4.44832295e-02
  1.64126419e-02 -1.31888375e-01  1.44446697e-02 -7.70752609e-04
  8.71395394e-02 -2.32338253e-02 -8.38843733e-03 -1.01513900e-01
  1.31049352e-02 -4.49566543e-03  1.08182635e-02  8.22264478e-02
 -2.92921364e-02  5.76801747e-02 -6.98442683e-02  1.88692361e-02
 -2.56406516e-02 -4.53438610e-02 -2.67675277e-02  2.07916666e-02
  8.35755765e-02 -2.52394266e-02 -2.51795352e-02 -8.92882645e-02
  8.46765190e-02 -3.15523930e-02  8.19373131e-03  6.48571845e-34
 -8.33402202e-03  2.91227270e-02  7.14345872e-02  2.38125231e-02
  3.12403101e-03 -3.82040767e-03 -2.24112370e-03 -1.86210368e-02
  7.04151019e-02  4.65278924e-02 -1.70724854e-01  1.31415883e-02
  2.18149852e-02  2.92466749e-02 -6.53807521e-02  1.89479105e-02
 -2.77104694e-02 -6.47258237e-02 -4.61815819e-02  3.52120362e-02
  3.67825734e-03 -9.63679478e-02 -6.88096732e-02  4.77489084e-02
 -1.12495590e-02  6.46335818e-03 -4.53052856e-02  2.55928300e-02
  6.78008273e-02  5.10989837e-02  6.09528162e-02  7.97146335e-02
 -4.72941846e-02 -4.07293113e-03 -1.57598499e-02  1.27878755e-01
  2.91034370e-03 -4.59978217e-03 -9.80801880e-03 -6.37364760e-02
 -4.15347442e-02 -4.03321795e-02  8.46559629e-02  2.59273313e-02
  4.53596301e-02 -1.60070360e-02 -8.64662156e-02 -4.03276691e-03
 -1.35743935e-02 -4.21245722e-03  4.77545895e-02  6.49296492e-03
  7.88225234e-02  7.66474055e-04  4.29889746e-02 -4.70858999e-02
  3.78217511e-02 -1.16991727e-02 -2.38988176e-02  7.39723593e-02
  3.35808210e-02 -1.46965706e-03 -1.22806560e-02  2.00222302e-02
  5.86119704e-02 -5.09015806e-02  7.80098364e-02 -8.53966922e-03
  9.49104689e-03 -5.62413260e-02 -7.78259039e-02  6.99158832e-02
 -8.41154978e-02  3.80088054e-02 -1.05884716e-01 -3.02291270e-02
  1.44953039e-02 -1.11477701e-02 -1.06159030e-02  6.91480562e-02
  4.52471450e-02 -1.79928280e-02  8.90059210e-03  1.84674747e-02
  4.23631035e-02  3.59639116e-02  5.81541099e-03  9.64527503e-02
  4.97642606e-02 -1.15063284e-02  5.30644841e-02 -4.05511484e-02
  7.61543121e-03  6.25616824e-03 -4.59440127e-02 -2.62565820e-33
  8.35536793e-03  1.10879878e-03  8.25884938e-03  2.82099415e-02
 -4.67921048e-02  2.04821508e-02  5.85651547e-02  2.81021576e-02
  3.15550191e-04  6.46930235e-03 -3.65489274e-02  3.84541824e-02
 -1.99429737e-03  2.98587903e-02  5.20852720e-03  1.13464352e-02
 -3.90618630e-02 -3.21471728e-02 -3.75944516e-03 -6.60903007e-02
 -8.19298550e-02  2.12714393e-02 -4.62405290e-03  3.89434621e-02
 -4.37559262e-02  2.44084187e-02 -1.61603056e-02  4.35115434e-02
  3.31982896e-02 -3.46491858e-02 -3.83227430e-02  2.15408411e-02
  4.84131230e-03 -4.95945737e-02  1.30853262e-02 -3.64485546e-03
 -5.92114776e-02  2.12602463e-04  6.47685006e-02  4.72045969e-03
  3.97215821e-02 -1.48775028e-02  3.86928506e-02  6.14922121e-02
  2.30422430e-02  7.56434947e-02 -5.37963212e-02 -4.03860547e-02
 -4.24933881e-02 -2.34049540e-02  3.80867831e-02  6.75763329e-03
 -2.60272864e-02 -2.30751447e-02  4.72757071e-02 -7.08917081e-02
 -3.85316573e-02 -1.31672591e-01 -6.07781531e-03 -3.20315622e-02
  1.83206238e-02 -1.39062002e-03 -5.79450652e-02  1.23718239e-01
 -2.54271273e-02  1.75290070e-02 -4.79882061e-02  5.69599420e-02
 -3.92682152e-03 -6.27306551e-02 -2.73198429e-02 -1.14788897e-01
 -2.25456245e-02 -6.31019324e-02 -4.86623608e-02 -6.97936192e-02
 -1.32034972e-01  9.18498784e-02  6.82200538e-03  5.62323891e-02
  1.25958785e-01 -5.38600124e-02  4.98920232e-02  4.49204370e-02
  5.91657981e-02  3.67227904e-02  3.09487861e-02 -4.20753099e-02
 -6.02496490e-02 -4.32862602e-02 -8.60982016e-02  2.06865487e-03
 -8.67265314e-02  1.56337824e-02  3.29485089e-02 -2.71910245e-08
  8.14319998e-02 -1.04513112e-02  3.68475541e-02 -1.94027368e-02
 -2.99902465e-02 -5.38637713e-02 -7.10485876e-02  3.64157259e-02
  7.23311529e-02  3.94335389e-02 -1.09030515e-01 -3.81772146e-02
  5.67959696e-02  4.13413532e-02  4.27077152e-02  8.51661935e-02
 -3.33162844e-02  3.24383341e-02 -8.47862214e-02 -3.71140540e-02
 -4.32221517e-02 -3.49751860e-02  4.07858891e-03  7.03557283e-02
  4.77175787e-02  6.25088587e-02 -2.63155857e-03 -3.23032625e-02
  4.18675877e-02  8.12949985e-02 -9.95459482e-02 -6.08054325e-02
 -1.16149094e-02  6.93904459e-02 -7.16646388e-02  4.11005728e-02
  1.52011663e-02 -7.03714862e-02  1.22166477e-01 -6.94989264e-02
  3.64864618e-02  8.31921026e-03 -7.55845290e-03  1.11022498e-03
 -6.32670894e-03 -5.33194095e-02 -1.52357509e-02  8.07581097e-02
 -7.97720067e-03 -3.48263234e-02  2.14400385e-02 -2.26304810e-02
  1.01966336e-01  9.74460170e-02 -7.63990134e-02 -2.06126794e-02
  8.05670172e-02 -9.46149975e-03  3.51832770e-02 -2.14207359e-03
 -2.25719903e-02  5.45010082e-02  2.93340418e-03  1.00061633e-01]"
What role do traditional practices play in the spread of Schistosomiasis?,"In some cultures, traditional water contact practices, such as river bathing and washing clothes in rivers, can increase the risk of transmission.",Traditional practices involving contact with contaminated water can contribute to the spread of Schistosomiasis.,"What role do traditional practices play in the spread of Schistosomiasis? In some cultures, traditional water contact practices, such as river bathing and washing clothes in rivers, can increase the risk of transmission.","[ 9.48319435e-02  5.45126088e-02  5.03441356e-02  1.70553830e-02
  4.75711040e-02  4.81882021e-02 -1.93245448e-02  1.90927030e-03
 -1.09908588e-01  2.87472401e-02  2.14954764e-02 -4.55189943e-02
  1.12684630e-02  7.89961368e-02 -8.17040727e-02 -2.22870950e-02
 -7.40701407e-02  8.90402403e-03 -4.03243601e-02  4.87399399e-02
  2.18927246e-02 -2.81143971e-02  1.70104969e-02 -2.19204929e-02
 -2.29574330e-02 -4.02404629e-02 -9.26048961e-03 -3.79311889e-02
  2.42515616e-02 -5.23399189e-03 -6.54316172e-02  1.10092998e-01
 -7.59074464e-02 -8.82212073e-02 -7.18039796e-02  5.49189374e-02
  3.37801129e-02  1.97367985e-02  8.81947279e-02  3.77038382e-02
  4.73832376e-02 -5.40569425e-03  1.27869686e-02 -6.89696744e-02
 -8.82427618e-02  9.05318931e-03  9.61107854e-03  1.81104001e-02
 -5.78727573e-02 -3.59892175e-02 -2.59433296e-02 -7.14873597e-02
  3.53397988e-02  8.67594033e-02 -4.03202772e-02 -6.14635944e-02
 -6.02835380e-02 -6.80700019e-02 -1.06073860e-02 -2.50245240e-02
  1.17194224e-02 -1.61808133e-02 -4.32738885e-02  1.55998848e-03
  2.15457715e-02 -7.12425783e-02 -2.29680110e-02  1.42031625e-01
  3.24429311e-02  1.33078089e-02  1.56471655e-02  4.03733691e-03
  5.60184428e-03  1.05429657e-01  1.33087933e-02 -6.02457598e-02
 -3.57341580e-02 -9.18480903e-02 -7.63232782e-02 -3.39201279e-02
 -1.56918243e-02 -3.27899307e-02  9.33609679e-02 -9.96150076e-03
  1.22739244e-02  9.81632546e-02 -5.47258072e-02 -1.78039167e-03
  1.06843039e-02  4.94102053e-02  2.57197907e-03 -7.48648196e-02
 -1.16286250e-02 -1.03280313e-01  2.04287060e-02  3.89566608e-02
 -1.90359168e-02 -5.23813255e-03  3.00382953e-02 -1.06415628e-02
  5.09277591e-03 -6.32400140e-02 -2.06407681e-02 -2.67744996e-02
  6.56393841e-02 -6.11195862e-02 -6.78548664e-02 -7.31657296e-02
  3.98066267e-02  1.38461739e-02 -1.72302853e-02  3.19036841e-02
 -4.22912464e-02  2.99481619e-02 -3.98851968e-02  2.00298224e-02
 -8.65789782e-03 -4.49094847e-02 -2.35085785e-02 -3.83384302e-02
  8.13134983e-02 -1.49696870e-02 -4.18720543e-02 -5.13357632e-02
  9.61454511e-02 -8.66657402e-03 -1.47207091e-02 -7.49214870e-34
 -3.05375294e-03 -4.51296158e-02  3.16197164e-02  2.62425467e-02
  7.02124164e-02  1.90699659e-02 -1.11491671e-02 -1.27377547e-02
  5.47827855e-02 -1.14031946e-02 -1.41097248e-01  1.66971665e-02
 -2.98604332e-02  3.08318231e-02 -2.28760634e-02  1.31619591e-02
 -1.13302851e-02 -4.57997955e-02  3.02554071e-02  3.95046137e-02
 -4.49638162e-03 -6.74874559e-02 -5.04468866e-02 -3.31540443e-02
 -2.40795407e-02  5.05198119e-03 -4.03719880e-02  2.97313910e-02
  4.74392846e-02  3.14145572e-02  9.50503275e-02 -1.62148960e-02
 -7.05194771e-02 -4.24903817e-02  5.39371967e-02  1.47398248e-01
  1.30400872e-02 -3.45227271e-02 -1.83761660e-02 -9.10844747e-03
 -4.42653848e-03 -3.73977534e-02  2.43013017e-02  3.86177450e-02
 -3.67791066e-03  4.70769126e-03  1.95527356e-03 -1.97311081e-02
 -3.46787972e-03 -2.37382911e-02  5.85568324e-02 -1.15133654e-02
  1.22723751e-01  1.21775810e-02  5.70693538e-02  2.68306993e-02
  5.14409244e-02 -7.36552626e-02 -5.87583743e-02  4.54940274e-02
  6.50567841e-03 -4.06775698e-02 -1.48611311e-02  3.04082911e-02
  9.05460417e-02  5.21577487e-04  6.87833726e-02 -4.75801714e-02
  2.09170510e-03 -1.13492213e-01 -1.01962239e-01  6.18383251e-02
 -1.44019783e-01  6.24090657e-02 -3.43000256e-02 -5.46075702e-02
  8.20146035e-03 -2.40575727e-02  2.79586893e-02  7.26720318e-02
  3.60902138e-02 -4.44847867e-02  5.73484506e-03  9.36119333e-02
  1.14921387e-02  3.08690667e-02  3.30299847e-02  2.66746730e-02
  4.19592895e-02  4.71334085e-02  9.14475396e-02 -5.52744791e-02
 -7.69434776e-03 -4.13566735e-03  3.57820950e-02 -7.25080823e-34
 -1.54235810e-02  1.08057884e-02 -6.66803727e-03  6.74696341e-02
 -2.75484212e-02  3.78357805e-02  2.85862777e-02  5.57977743e-02
  1.59763247e-02  3.14214192e-02 -3.08011826e-02  7.44463578e-02
 -2.71340031e-02  3.84702906e-02  1.23309446e-02 -2.06183419e-02
  3.93072516e-03  5.25536314e-02  2.15763450e-02 -1.17012255e-01
 -8.29814151e-02  3.65395434e-02  3.25023048e-02 -4.11025770e-02
 -5.01438528e-02 -1.25174003e-03 -1.87308826e-02  2.83159632e-02
 -2.36194339e-02 -1.63051505e-02  2.88069565e-02 -5.29291225e-04
  1.72037669e-02 -4.74742018e-02  9.00306366e-03  5.97323030e-02
 -1.38476053e-02  3.29194292e-02  9.33211520e-02 -1.55504709e-02
  3.71093899e-02  2.98180040e-02  5.32662682e-02  5.29509299e-02
  1.47666289e-02  1.41423270e-01 -7.98552409e-02  1.85716040e-02
 -2.30152272e-02  8.83841945e-04  1.31913191e-02  1.91392116e-02
 -2.77078617e-02 -6.45687059e-02  7.69397467e-02 -7.22907409e-02
 -3.87529843e-02 -8.76471326e-02 -5.93391284e-02 -2.38698889e-02
  1.61047503e-02  8.37595016e-02 -8.83084014e-02  1.98213309e-02
  1.78358387e-02  4.28403690e-02 -7.55890757e-02  5.02051227e-02
  2.23599491e-03 -3.00826877e-02 -3.61905210e-02 -1.07079163e-01
 -5.33309169e-02 -4.44380194e-02 -7.44004250e-02 -3.45711149e-02
 -8.78285393e-02  7.85204694e-02  6.74322024e-02  9.57945138e-02
  6.17621951e-02 -2.10001487e-02  4.64967377e-02 -2.31650919e-02
  4.90512289e-02  3.92304063e-02 -7.19392300e-03 -1.17175216e-02
  2.22050562e-03 -2.36780327e-02 -6.35223389e-02 -1.49526987e-02
 -5.72559088e-02  5.78948483e-03  1.95431728e-02 -2.73087490e-08
  1.85660180e-02 -4.57360968e-02  6.22046292e-02  3.26458510e-04
 -8.43600370e-03  5.90312807e-03 -1.45622548e-02  4.00484279e-02
  1.68643147e-02  3.28335613e-02 -1.51031449e-01 -4.78813099e-03
  1.03856049e-01 -1.50496326e-03  3.48490104e-02  3.83135490e-02
  3.62486281e-02 -8.95205699e-03 -1.15526043e-01 -7.21379649e-03
 -3.06431600e-03 -4.67107706e-02 -1.99440327e-02  8.94423276e-02
  3.48260850e-02 -5.22191729e-03  3.00767776e-02  7.54642636e-02
  7.97651783e-02 -1.10834399e-02 -1.34336324e-02 -5.62194474e-02
 -1.03718378e-02  9.33668464e-02 -8.75870734e-02  2.84049381e-02
 -7.63369128e-02 -5.63965701e-02  1.05808020e-01 -1.63123682e-02
  6.59030750e-02 -5.88148460e-02  2.99300738e-02  2.06048731e-02
 -3.44546512e-02  2.47633811e-02 -1.80472042e-02  7.02638179e-02
 -5.71015617e-03 -3.78349051e-02 -4.87490147e-02  3.70478779e-02
  7.93796033e-02  9.48704109e-02 -6.44647330e-02 -2.10788436e-02
  2.25051362e-02 -3.11728753e-03  1.36561655e-02 -4.73684780e-02
 -4.47098240e-02  7.70756528e-02 -3.56924869e-02  9.78925973e-02]"
How is the international community responding to Schistosomiasis outbreaks?,"The international community, through organizations like the WHO, supports mass drug administration programs, improved sanitation, and health education campaigns to control Schistosomiasis.","The WHO and other organizations support drug administration, sanitation, and education to control Schistosomiasis.","How is the international community responding to Schistosomiasis outbreaks? The international community, through organizations like the WHO, supports mass drug administration programs, improved sanitation, and health education campaigns to control Schistosomiasis.","[ 8.35929289e-02 -2.19594538e-02  3.46673280e-02  9.80150420e-03
  4.26505730e-02  4.22041640e-02 -2.21335869e-02  4.23760898e-02
 -5.12358695e-02  5.05946651e-02 -1.13058006e-02 -3.07241101e-02
  2.70851015e-04  1.03996091e-01 -5.89653254e-02 -2.32822374e-02
 -2.84514278e-02 -2.26536263e-02 -7.01609403e-02 -2.62715891e-02
 -3.83468485e-03  8.61309469e-04  9.71624032e-02  5.24325855e-02
 -1.22197345e-01  2.10149144e-03 -5.83217591e-02 -3.31590213e-02
 -5.47399484e-02  3.34743224e-02 -2.59380098e-02  3.83377783e-02
 -8.00157618e-03 -4.40282980e-03  1.28707886e-02  3.61325517e-02
  3.85219231e-02  3.60961184e-02  7.14993924e-02  1.53055945e-02
  1.97589886e-03 -6.26788065e-02  2.60058269e-02 -5.91319762e-02
 -3.79409604e-02 -6.50776103e-02 -8.11474994e-02  5.59259355e-02
 -4.14558351e-02 -3.88019383e-02  1.87851861e-02 -8.79972875e-02
  4.06912118e-02  2.91810799e-02 -6.90546958e-03 -4.29100469e-02
 -1.83446780e-02 -3.48862559e-02 -1.35326190e-02 -9.36603770e-02
 -2.95968559e-02 -3.95049043e-02  2.18703272e-03  4.70600650e-02
  2.36915220e-02 -7.38084968e-03  2.39059888e-02  7.29279667e-02
  3.60217318e-02 -3.86631079e-02  4.48440090e-02 -2.08657440e-02
  3.09477430e-02  1.64966464e-01  3.95399593e-02 -2.18971465e-02
  5.41665740e-02 -1.44032401e-03  4.74308133e-02  3.01115625e-02
  1.02257662e-01 -3.80646773e-02  9.29274410e-02 -1.84570011e-02
  4.15414833e-02 -1.50263356e-02 -2.75314003e-02  2.92255562e-02
  5.29956445e-02  5.81164025e-02 -1.30646385e-03 -7.06900097e-03
  8.88165459e-02 -2.73775179e-02 -2.24164594e-02  1.65646356e-02
  6.49817884e-02 -2.59110276e-02 -7.86087010e-03  2.95054466e-02
  1.21715032e-02 -9.78763476e-02 -6.25032187e-02 -9.45788175e-02
 -1.76484361e-02 -1.36103276e-02 -6.59489259e-02 -1.65790878e-02
  4.78251884e-03  3.51802260e-02 -6.71987832e-02  1.18196802e-02
 -2.42040679e-03  1.09714677e-03 -1.94835290e-02 -3.68369892e-02
  3.96304913e-02  4.01003379e-03 -3.32730496e-03 -4.16364558e-02
  1.36350989e-02 -3.84705365e-02 -3.67590785e-02 -7.92872608e-02
  8.87097865e-02  3.37921567e-02 -6.21994920e-02 -7.59063722e-34
 -9.53487977e-02  3.78838554e-02  6.95265457e-02  4.41094898e-02
 -2.38427520e-02 -2.87287887e-02 -1.48352850e-02  5.69354333e-02
 -7.28430040e-03 -6.14347197e-02 -1.09518416e-01  3.72408181e-02
  4.63482253e-02  1.05718322e-01 -2.75288168e-02 -3.61638889e-02
 -1.17858555e-02  4.61762100e-02 -3.19642201e-02  6.10103458e-02
  2.14100238e-02 -8.03839341e-02  2.16901787e-02  4.02895920e-02
  5.54843992e-02  1.81735512e-02 -6.17192835e-02  3.28359716e-02
  8.71414319e-02  4.02400121e-02  5.86818717e-02  2.59778332e-02
 -9.32532921e-02 -1.23940870e-01  1.66295413e-02  5.58075942e-02
  3.48447524e-02 -2.17659120e-02 -6.18631802e-02 -6.21337667e-02
 -1.15113258e-02  5.13946712e-02 -3.33315507e-02  5.20894490e-02
  9.56394449e-02  2.00535581e-02 -4.97877337e-02  1.15489047e-02
 -4.02425714e-02 -1.02619398e-02  2.93876957e-02 -3.98196355e-02
 -1.12257786e-02 -1.13752307e-02  1.03580475e-01  1.29831070e-02
  2.69373017e-03 -3.04889586e-02 -1.24766072e-02 -2.64615584e-02
  8.21703970e-02 -3.89337428e-02 -3.59365083e-02  1.63884666e-02
  4.29062955e-02 -6.68782042e-03  6.53513819e-02 -1.92263443e-02
 -2.10218094e-02 -2.60975119e-02 -2.75138281e-02  5.12545705e-02
 -1.00733265e-01  9.23879296e-02 -9.84283388e-02 -4.34976034e-02
 -1.28066503e-02  1.03511531e-02  2.64918935e-02  5.88460788e-02
  6.93412090e-04 -4.38427478e-02  5.15616499e-02  4.28339392e-02
  3.70294340e-02  9.03030485e-03 -1.62643176e-02  1.14216879e-01
  6.17093220e-02 -1.95573382e-02 -2.77322996e-02 -5.79392426e-02
 -3.39252837e-02  1.03126004e-01 -7.81880692e-03 -1.11956075e-33
  1.72056738e-04  2.92020850e-03 -1.47890737e-02  2.34876946e-02
 -2.97687743e-02  4.96547781e-02 -8.10362212e-03 -3.48779894e-02
  8.95101652e-02  4.30426598e-02 -2.72445045e-02 -2.70099915e-03
  3.74552198e-02  4.25730422e-02 -2.92689241e-02 -1.40595008e-02
  5.22598103e-02 -1.16797443e-02 -4.11496721e-02 -4.05979492e-02
 -9.64816734e-02 -7.33416248e-03  8.71197414e-03 -3.05064935e-02
 -4.36805040e-02 -1.81817729e-02  4.28202413e-02  2.15218458e-02
  1.44784767e-02 -4.87526581e-02  4.69807237e-02  3.86183746e-02
 -4.47850935e-02  3.02786380e-02 -5.85863441e-02  9.09581929e-02
  1.82538887e-03 -3.93340699e-02  1.82629446e-03 -2.56422292e-02
  4.00156900e-02  3.34973373e-02 -7.60932788e-02  6.27321973e-02
 -4.53359261e-02  1.17129467e-01 -3.33524495e-02  5.08872159e-02
 -3.17573361e-02 -3.23619209e-02 -7.27070719e-02 -2.38586310e-02
 -2.56788787e-02 -4.45374250e-02  3.95095199e-02 -1.85631961e-02
 -5.89681044e-02 -1.11790717e-01 -3.76843251e-02 -5.28322496e-02
 -4.22151424e-02  2.36090962e-02 -9.60419700e-02  8.07551295e-02
  4.12195884e-02 -2.62918901e-02  2.85964832e-02 -2.91436240e-02
  8.80808011e-03 -6.13876656e-02  6.69404492e-02 -6.06162809e-02
 -1.07540078e-01 -1.91978663e-02 -1.19184721e-02 -6.20868392e-02
 -8.41533095e-02  5.38454652e-02  1.36014819e-02 -3.69456299e-02
  1.40474185e-01 -7.65345022e-02  6.74662292e-02 -4.56219465e-02
  5.74353859e-02  3.96080054e-02  1.95204318e-02  2.55648978e-02
 -1.53634446e-02  3.73175740e-02 -7.46631548e-02 -5.47113875e-03
 -2.40573063e-02 -1.09725930e-02  3.41843031e-02 -3.17535012e-08
  8.46136287e-02 -3.75076234e-02  3.60180028e-02  8.71919394e-02
 -5.16322860e-03  4.04357724e-02 -1.63468480e-01  4.68750596e-02
  3.22575718e-02  8.44301656e-02 -3.32633927e-02  4.20213267e-02
  1.25640640e-02  6.20651385e-03  3.68144624e-02 -1.63595062e-02
 -1.92993749e-02  8.99756476e-02 -6.19443171e-02 -1.26488414e-02
 -3.54896672e-02  9.83464997e-03 -1.12190295e-03  9.35393292e-03
  1.19111337e-01 -4.63255914e-03 -4.18519489e-02  2.12254375e-02
 -2.27974337e-02 -7.67603219e-02 -6.90655410e-02 -4.56336737e-02
 -7.14571029e-02  7.04408959e-02 -6.22641481e-02 -9.11782216e-03
 -1.63686518e-02 -4.02139761e-02  1.33399293e-01 -1.27242148e-01
  2.01184116e-02  3.66865061e-02 -3.96681717e-03 -1.64069217e-02
 -2.82281004e-02  1.99700184e-02 -4.97062504e-02  7.17023388e-02
 -1.46082584e-02 -8.04478303e-02 -2.81246156e-02 -6.44698590e-02
  6.23177998e-02  7.81882927e-02 -4.89114262e-02 -2.13838127e-02
  9.93727706e-03  8.52947868e-03  6.57394677e-02  2.39450149e-02
  3.95084880e-02 -4.08671014e-02 -4.42760214e-02  2.39208099e-02]"
What vaccines are available for Schistosomiasis?,"As of my last update, there were no commercially available vaccines for Schistosomiasis, but several vaccine candidates are in various stages of research and development.","There are currently no vaccines for Schistosomiasis, but research is ongoing.","What vaccines are available for Schistosomiasis? As of my last update, there were no commercially available vaccines for Schistosomiasis, but several vaccine candidates are in various stages of research and development.","[ 6.04932569e-02 -2.63955183e-02  5.89255476e-03 -4.43094261e-02
  1.91332363e-02  7.02159330e-02 -3.41948606e-02  2.06263512e-02
 -6.85779303e-02  1.04542509e-01  2.14095600e-02 -1.12489946e-02
  2.73647550e-02  7.68496692e-02 -8.80790502e-03 -1.24416938e-02
  3.65266018e-02 -1.29630761e-02  6.54840618e-02 -6.85687736e-02
 -6.17467286e-03 -6.08647894e-03  1.40316952e-02  2.36979481e-02
 -1.30707277e-02 -4.50604670e-02 -5.65521941e-02 -1.31778643e-02
 -4.99551333e-02 -5.00562377e-02 -1.03388697e-01 -2.58867517e-02
 -7.27670640e-02 -8.41655582e-02  3.34897474e-03 -6.45575598e-02
  7.64600176e-04  8.45157504e-02  7.60554373e-02 -2.92109512e-03
  9.54582263e-03  5.49405068e-02 -7.41189672e-03 -4.26447429e-02
 -6.05630130e-02 -2.58785561e-02 -2.52646729e-02  1.32465819e-02
 -8.98218993e-03  1.93900503e-02 -4.58006561e-02 -1.48610100e-01
  4.21071090e-02  7.53583834e-02 -1.17516592e-02 -1.38857245e-01
 -1.12615712e-01  7.62167480e-03  4.03634645e-02 -2.22229790e-02
 -9.27167833e-02 -6.47288784e-02  1.98774058e-02  1.04577700e-03
 -1.89381875e-02  7.43779168e-02 -3.18166874e-02  3.38826254e-02
  9.17138066e-03  4.04717289e-02  7.23955547e-03  2.92590987e-02
  3.10466252e-02  1.08106934e-01  2.09940653e-02  1.86895579e-03
  5.21327220e-02 -3.82336490e-02  5.75906411e-02 -3.11859488e-03
 -5.35816662e-02 -4.75820201e-03 -2.32583079e-02  1.96308605e-02
  4.59610224e-02  1.20799981e-01 -4.03288864e-02  8.26316550e-02
  3.47389989e-02  9.64355562e-03  1.01450626e-02 -3.59195359e-02
  3.30107287e-02 -4.12672274e-02 -2.57860087e-02 -2.57139653e-02
 -1.20665096e-02  2.68320348e-02 -1.08715991e-04 -5.75751923e-02
  2.28399578e-02 -1.34650111e-01  1.71405636e-02 -7.17449859e-02
  5.60711287e-02  4.60392386e-02 -3.86079289e-02 -1.13122880e-01
  1.60878804e-02  2.13911571e-02 -5.16519696e-02  6.49604434e-03
 -2.88562686e-03 -4.17281799e-02 -5.99480532e-02  2.07885597e-02
  7.32374960e-04 -5.79964966e-02  5.67181483e-02 -4.24685702e-02
  7.66776651e-02 -3.19331661e-02 -4.19313386e-02 -7.24434406e-02
  5.00279851e-02  1.85814742e-02  6.02080347e-03  1.08524513e-33
 -5.42091057e-02  5.45982271e-02  1.00300163e-01  1.02142245e-01
  2.56146267e-02  3.62438448e-02  5.96749075e-02  8.22925940e-02
 -3.87937464e-02 -4.17043827e-02 -1.54955238e-01  7.29129743e-03
 -6.88473508e-03  5.66190071e-02  1.79471485e-02 -4.64226529e-02
 -1.29796355e-03 -4.26378138e-02  8.16686824e-03 -4.30106279e-03
 -8.36629048e-03  2.45117545e-02 -2.09624805e-02  1.90385396e-03
  2.72619370e-02  6.75901771e-03  1.80302560e-02  4.30761315e-02
  9.11149941e-03  3.06535661e-02  4.64567691e-02  4.34841886e-02
 -7.58312866e-02 -1.44438120e-02  1.65558830e-02  6.34599430e-03
 -1.64414570e-02 -7.12346286e-02  3.58676887e-03 -1.37033442e-03
  5.82985133e-02  3.68595123e-02 -1.89926922e-02  4.29147892e-02
  2.85268594e-02 -7.72401094e-02 -5.98847121e-02 -1.13531239e-02
  2.16108952e-02 -3.48551050e-02  8.13032687e-02  1.14591727e-02
  5.83194532e-02 -7.66138509e-02  2.95194723e-02  9.14007146e-03
  2.02341448e-03  2.13105325e-02 -8.37318785e-03  3.84390317e-02
  1.74420215e-02 -4.33502458e-02 -3.03402753e-03 -4.63853888e-02
  3.29994336e-02  1.55295921e-03  3.24338600e-02 -6.80798143e-02
 -7.74307176e-02 -5.55591062e-02  5.49864434e-02  3.45041812e-03
 -6.18750155e-02  4.92714457e-02 -3.35683711e-02 -3.90600995e-03
  6.55587241e-02 -2.81410273e-02  2.36564241e-02  6.01327084e-02
  2.97194794e-02 -2.13188324e-02 -4.45224345e-02  8.25360641e-02
  1.53538333e-02 -8.24543834e-02 -3.68076153e-02  2.62102671e-02
  6.52547041e-03  2.01323219e-02 -3.97822931e-02 -2.14354545e-02
 -2.22562067e-02  4.76956181e-02 -8.57753796e-04 -2.74424152e-33
 -2.62888074e-02 -1.29533345e-02  2.78434586e-02  8.51852372e-02
 -6.58723116e-02  8.23043361e-02  9.68021452e-02  1.90617349e-02
  6.37136474e-02 -4.42826413e-02  1.12261940e-02  2.62859324e-03
  3.00591756e-02  4.48342450e-02 -5.24487458e-02  5.37463613e-02
 -1.03443533e-01 -4.07039933e-02  7.59647600e-03 -4.96134311e-02
 -6.07624613e-02  6.82523325e-02  5.22194840e-02 -3.97940949e-02
  6.60278872e-02 -6.52950210e-03  4.97706681e-02  9.71172452e-02
 -1.75493862e-02  1.22474702e-02 -4.10109088e-02 -2.45258771e-02
  9.99998953e-03  4.45768572e-02 -2.24554539e-02  3.26875634e-02
  5.04689179e-02 -1.88565440e-02  4.10122536e-02 -6.59636259e-02
 -3.16894911e-02  3.07931768e-04  6.69103563e-02  8.40864033e-02
  6.26910031e-02  5.30714467e-02 -7.13436082e-02  5.70029356e-02
  4.43158634e-02  6.92266673e-02 -4.01568599e-02 -6.80603683e-02
 -5.62298074e-02  4.23210254e-03  1.36881359e-02 -6.54548779e-02
 -8.55879933e-02 -6.20875545e-02  3.15559171e-02 -5.62193431e-02
 -4.83870246e-02  1.27656385e-02 -3.65544669e-02  3.98158096e-02
  2.64106300e-02  7.31776133e-02 -3.36687490e-02  8.91099684e-03
 -7.44636133e-02 -7.52626210e-02  2.83527691e-02 -4.10846062e-02
 -2.47654859e-02 -2.23202500e-02 -5.89617267e-02  1.50306979e-02
 -1.41437268e-02  1.04239911e-01  7.91313574e-02  3.67009789e-02
  1.51420653e-01 -4.50806469e-02  5.59474304e-02  6.41506985e-02
  7.72544146e-02  5.40637635e-02  4.50434908e-02 -1.77700594e-02
 -2.69125123e-02  1.78880338e-02 -1.85444243e-02  2.01886566e-03
  7.32109845e-02  4.15978543e-02 -8.62301141e-03 -2.58056723e-08
  1.46605566e-01 -3.05094291e-02  1.88827366e-02 -3.60953994e-02
 -2.34114546e-02 -1.80096626e-02 -9.28916782e-02 -1.52352005e-02
  1.36014810e-02 -2.50000594e-04 -5.54773659e-02 -3.87718119e-02
  5.25610521e-02 -1.38368867e-02  2.36606803e-02  2.04001926e-02
 -7.44885504e-02  1.01461850e-01 -3.96088175e-02  3.10087185e-02
 -5.14673330e-02  1.78316366e-02 -4.58632819e-02  2.38417611e-02
  6.13410957e-02 -2.12895907e-02 -4.96355854e-02 -6.04563579e-02
  4.97223176e-02 -8.68517831e-02 -9.80784446e-02 -7.58928508e-02
 -3.38851591e-03 -9.61843356e-02 -3.70604619e-02  5.97337857e-02
 -1.02990501e-01  1.56623386e-02  7.31193870e-02 -3.78742144e-02
  6.31069392e-02 -1.09911785e-02  3.06978337e-02 -5.09901308e-02
 -5.22871315e-02 -3.22012343e-02 -4.42059375e-02  1.20040840e-02
 -4.69807312e-02 -2.34427303e-02 -5.80265112e-02 -2.92399209e-02
  9.32909101e-02 -1.31464759e-02 -8.93581063e-02 -5.19064022e-03
  3.80886323e-03 -3.61460261e-02  7.39904912e-03 -1.70862693e-02
  3.23329829e-02  2.36730576e-02 -6.21783733e-03  1.45182177e-01]"
How do cultural factors influence Schistosomiasis transmission?,"Cultural factors such as bathing rituals, water resource management, and local attitudes towards sanitation can influence the transmission rates of Schistosomiasis in affected communities.",Cultural habits related to water use and sanitation can affect Schistosomiasis transmission rates.,"How do cultural factors influence Schistosomiasis transmission? Cultural factors such as bathing rituals, water resource management, and local attitudes towards sanitation can influence the transmission rates of Schistosomiasis in affected communities.","[ 1.62337169e-01  5.08208238e-02  4.63533960e-02  2.16689091e-02
  6.53364807e-02  5.70507534e-02  3.37487506e-03 -1.84648652e-02
 -7.53821060e-02  1.80510536e-03  4.54054736e-02 -7.76964948e-02
  3.14238481e-02  1.17066197e-01 -7.36927390e-02 -5.86484335e-02
  4.87195840e-03  2.51755621e-02 -6.76344112e-02 -1.61332823e-02
  3.97010557e-02 -7.17947185e-02  7.73752108e-02 -3.62647921e-02
 -1.16218217e-02 -5.82179576e-02  4.33853501e-03 -5.34381904e-02
  2.62308121e-02  4.98758815e-02 -5.93184792e-02  1.20302036e-01
 -7.60427788e-02 -9.36681181e-02 -4.38304804e-02  3.96864787e-02
  3.65414582e-02  4.30347137e-02  7.98712522e-02  5.92391044e-02
  2.64436621e-02 -1.03692841e-02  2.28357613e-02 -4.95453440e-02
 -1.03555344e-01 -1.11665651e-02 -1.42737292e-02  5.23094498e-02
 -1.23427719e-01  6.72311662e-03 -2.13430114e-02 -1.85991433e-02
  5.11203483e-02  5.08134291e-02 -2.71858517e-02 -8.88496041e-02
 -2.55680513e-02 -5.74254729e-02 -1.49745345e-02 -2.28666998e-02
 -7.67948776e-02 -2.09573917e-02 -2.05746479e-02 -8.25544912e-03
  1.04793258e-01 -1.33020338e-02 -3.93252969e-02  4.36674133e-02
  4.69178241e-03 -3.20950188e-02  4.26180623e-02 -2.30080448e-02
  1.99614130e-02  1.03216067e-01  2.61549838e-02 -6.06374964e-02
 -3.15451436e-03 -6.55961037e-02 -9.69430730e-02 -1.95196532e-02
  1.88282542e-02 -3.71126458e-02  5.32927252e-02 -2.47979593e-02
  2.10779384e-02  4.05347012e-02 -1.32635739e-02 -4.54600464e-04
 -1.45075684e-02  7.40941241e-02  3.78933512e-02 -7.77737843e-03
  6.06052903e-03 -9.10680890e-02  3.12062092e-02  1.34509075e-02
 -2.09585279e-02 -9.47088003e-04  1.19115086e-02 -4.84383628e-02
  2.66383262e-03 -5.46387397e-02 -5.78342341e-02 -2.43761968e-02
  5.52866124e-02 -7.79262781e-02 -6.50985390e-02 -1.26967486e-02
 -1.89766511e-02  2.97494736e-02 -3.17970254e-02  4.13982309e-02
 -7.45708356e-03  1.42304078e-02 -2.37905001e-03 -2.40738448e-02
  1.38746453e-02 -5.41293956e-02 -9.71697178e-03 -4.22910415e-02
  7.69393966e-02 -4.90441881e-02 -5.88827170e-02 -6.24407120e-02
  8.08210298e-02 -2.65089292e-02 -4.38462496e-02  1.14673809e-33
 -7.37713203e-02 -3.25774308e-03  3.48270610e-02  4.94841672e-02
  6.45583943e-02 -7.89960008e-03  1.45450495e-02  3.25119533e-02
  8.26716572e-02 -2.75568180e-02 -1.36996582e-01  5.39794937e-02
 -2.55792867e-02  3.39180455e-02 -7.32696988e-03  3.44482437e-02
 -3.36427130e-02 -3.06532457e-02  2.77445000e-02  6.05471805e-02
  4.87179589e-03 -5.92638403e-02 -4.10105921e-02 -2.02877983e-03
 -4.75367419e-02 -5.69436587e-02 -7.84246475e-02  4.41042148e-02
  1.73154008e-02  3.24305408e-02  7.90119246e-02  1.17498012e-02
 -3.73136885e-02 -1.09059811e-01  5.20216562e-02  7.57586360e-02
  7.37857074e-02 -2.79384572e-02 -2.25873888e-02 -2.64342818e-02
 -3.41957100e-02 -2.07617301e-02 -1.35074882e-02  4.23229635e-02
  1.47288956e-03  1.18284849e-02 -2.04601535e-03 -6.71545491e-02
 -6.49610087e-02 -3.34743265e-04  5.02284244e-02  1.32439537e-02
  1.26211137e-01 -2.00868659e-02  8.90183225e-02  2.92098448e-02
  7.80483410e-02 -4.84808013e-02 -4.44491468e-02  4.71574031e-02
 -1.00603057e-02 -3.26658636e-02  1.70291625e-02 -8.05628765e-03
  1.28528520e-01 -6.61293268e-02  1.03791378e-01 -4.49362770e-02
 -1.51869887e-02 -5.72670735e-02 -6.61352575e-02  5.55485487e-02
 -1.31891161e-01  7.82429427e-02 -5.82118109e-02 -3.55875269e-02
 -2.28455029e-02 -1.66834332e-02  2.69116983e-02  6.23268448e-02
 -3.03768627e-02 -1.35666868e-02 -2.80427672e-02 -1.51141154e-04
 -4.05479223e-03  4.17037681e-02  4.04015072e-02  6.70520738e-02
  5.06033264e-02 -8.81588832e-03  9.26442146e-02 -5.47256730e-02
  3.88624985e-03  3.79802696e-02  2.00585518e-02 -2.92168147e-33
 -4.19027656e-02 -1.27165886e-02 -9.67489462e-03  1.87356845e-02
 -2.42334232e-02  1.15208188e-02  3.03653684e-02  5.08592203e-02
  4.16523516e-02  1.35922190e-02 -1.13118552e-02  3.43915224e-02
  3.52877639e-02  7.20392913e-02 -3.91582120e-03 -1.33292628e-02
  6.51876181e-02  4.49390896e-02 -6.40370883e-04 -3.36450040e-02
 -9.52410474e-02  7.00228885e-02 -1.28886215e-02 -4.45033163e-02
 -7.63110965e-02  1.32513121e-02 -4.11697477e-02  3.39933932e-02
 -3.15020010e-02 -6.39574253e-04  1.30901430e-02  2.96106748e-02
  2.90732048e-02 -5.66072110e-03  1.42817600e-02  5.86196668e-02
  6.24935329e-03  2.11094180e-03  1.98730268e-02 -1.00413850e-02
  3.68591910e-03  5.02803028e-02  3.92291024e-02  5.97663373e-02
 -4.73044440e-03  1.33667037e-01 -5.31273670e-02 -2.80800704e-02
 -6.02209801e-03 -2.48726853e-03  5.32279238e-02 -9.09548439e-03
 -2.81849131e-02 -5.43897450e-02  3.09235323e-02 -3.94799151e-02
 -1.40634989e-02 -1.32480353e-01  1.10194553e-02 -2.34900266e-02
 -1.96656398e-02  5.68471178e-02 -1.02672622e-01  3.43018817e-03
 -1.29959853e-02 -2.97374651e-02 -1.59383230e-02  3.76130193e-02
  2.15322226e-02 -4.28106934e-02 -5.59439212e-02 -7.85176083e-02
 -4.97498810e-02 -1.58018675e-02 -8.51935148e-02 -1.36741875e-02
 -7.68097267e-02  1.24975696e-01  6.28670454e-02  2.55479831e-02
  6.09599501e-02 -3.38393487e-02  3.00039295e-02 -4.11157086e-02
  1.53003139e-02  4.21211496e-02 -2.62288786e-02 -2.09013522e-02
  1.01039400e-02 -4.65891548e-02 -1.16011992e-01 -1.78633686e-02
 -6.82179704e-02 -3.14408244e-04  2.59266775e-02 -2.78245178e-08
  1.53403804e-02 -8.17395300e-02  3.43978256e-02  3.50576192e-02
 -5.83196385e-03  2.86221448e-02 -9.76317674e-02  7.44157583e-02
  2.33023427e-02  4.45275791e-02 -1.30370468e-01  1.27783623e-02
  5.62418811e-02  2.48415656e-02  8.92369822e-03  1.55005660e-02
  2.10790038e-02  2.73433570e-02 -4.21545208e-02 -2.62667350e-02
 -5.22073219e-03 -2.85193678e-02  7.17367884e-03  4.31073979e-02
  6.07686229e-02 -7.11321784e-03 -3.95403197e-03  2.97674183e-02
  4.49166028e-03 -4.86073196e-02 -1.11932997e-02 -1.06043510e-01
 -4.48163189e-02  8.86421055e-02 -3.50057967e-02  3.78967598e-02
 -9.81616378e-02 -6.16864450e-02  1.09682448e-01 -2.86430046e-02
  8.98809358e-02 -4.83818054e-02 -2.34069228e-02  3.84900123e-02
 -2.92809028e-02  7.56386155e-03 -3.97832245e-02  7.72610307e-02
 -4.51028906e-02 -2.29791459e-02 -2.73229126e-02 -1.68532562e-02
  3.80879305e-02  5.58503196e-02 -1.61808301e-02 -4.21291217e-02
  6.75251782e-02  4.30292450e-02  4.80338186e-02  3.10106762e-03
  4.56781872e-02  1.34057194e-01 -6.86136931e-02  4.34910059e-02]"
What is the economic impact of Schistosomiasis outbreaks?,"Schistosomiasis can have a significant economic impact due to increased healthcare costs, reduced ability to work, and decreased productivity, especially in agricultural communities.",Schistosomiasis outbreaks can lead to high healthcare costs and reduced workforce productivity.,"What is the economic impact of Schistosomiasis outbreaks? Schistosomiasis can have a significant economic impact due to increased healthcare costs, reduced ability to work, and decreased productivity, especially in agricultural communities.","[ 8.37268606e-02  6.48507662e-03  3.25053595e-02  2.60177664e-02
  9.70533118e-02  9.06303450e-02 -3.92270535e-02  6.31294399e-02
 -7.49425590e-02  4.26589325e-02 -3.83803155e-03  2.74677575e-02
  6.35862648e-02  3.47834229e-02 -8.31319690e-02 -3.17620300e-02
  7.93772284e-03 -1.82211846e-02 -8.17799568e-02 -5.34572415e-02
  4.78734933e-02 -2.55142767e-02  6.77609816e-03 -1.18132755e-02
 -8.20238143e-03 -6.99020475e-02 -3.78642417e-02 -1.64864250e-02
 -6.74086288e-02  3.11763193e-02 -1.12000719e-01  5.27969077e-02
  4.41515865e-03 -4.97743189e-02 -1.58515554e-02 -4.80827577e-02
  8.21460932e-02  7.60046020e-02  5.16209677e-02  2.95150075e-02
  1.97006073e-02 -5.77158935e-04 -3.36314961e-02 -6.65254593e-02
 -1.18077569e-01 -1.03539579e-01 -2.68436503e-02  2.16708425e-02
 -6.45224452e-02 -8.94257240e-03 -2.54585911e-02 -9.09783021e-02
  2.71084514e-02  2.56507937e-02 -8.79027508e-03 -3.47483195e-02
 -1.66652463e-02 -9.53227654e-02 -2.54426710e-02  4.23183059e-03
 -4.82758731e-02 -5.55247217e-02  2.01051831e-02 -3.36474627e-02
  9.91069674e-02 -2.57509872e-02 -1.32809188e-02  1.26186283e-02
 -4.90569323e-02  6.44857213e-02  4.92478535e-02 -2.27388572e-02
 -3.65318544e-02  1.84135288e-02  1.82365812e-02 -2.61195730e-02
  2.16050912e-02  8.07411317e-03  6.69155270e-02  1.99308228e-02
  7.03403503e-02 -7.33081475e-02 -2.56700022e-03 -4.16601030e-03
 -2.37276386e-02  8.01006518e-03 -9.25042573e-03 -1.47639522e-02
  4.29988205e-02  6.77467808e-02  5.32348417e-02 -7.11443871e-02
  3.94734852e-02 -2.19090134e-02  3.76580632e-03  2.78546512e-02
 -4.62737307e-02 -2.63687819e-02  4.04321179e-02 -5.18195257e-02
  9.08418000e-03 -1.00224793e-01 -1.06758904e-02 -6.03199936e-02
  3.45676914e-02 -2.54335981e-02 -3.90017368e-02 -7.69702494e-02
 -2.71037687e-02  3.02039292e-02 -5.00557479e-03  4.76402864e-02
  2.54907589e-02 -1.79769297e-04 -5.42347617e-02  3.10244020e-02
  5.61199524e-02 -8.73319134e-02 -3.93874161e-02  8.08737427e-03
  9.04281884e-02 -4.86445129e-02 -6.74507394e-02 -2.49915244e-03
  4.22115959e-02 -9.73158609e-03 -9.20988321e-02  2.70926905e-34
 -8.23090300e-02 -2.83460934e-02  6.40055980e-04  1.57540310e-02
  5.36230691e-02 -2.28067674e-02 -1.80318076e-02 -1.65163651e-02
  1.55204097e-02 -6.37382716e-02 -1.61292911e-01  3.98229994e-02
  8.90098885e-02  4.54127863e-02 -4.89150127e-03 -1.11152381e-02
 -5.55238128e-03  4.40534241e-02  1.46862287e-02  6.28805310e-02
 -4.41815183e-02 -1.00076661e-01 -3.33749428e-02  7.10983649e-02
  1.11165708e-02  1.42136905e-02 -6.04029596e-02 -7.63661228e-03
  6.32629544e-02  9.24523827e-03  7.89992884e-02  8.60807952e-03
 -2.32236013e-02 -7.09262788e-02  7.78363785e-03  6.17542006e-02
  5.22247478e-02 -3.21033001e-02 -3.22990445e-03  2.89769433e-02
 -2.82439627e-02  8.89997184e-03 -1.08932168e-03  6.20029420e-02
  5.07136807e-02 -2.86494792e-02  6.43788511e-03  1.93187259e-02
  2.87806597e-02 -4.99645211e-02  1.80316754e-02  1.05313770e-02
  6.37791604e-02 -4.96438518e-02  4.03579921e-02 -2.14539859e-02
  2.68023908e-02 -7.58975595e-02 -4.34238091e-02  4.68189269e-02
  1.56463459e-02 -5.53680435e-02  7.18204230e-02 -3.39721255e-02
  8.56676921e-02 -3.59271723e-03  9.23437402e-02  1.25418114e-03
 -7.60234520e-02  1.96293350e-02 -2.00472530e-02  2.78073009e-02
 -5.52769005e-02  4.22046743e-02  5.37511567e-03  2.86300182e-02
 -7.35771144e-03 -2.42893472e-02  1.49383871e-02  9.10911337e-02
 -1.22922880e-03 -6.08621351e-02  9.81217250e-03 -1.84046235e-02
  4.01994847e-02 -6.41388027e-03 -3.60909477e-02  5.66613488e-02
  6.79459348e-02 -3.94745134e-02  4.13694978e-02  1.52142048e-02
 -7.32939243e-02  6.50478825e-02  3.07186749e-02 -2.72706443e-33
 -8.65154192e-02  6.64885566e-02 -1.06790056e-02 -2.35563098e-03
 -5.42583056e-02  4.01802696e-02  3.37707140e-02  4.38512638e-02
  6.18987903e-03 -4.82997261e-02 -4.47122715e-02  7.51284063e-02
  1.55575760e-02  4.39355597e-02 -8.67630169e-03 -2.32538618e-02
 -5.34376223e-03 -2.39762273e-02 -1.47883603e-02 -2.54146662e-02
 -1.20504394e-01 -5.35504799e-03  1.91108175e-02  3.81319784e-03
 -4.70122658e-02  2.40762196e-02 -6.07679337e-02  7.56674781e-02
  1.61615890e-02  2.11274624e-03  3.44425105e-02  3.23275998e-02
  1.29234549e-02  1.66323744e-02  1.37238605e-02  1.14271343e-01
 -1.15240610e-03 -5.91277741e-02  7.55778104e-02 -1.11326762e-01
  3.35539691e-02  2.99991071e-02  4.44453247e-02  2.21783686e-02
  5.26243858e-02  7.13362470e-02 -4.18800041e-02  8.70435610e-02
  9.63259116e-02  1.70011558e-02  7.50677809e-02  5.01587950e-02
 -6.74289316e-02 -1.38700576e-02 -1.13116596e-02 -8.22814405e-02
 -4.48042788e-02 -1.20884657e-01 -6.46861047e-02 -6.64079003e-03
 -8.29030797e-02  6.03008382e-02 -8.52294117e-02  8.58254656e-02
  4.10340214e-03 -1.58766117e-02  1.60146598e-02 -5.04477397e-02
  4.81449515e-02 -1.14689462e-01 -2.03479752e-02 -4.38624024e-02
 -4.10714485e-02  6.99973805e-03 -6.85027614e-02  6.54830858e-02
 -2.35566515e-02  1.05204202e-01  6.40874654e-02  7.78233558e-02
  6.16668127e-02 -5.46412021e-02  9.52586532e-02 -1.27700314e-01
 -4.04161327e-02  2.09877789e-02  2.86081545e-02  1.64829809e-02
 -5.45920692e-02  5.67097450e-03 -1.28180727e-01 -1.42760472e-02
  1.39439059e-03 -2.29987279e-02  4.08136025e-02 -3.14443014e-08
  1.07383519e-01 -3.67463455e-02  5.25971763e-02  2.86276359e-02
  1.94292478e-02 -7.20480382e-02 -6.93870932e-02  6.46734089e-02
  6.89927116e-02  1.03754498e-01 -1.18917070e-01  2.00140774e-02
  1.40142050e-02  6.48646206e-02 -5.80440089e-03  4.95987646e-02
 -4.19004373e-02  4.82183583e-02 -2.15442646e-02 -2.64251456e-02
 -4.49531674e-02  3.27026169e-03 -7.97305163e-03  1.83931999e-02
  4.76508252e-02  9.39755887e-03  2.54020132e-02  9.50329995e-04
 -3.23635968e-03 -2.71574799e-02 -7.48915225e-02 -7.19766319e-02
 -6.63588382e-03  6.98207542e-02 -1.62680279e-02 -2.46099662e-03
 -1.03742905e-01 -3.27991508e-02  1.21376440e-01 -2.66181324e-02
  1.01925567e-01 -8.77324026e-03 -9.21191834e-03  2.91528041e-03
 -2.15429533e-02 -4.83114198e-02 -4.54468057e-02  4.07626480e-02
 -2.82833129e-02 -6.45497590e-02 -1.19841751e-02  5.65081090e-03
  8.75831172e-02 -1.33743463e-02 -4.34923731e-02 -3.67576368e-02
  4.33983169e-02  1.11461040e-02  1.04771238e-02 -7.05897389e-03
  1.57850198e-02 -3.27509642e-02 -5.07134460e-02  5.97416312e-02]"
Can Schistosomiasis be sexually transmitted?,There is no evidence to suggest that Schistosomiasis can be sexually transmitted. The infection is acquired through contact with contaminated water.,Schistosomiasis is not sexually transmitted; it is contracted through exposure to contaminated water.,Can Schistosomiasis be sexually transmitted? There is no evidence to suggest that Schistosomiasis can be sexually transmitted. The infection is acquired through contact with contaminated water.,"[ 6.13502339e-02  2.56002378e-02 -3.06689441e-02  1.86552536e-02
  2.11902112e-02  5.94239794e-02  8.98533780e-03  1.19208302e-02
 -1.23233818e-01  8.48960057e-02 -1.27654439e-02  2.97351764e-03
  7.50580356e-02  1.14092290e-01 -5.89450896e-02 -4.11643721e-02
 -1.50862848e-02 -8.89845472e-03  5.98414708e-03  5.06573841e-02
  9.13643390e-02  9.31869727e-03 -1.45903397e-02 -7.79875591e-02
  1.29067134e-02 -2.68494207e-02 -3.78002948e-03  4.59520631e-02
 -6.21211007e-02  6.32265732e-02 -9.22879577e-02  2.91069355e-02
 -5.45343012e-02 -1.12649292e-01 -2.84571224e-03 -1.81706541e-03
 -4.20504995e-03  2.06673797e-02  1.52476624e-01  7.73760118e-03
  2.41613127e-02 -1.98638812e-02 -1.54938214e-02 -3.81203704e-02
 -1.30098879e-01  2.06139218e-02 -1.02927275e-02 -3.08192335e-02
 -1.05959199e-01 -1.21113500e-02  8.67035519e-03 -1.20925620e-01
  7.76502714e-02  9.03479382e-02 -7.28954747e-02 -6.16955645e-02
 -4.94273268e-02 -9.33386981e-02  1.38597181e-02 -3.47602367e-02
 -2.36219615e-02 -1.09845260e-02  2.02800222e-02 -1.71226077e-02
  5.51293865e-02  1.87657308e-02 -2.60208063e-02  2.72312742e-02
  7.37592578e-02  7.04022050e-02  3.26484889e-02  1.91480555e-02
 -2.89057959e-02  3.66840251e-02  4.78133298e-02 -4.53523099e-02
  3.85811068e-02 -1.51253110e-02  3.06914304e-03  3.97868492e-02
 -8.44786093e-02 -4.98328358e-02  4.59261537e-02 -4.47335541e-02
 -3.40928808e-02  6.29451424e-02 -2.94469268e-04  7.13736936e-03
 -4.36989293e-02  4.32236232e-02 -1.83681566e-02 -1.47610018e-02
  6.75470158e-02 -7.53955543e-02 -1.43291689e-02  2.04660911e-02
 -4.50300686e-02 -6.16520084e-02 -1.77391581e-02 -5.87572269e-02
 -3.49310003e-02 -2.23188531e-02 -2.15744916e-02 -3.54576185e-02
  3.48132327e-02 -4.84941946e-03 -2.35042851e-02 -6.95532113e-02
 -1.55208902e-02 -4.82581230e-03 -3.88390236e-02  3.72952758e-03
  9.85134840e-02 -2.09704395e-02 -2.71760486e-03 -1.10508036e-02
 -1.85958277e-02 -2.12405883e-02  2.12788917e-02 -2.20062700e-03
  5.32290339e-02 -6.11107051e-02  1.34502407e-02 -2.15915348e-02
  6.31153956e-02 -6.51822761e-02  2.68527158e-02 -1.26447835e-34
 -3.14862281e-02 -3.58035825e-02  7.51120895e-02  1.79341622e-02
  2.81078015e-02  7.79144764e-02  8.01352561e-02  1.48624852e-02
  4.02865857e-02 -5.40562272e-02 -1.36743516e-01  2.88708899e-02
 -1.60461254e-02 -1.85596347e-02  3.56070278e-03  5.32113574e-02
  4.72458974e-02 -3.11430432e-02 -4.75715213e-02  4.97034900e-02
  6.42303526e-02 -2.12676357e-02 -6.14328729e-03 -1.04314141e-01
 -2.07946431e-02 -9.37711156e-04 -5.43474481e-02  2.90419497e-02
  4.59515154e-02  2.68457439e-02  3.65931466e-02  6.16929075e-03
 -3.50729264e-02  2.73173712e-02  6.19183406e-02  1.32603854e-01
  3.04447357e-02  1.45666786e-02  1.84054989e-02 -6.21530972e-03
  1.58708822e-02 -7.01142550e-02 -1.20112738e-02  5.54830693e-02
 -8.08701105e-03  2.03733277e-02 -6.74885958e-02 -2.41834652e-02
 -4.38947557e-03 -2.71410067e-02  1.62212774e-02  7.23406067e-03
  3.94773595e-02 -6.19162759e-03  4.14361507e-02  8.53860565e-03
  9.51622501e-02 -2.00395882e-02 -3.74104790e-02  3.31116728e-02
 -3.10090315e-02  4.76857200e-02  1.90167688e-02 -5.47713302e-02
 -9.28250328e-03 -4.31032442e-02  8.09441507e-02 -8.88774265e-03
 -5.62223010e-02 -7.69759268e-02 -1.00149281e-01  7.85571635e-02
 -4.78415191e-02  5.42831831e-02 -1.50455292e-02 -6.93752095e-02
  6.40182896e-03 -2.46314798e-02  4.75760140e-02  5.99498264e-02
  3.92562263e-02 -1.90498438e-02  2.30780356e-02 -4.42157872e-03
  7.67032802e-03  1.05063086e-02  3.18043493e-03  7.96129778e-02
 -8.22356250e-03  5.45278564e-02  7.93967322e-02 -8.36521909e-02
 -1.76699981e-02 -3.78042869e-02  1.80946570e-02 -1.87996885e-33
 -5.21871038e-02 -2.19919197e-02 -1.30252843e-03  1.80889815e-02
 -4.55708168e-02  6.16340823e-02  1.11101337e-01  6.21184632e-02
 -4.29107025e-02 -3.05911992e-03  3.69695164e-02  1.22933285e-02
 -5.10270149e-02  1.00635402e-02  1.66703649e-02  8.86377320e-02
 -3.66361663e-02 -1.22901006e-02  2.93223225e-02 -6.96937814e-02
 -1.23954609e-01  2.14149375e-02 -1.96898775e-03  3.91648943e-03
 -5.03426697e-03 -3.55413221e-02  9.33286920e-02  7.21344501e-02
 -8.78729299e-03  6.14941530e-02  5.00846356e-02  9.41104442e-03
  1.25336116e-02  3.31874341e-02  1.20157050e-02 -1.66395158e-02
  4.43547852e-02 -4.85817939e-02  1.04210556e-01 -8.10507592e-03
  4.73151170e-02  1.76395271e-02  2.45816782e-02  5.54504283e-02
  1.05488403e-02  1.11423679e-01 -6.36553168e-02  5.53541891e-02
  3.04308068e-02  5.03888056e-02 -3.81205752e-02 -6.79868599e-03
 -6.59042597e-02 -1.05077684e-01  1.66478548e-02 -1.08770706e-01
 -7.94530287e-02 -5.60019948e-02 -7.30053289e-04 -8.79606139e-03
 -6.63302187e-03  4.18698043e-02 -6.64384067e-02  3.72295752e-02
  4.67546992e-02  1.69860292e-02 -9.35296714e-02  2.71607712e-02
  1.06886048e-02 -8.13659281e-03 -3.59521210e-02 -1.17035896e-01
 -4.38698791e-02 -4.86644916e-02  1.80975255e-02 -6.44910485e-02
 -9.42532346e-02  1.15945585e-01  1.50614427e-02 -5.49117289e-03
  1.13919199e-01 -3.29514011e-03  9.96024832e-02  2.47274283e-02
  6.31854758e-02 -5.68680018e-02  6.03517108e-02 -3.05481777e-02
 -7.44040161e-02 -5.88246621e-02 -2.92330049e-02 -9.20654368e-03
 -1.93603877e-02 -6.17270404e-03  6.87944368e-02 -2.18964509e-08
  1.12195062e-02 -1.24247866e-02  2.57209633e-02 -2.62207328e-03
  1.34502202e-02  2.20667534e-02 -3.76127921e-02 -1.94405881e-03
  7.58606121e-02 -4.32132743e-03 -1.82355002e-01 -6.56042546e-02
  1.76921207e-02 -4.51457733e-03 -1.39350174e-02  2.84465179e-02
  1.82836745e-02 -2.08936306e-03 -1.67768858e-02 -4.34566028e-02
 -4.52098399e-02 -3.79080698e-02 -2.25141179e-02  7.61773139e-02
  3.31133567e-02  8.64678472e-02  5.61217032e-02 -1.80115197e-02
  5.54481596e-02 -3.80294919e-02 -3.52961347e-02 -1.04084082e-01
 -2.87091229e-02  6.57017976e-02 -4.27424647e-02  8.80334247e-03
 -5.39450496e-02 -5.89360995e-03  9.00234431e-02 -8.05080310e-02
  6.28613532e-02 -2.93317549e-02  1.44037176e-02  2.18706932e-02
 -1.37507578e-03  5.12007475e-02 -2.47943983e-03 -9.80412733e-06
 -5.53496787e-03 -3.54072154e-02 -6.02175668e-02  5.38919084e-02
  8.06284994e-02  1.75726190e-02 -8.46210867e-02 -5.45590296e-02
  5.45208529e-02 -2.27148738e-03 -3.21877077e-02 -2.37201899e-02
 -4.74810600e-02  2.19044536e-02  3.21747772e-02  1.04416743e-01]"
What research is being done on Schistosomiasis?,"Research is focused on developing effective vaccines, improving diagnostic tests, and finding new drug treatments. There is also significant effort in understanding the life cycle of the parasite to develop better control strategies.","Research on Schistosomiasis includes vaccine development, diagnostic improvements, and new treatments.","What research is being done on Schistosomiasis? Research is focused on developing effective vaccines, improving diagnostic tests, and finding new drug treatments. There is also significant effort in understanding the life cycle of the parasite to develop better control strategies.","[ 2.95388941e-02  9.03358310e-03 -3.21720913e-02  6.65331318e-04
  4.18049619e-02  3.81988958e-02 -6.79106340e-02  6.36421219e-02
 -6.69365898e-02  1.15526162e-01 -4.53662425e-02  3.33819427e-02
  3.59504335e-02  8.07193145e-02 -1.26810879e-01 -1.23531735e-02
 -1.19105354e-02 -1.28038405e-02 -2.82369996e-03 -8.04768056e-02
  2.51288805e-02 -6.59271106e-02  1.29772961e-01 -1.30541800e-02
 -2.94996444e-02 -2.61699893e-02 -6.16137870e-02 -4.28918265e-02
 -4.70679589e-02  2.23300904e-02 -4.00760360e-02  8.32174495e-02
 -3.60987708e-02 -8.01162124e-02 -2.11972110e-02  1.06683522e-02
  2.84376573e-02  1.16500631e-01  6.94933310e-02  8.35905503e-03
 -1.53970337e-02 -3.26460078e-02  4.68531018e-03 -4.71286364e-02
 -9.13256705e-02 -9.74814743e-02 -5.48893437e-02 -1.11686317e-02
 -2.72967704e-02  1.29349984e-03 -7.28425309e-02 -1.39646605e-01
  7.01532885e-02  9.68933105e-03 -3.00487168e-02 -4.73265769e-03
 -5.58635853e-02 -3.74861285e-02  5.39326966e-02 -7.07959309e-02
  2.13750824e-02 -2.84838285e-02 -8.40655435e-03 -1.14603825e-02
  8.21729898e-02 -7.31880590e-03  1.63498670e-02  4.52397950e-03
 -2.37582391e-03  4.90400568e-03  3.52709480e-02  2.67836638e-02
  5.34036523e-03  1.19409338e-01  6.42505437e-02  1.33097777e-02
 -6.92603132e-03 -3.28325219e-02  5.09011112e-02 -1.16512151e-02
  4.90219742e-02 -4.87405807e-02  4.05448675e-02  1.69453248e-02
 -1.60419997e-02  4.79156151e-02 -3.55170667e-02  4.79607470e-02
 -1.13653499e-04  2.30910573e-02  4.24327739e-02 -4.52183113e-02
 -2.84257066e-02 -2.24330910e-02 -5.55917099e-02  2.57476699e-02
 -3.82097531e-03 -2.68286504e-02  7.14025497e-02 -3.49205621e-02
  3.65601517e-02 -9.49196741e-02  1.90421101e-02 -8.68841484e-02
  2.08362285e-02 -1.76069420e-02 -1.72459241e-02 -5.29996641e-02
  3.23458314e-02  1.36951711e-02 -2.03007273e-02  5.19396327e-02
  2.72344239e-02  4.36481312e-02 -1.80975778e-03  8.11661594e-03
 -2.92291958e-02 -1.06905820e-02 -4.77644103e-03  9.87138413e-03
  8.50740075e-02 -3.13371383e-02 -1.37599595e-02 -9.25606340e-02
  7.41881058e-02 -1.30104674e-02 -6.91371337e-02 -7.59514313e-34
 -5.58526330e-02  1.11646522e-02  7.93711990e-02  1.48323894e-01
  4.79936600e-03  1.24266548e-02  2.61161234e-02  8.74023065e-02
 -1.43676093e-02 -7.15705007e-02 -1.30875230e-01 -1.16227521e-02
  2.85355877e-02  5.43157831e-02 -3.38854939e-02 -2.83542145e-02
 -2.19426900e-02 -2.49447357e-02 -4.02710997e-02 -5.88777941e-04
 -2.25373381e-03 -8.43652785e-02  3.01454850e-02 -9.57298279e-03
  3.67351361e-02  1.16902785e-02 -5.88590242e-02  2.90009985e-03
  2.96531077e-02  2.76036598e-02  6.29147068e-02  8.85822996e-02
 -1.30633786e-01 -2.08572801e-02  1.63872764e-02  8.37092772e-02
  4.92641926e-02 -1.55368019e-02 -9.51116346e-03  1.98991746e-02
 -4.15611640e-03 -3.19368858e-03  3.27347741e-02  3.09909880e-02
  3.44455019e-02  1.41271960e-03 -6.75249249e-02 -7.70514505e-03
  9.79291089e-03 -1.39105683e-02  9.90094170e-02 -8.14357214e-03
  7.25236312e-02 -3.99385281e-02  7.63027892e-02  1.11721903e-01
 -1.63448714e-02 -5.91379702e-02 -6.90103276e-03  3.56595702e-02
  8.62538517e-02 -4.94941697e-02 -8.10029060e-02 -2.25432850e-02
  1.86885092e-02  2.87468061e-02  3.51201780e-02 -5.95227815e-02
 -4.08358611e-02  1.76567084e-03 -4.66495566e-02  2.90606059e-02
 -8.07614326e-02  3.73674333e-02 -2.34434959e-02 -3.28355804e-02
  2.75155567e-02  3.26864719e-02 -2.59606838e-02  6.49859086e-02
  4.99294735e-02 -1.58639271e-02 -3.03038508e-02  1.88233126e-02
 -7.41704425e-04 -4.10253331e-02 -3.87875661e-02  8.94873142e-02
  3.33943181e-02  1.14189591e-02  3.43820415e-02 -3.64865400e-02
 -7.31776357e-02  3.73392366e-02  2.61271521e-02 -6.57635549e-34
 -6.95066452e-02 -2.39505935e-02  1.39917191e-02  6.86423406e-02
 -1.94810089e-02  5.59341908e-02  4.89629386e-03 -2.63857972e-02
  4.21944782e-02  2.09368169e-02  4.08720262e-02  1.48110501e-02
 -1.11076068e-02  2.06245705e-02 -6.38099164e-02 -6.17492665e-03
 -5.52619398e-02 -1.03471279e-01 -1.91261079e-02 -4.59699556e-02
 -8.83663073e-02  3.97565365e-02 -3.82664874e-02 -5.35195582e-02
  1.40859128e-03  1.19266345e-03  3.58401462e-02  6.53896853e-02
 -8.88552889e-03  2.14522202e-02  7.71651976e-03 -5.61418273e-02
 -3.27053815e-02  5.91276307e-03  8.81582312e-03  8.12507197e-02
  6.35536462e-02 -2.24078838e-02  8.68842676e-02 -5.20078801e-02
  6.53491775e-03  5.14812581e-02 -1.37636857e-02  1.96606182e-02
  6.05958626e-02  8.16151351e-02 -1.03473462e-01  9.04755294e-02
  3.56787145e-02 -2.81078797e-02  2.46034116e-02 -9.35240276e-03
 -3.14320624e-02 -6.58148229e-02  6.27111793e-02 -5.70787229e-02
 -8.66382048e-02 -1.07714936e-01 -1.37514137e-02 -7.20099732e-03
 -3.98284309e-02  6.01554587e-02 -1.13483131e-01  1.00505114e-01
  6.91738073e-03  3.32539715e-02 -3.76133323e-02  3.14459614e-02
  6.63114246e-03 -8.88427049e-02  1.00447759e-02 -7.82790184e-02
 -5.33911735e-02  2.19896175e-02 -4.27927002e-02 -7.25501915e-03
 -3.88924479e-02  3.60189006e-02  7.61855096e-02  5.27766943e-02
  5.71492352e-02 -8.53042975e-02  6.88846409e-02 -9.61632840e-03
  4.29720804e-02  4.35220413e-02  4.10437677e-03  5.25562093e-02
 -6.16026297e-02 -6.92040697e-02 -5.55243492e-02 -7.68468231e-02
 -1.95244458e-02  1.88960005e-02  3.81365605e-02 -3.06368086e-08
  1.22892775e-01 -5.94457872e-02  7.78342113e-02 -3.19645517e-02
 -2.96937465e-03  1.72847940e-03 -8.95090923e-02  2.61582397e-02
  3.68456244e-02 -9.40710213e-03 -1.13629892e-01 -5.17747691e-03
  2.30363682e-02  6.88328519e-02  2.44881064e-02  6.80283923e-03
  1.62191428e-02  6.63202703e-02 -4.88249771e-02 -2.18743440e-02
 -3.53284664e-02  2.44167121e-03 -2.87736543e-02  3.91302221e-02
  9.31254551e-02  2.47047725e-03  6.08981736e-02  3.81938033e-02
 -5.45853702e-03 -5.02850711e-02 -1.15861706e-01 -2.64782365e-02
 -8.00477341e-03 -2.31055208e-02 -7.92244542e-03  1.97873935e-02
 -7.82229304e-02 -3.24821807e-02  1.14108436e-01 -2.26226710e-02
  7.01891482e-02  3.27607356e-02 -1.42742731e-02 -5.05248178e-03
 -6.41314089e-02  7.46656070e-03 -2.70522963e-02  5.69630638e-02
 -2.56851874e-02 -4.17909510e-02 -5.63496202e-02 -5.97837323e-04
  5.17831855e-02  4.35196385e-02 -7.13428408e-02  3.08928993e-02
  3.74146737e-02 -2.78399568e-02 -1.80063434e-02 -4.99342307e-02
  7.48966336e-02  7.37984627e-02 -3.09665613e-02  1.07586823e-01]"
What is Onchocerciasis?,"Onchocerciasis, known as River Blindness, is a parasitic disease caused by the filarial worm Onchocerca volvulus. It is transmitted to humans through the bite of infected blackflies, which breed in fast-flowing rivers and streams, mostly in sub-Saharan Africa.","Onchocerciasis is a disease caused by the worm Onchocerca volvulus, transmitted by blackfly bites near fast-flowing rivers, primarily in Africa.","What is Onchocerciasis? Onchocerciasis, known as River Blindness, is a parasitic disease caused by the filarial worm Onchocerca volvulus. It is transmitted to humans through the bite of infected blackflies, which breed in fast-flowing rivers and streams, mostly in sub-Saharan Africa.","[ 1.15555490e-03  2.33110897e-02 -1.35986938e-03  8.72519761e-02
 -2.45782938e-02  9.31560807e-03  6.91434816e-02  5.81974462e-02
  1.33420480e-03  9.23885405e-03  3.41814831e-02 -1.21317610e-01
 -2.78467033e-02  1.18579259e-02 -1.75402403e-01  8.16459302e-03
 -3.95225808e-02 -3.49232182e-02 -3.31230797e-02 -2.81701107e-02
  1.37516335e-02  1.26612172e-01 -1.92256738e-02 -1.58781707e-02
 -5.80378622e-02 -1.45065859e-02  8.17809487e-04 -7.45530501e-02
 -2.41531059e-02 -2.35648490e-02 -5.91080375e-02 -3.25932018e-02
 -4.78158370e-02 -7.15093687e-02  5.66163808e-02 -2.75686337e-03
 -1.12401007e-03  5.40091321e-02 -4.94441316e-02  1.32392747e-02
  1.91590600e-02 -3.59421521e-02  1.63769443e-02 -7.95472227e-03
 -8.57346132e-02  5.00762835e-03 -6.61466457e-03  5.57453744e-02
  1.05139641e-02 -8.05388391e-03 -5.62181957e-02 -4.64579687e-02
  1.94204843e-03  1.14045687e-01 -2.53572743e-02 -3.75740826e-02
 -4.88653407e-02  1.91827323e-02 -4.77847382e-02  2.03919969e-03
 -4.42117918e-03 -4.39030398e-03 -1.64088029e-02  3.15857492e-02
 -3.22216302e-02  2.08468400e-02 -1.40929492e-02  2.97857523e-02
  3.94275971e-02  1.74902603e-02  1.26632601e-01 -1.60512254e-02
  2.65536793e-02  3.70513164e-02  4.77507561e-02 -7.98201561e-02
  2.51214858e-02 -4.16850261e-02  4.23813127e-02  3.41081247e-02
  4.00402583e-02 -9.64084547e-03  6.91260723e-03 -2.58041918e-02
  6.37316629e-02 -3.33502702e-03 -1.65499505e-02  3.79040949e-02
 -1.73806790e-02  1.34084849e-02 -7.43883476e-02 -8.78893363e-04
 -5.12048928e-03 -2.95447707e-02 -5.06101064e-02 -1.20032923e-02
  3.62285674e-02 -4.93231975e-02  6.47215620e-02  6.79315580e-03
  9.75008029e-03 -4.92778681e-02  4.63966131e-02  2.11632960e-02
  4.74878661e-02  3.95017415e-02 -3.63483429e-02 -3.49348672e-02
  7.01306909e-02 -5.97023331e-02  4.82664742e-02  1.90627109e-02
  4.93001863e-02  2.37819869e-02 -1.44112064e-02  3.67406644e-02
 -3.10316272e-02 -7.98822418e-02  1.22889644e-02 -3.98209924e-03
  3.12650427e-02  8.11225455e-03 -4.16375063e-02 -2.23561749e-02
  6.15485162e-02  1.42580103e-02 -1.08064339e-01  1.72177378e-34
  3.16386521e-02 -7.80814290e-02 -6.27269372e-02 -7.16288537e-02
  4.59990874e-02 -4.68867598e-03  2.27147993e-02  6.97089508e-02
 -1.27178371e-01 -7.67564327e-02  2.50541326e-02 -1.04603902e-01
 -1.33305136e-02  6.88220337e-02  2.37347763e-02  8.51832097e-04
  2.12290101e-02 -9.75065958e-03  2.62543615e-02 -1.65334791e-02
  1.09513979e-02 -2.86332630e-02  1.13932462e-02 -2.54164096e-02
 -1.35687282e-02  3.43822278e-02 -8.65581185e-02 -7.04395249e-02
  2.82098409e-02  6.43321350e-02  6.15171939e-02  1.32588139e-02
 -4.13624104e-03 -5.80011569e-02  2.49201823e-02  8.41501355e-02
  4.89897132e-02  1.47923594e-02 -7.18606710e-02  2.60006189e-02
 -9.20501575e-02 -1.25153335e-02 -5.78334779e-02 -6.62742555e-02
  4.35018428e-02 -4.15302515e-02  2.32589915e-02  9.18926205e-04
 -2.60029230e-02  5.87560572e-02  3.03497184e-02 -2.92261913e-02
  9.18691009e-02  6.56215027e-02  4.40393500e-02  2.82775052e-02
 -2.70672124e-02  3.61321159e-02 -2.24962346e-02 -4.31603640e-02
  4.96068746e-02  8.49449560e-02 -2.57011317e-02  3.77813689e-02
  5.29289022e-02 -8.34981427e-02  5.34771420e-02 -4.90120649e-02
 -2.79852748e-02 -1.15864918e-01 -7.75411353e-02 -7.46654812e-03
 -1.00016989e-01  1.45013016e-02 -1.74898598e-02 -5.98445581e-03
 -4.64289039e-02  1.21299494e-02  3.18402983e-02  2.17090943e-03
 -3.50245386e-02 -1.51384007e-02  8.03387612e-02  5.50213177e-03
 -7.01845214e-02  6.81659058e-02  4.33067083e-02 -2.85435263e-02
 -8.28208551e-02 -2.09775306e-02  9.44619030e-02  8.78330786e-03
 -2.84666289e-02 -2.76199579e-02  7.39141032e-02 -2.09163406e-33
 -2.82776114e-02  4.99481941e-03 -1.15763098e-02 -5.86247491e-03
 -4.73460890e-02 -1.59260742e-02  6.23814724e-02  1.30065128e-01
 -4.87292297e-02 -6.32718951e-02 -9.49157495e-03  9.73642990e-03
 -7.44420812e-02  3.63412537e-02  5.45515642e-02 -5.96203431e-02
  3.38867866e-02  5.61989546e-02  4.67364304e-02 -5.54427579e-02
  1.62660275e-02  4.68656905e-02 -5.14704734e-02 -4.39326763e-02
 -3.70440185e-02  1.75672043e-02 -9.00560152e-03 -3.42254229e-02
 -8.70472714e-02  1.72036979e-02  4.43872176e-02  1.15531199e-01
 -1.00050983e-03 -6.38849065e-02 -1.68794133e-02  1.02916889e-01
 -8.98728892e-03 -1.55106094e-02 -2.01290827e-02  2.16938611e-02
  6.00427613e-02  1.03977639e-02  3.66173573e-02 -3.46544236e-02
  1.51281031e-02  1.31097317e-01 -8.86764098e-03  7.36471266e-02
  1.01039438e-02 -1.90337887e-04  2.64318176e-02  6.55061454e-02
  3.28466040e-03  2.86601689e-02  3.27824689e-02 -5.63570820e-02
 -8.45979806e-03 -3.09511032e-02 -5.98880388e-02 -5.64100072e-02
  1.20689766e-02 -6.55452237e-02 -9.60935429e-02  2.83017624e-02
  1.19455554e-01  1.10198252e-01 -2.03182735e-02  5.97587787e-02
  1.03393711e-01 -2.82310601e-02  2.75756363e-02 -1.79813206e-02
 -6.20663017e-02 -2.60122884e-02  1.58236884e-02 -2.66116671e-02
 -9.32185352e-02  8.63554925e-02  2.26768479e-03  1.12291589e-01
  4.93351817e-02 -3.99149954e-03  1.29967794e-01  6.46548718e-02
  4.33913320e-02 -7.42962286e-02 -8.93823151e-03 -1.69696398e-02
 -2.00191457e-02 -4.56504012e-03 -4.96870391e-02  4.79770498e-03
 -1.43387720e-01  2.78660184e-04 -1.45391673e-02 -3.51024063e-08
  6.55301288e-02 -5.48037440e-02 -6.25709072e-02 -4.22810577e-02
  3.37837376e-02 -4.49920967e-02 -6.41771453e-03  4.05087881e-02
 -2.07589772e-02 -2.65321275e-03 -1.31361961e-01 -2.79362556e-02
  5.38558327e-02  1.68942276e-03  8.55114684e-02 -4.68356460e-02
  2.06243955e-02 -3.34811769e-02 -4.56850342e-02 -4.92067151e-02
  1.03434334e-02 -3.74264270e-02 -2.17998624e-02  6.77917674e-02
 -4.03382629e-02 -7.41587877e-02  8.19250848e-03 -4.98961322e-02
  5.95032759e-02 -4.40852381e-02 -1.54711111e-02  5.54897413e-02
  5.49332425e-03  6.69934973e-02  1.42493667e-02  1.40717886e-02
 -4.22902666e-02 -4.70582061e-02  4.05198671e-02 -5.06304689e-02
  9.74228512e-03  7.44268149e-02  9.78669822e-02  6.24657795e-03
  2.83877552e-02 -1.82885546e-02  1.11663835e-02 -1.73534863e-02
  4.85416874e-02 -7.95154348e-02 -9.18489918e-02  4.71531786e-02
  5.39726131e-02  6.54887259e-02 -4.07699272e-02 -7.79201388e-02
  7.27230906e-02  1.11303059e-02 -9.39600393e-02 -5.48647977e-02
  7.42980316e-02  5.79147302e-02  1.18477447e-02  2.69883983e-02]"
How is Onchocerciasis transmitted?,"Transmission occurs through the repeated bites of infected Simulium blackflies. The blackflies deposit larval forms of the parasite on the skin, where they can enter the body through the bite wound.","Onchocerciasis spreads through bites from infected blackflies, which deposit larval parasites into the skin.","How is Onchocerciasis transmitted? Transmission occurs through the repeated bites of infected Simulium blackflies. The blackflies deposit larval forms of the parasite on the skin, where they can enter the body through the bite wound.","[-1.37124015e-02 -4.33436502e-03 -4.00587097e-02  4.78019640e-02
 -1.41896084e-02  1.36762867e-02  9.04961303e-02  4.00123075e-02
  2.17274320e-03  6.84106431e-04  9.39947143e-02 -7.88550451e-02
  1.82207506e-02  2.43313704e-02 -1.04040079e-01  1.90207604e-02
  4.00704220e-02 -4.60605770e-02 -2.33769957e-02 -2.47126464e-02
  3.84306461e-02  7.84891695e-02 -1.43492604e-02 -4.29123342e-02
 -4.11388986e-02 -2.48355768e-03 -4.62480821e-02 -6.34895116e-02
  5.55222705e-02 -1.94099080e-02 -8.53048712e-02 -4.08937819e-02
 -7.25893304e-02 -5.46338735e-03  1.19435592e-02 -1.04177045e-02
 -2.10293811e-02  2.06243824e-02  5.41396327e-02  5.14233746e-02
  4.29893844e-02 -6.50264621e-02 -2.60164086e-02  2.38355435e-02
 -5.72348274e-02 -3.72754177e-03  3.80387455e-02  7.56301805e-02
  2.58304011e-02 -4.68005277e-02 -4.67685573e-02 -1.00147421e-03
  1.59827806e-02  1.67727262e-01 -4.53625396e-02  1.25868339e-02
 -2.71216761e-02  4.33723703e-02 -2.12724805e-02  9.61648952e-03
 -3.60202938e-02  4.74769771e-02  2.08616350e-02  1.16172694e-02
 -2.68876981e-02 -4.87062819e-02 -4.83595878e-02  6.79723173e-02
  1.31759709e-02  7.46420631e-03  1.12706289e-01 -9.77135822e-03
  1.76803339e-02  2.00978443e-02  9.14461389e-02  1.36758771e-03
 -1.49182305e-02  1.43735604e-02  3.12746651e-02  3.90397422e-02
  7.83758238e-03 -4.89585698e-02  5.19299880e-02 -7.27251696e-04
 -6.55407039e-03 -5.03175613e-03  2.96119042e-02  4.28378060e-02
 -3.02500464e-02  8.90120715e-02 -5.38333924e-03  6.41743839e-02
 -5.09486347e-02 -2.26477496e-02 -1.08406961e-01 -2.11931150e-02
  2.80281585e-02 -4.41884026e-02  1.02911234e-01  3.15474458e-02
 -5.87859452e-02 -9.10172015e-02 -3.79642360e-02 -7.63879344e-03
 -4.54023257e-02 -8.51398613e-03 -9.29366946e-02 -8.91054496e-02
  2.92940289e-02  1.19859055e-02  4.12101783e-02  3.60823497e-02
  5.65096326e-02 -8.48186668e-03  7.17853103e-03 -1.53359640e-02
 -2.86675878e-02  3.10492739e-02  1.84194036e-02 -2.60175187e-02
  5.78461587e-02 -4.28596251e-02 -4.41042893e-02 -3.23024951e-02
  5.17939739e-02 -2.49372777e-02 -5.11001237e-02 -1.33180681e-33
  8.46463665e-02 -2.79225018e-02 -4.05634232e-02  1.33426609e-02
 -4.61204723e-02  7.07595497e-02 -2.15213820e-02  6.14193678e-02
 -3.68125960e-02 -6.91645443e-02 -3.76768783e-02 -8.94052312e-02
 -5.92424441e-03  1.24066070e-01  1.36873247e-02  7.39233568e-02
 -1.46341661e-03 -8.66894424e-02  5.14765307e-02  4.75969464e-02
  3.01370267e-02 -2.49272324e-02 -2.95382235e-02 -2.02556960e-02
  1.35932835e-02  7.89119825e-02 -1.20086014e-01 -5.07130995e-02
  4.08343412e-03  4.43894640e-02  4.78895046e-02  1.31711354e-02
 -2.65426375e-02 -1.94958206e-02  5.42917624e-02  1.61188066e-01
  9.46149677e-02 -1.83478842e-04 -9.74080041e-02 -8.48409235e-02
 -6.99568121e-03 -4.81241085e-02 -4.11867723e-02 -4.74475101e-02
  4.44397368e-02 -2.14982964e-02 -2.85376739e-02 -3.86998430e-02
  5.42481653e-02  6.29915297e-03  6.63055405e-02 -6.19276129e-02
  1.31815806e-01 -2.00946610e-02  1.56404749e-02  5.92688993e-02
 -4.80409414e-02 -2.28860434e-02 -4.97195534e-02  3.53669301e-02
  6.28175400e-03  1.54906325e-02  1.39547521e-02 -3.68332788e-02
  9.86787528e-02 -2.77123470e-02 -4.91392687e-02 -1.08574659e-01
 -3.78139615e-02 -8.58860612e-02 -4.98836078e-02  5.44753149e-02
 -5.67725003e-02 -6.48106933e-02 -6.36339113e-02 -8.63533001e-03
 -9.33329314e-02  3.54634039e-02  4.27475013e-02  1.93033405e-02
 -4.44747284e-02 -5.67286238e-02  6.49491400e-02 -2.47948859e-02
 -5.34735695e-02  6.83780760e-02  7.37530291e-02 -1.77930649e-02
 -7.91618321e-03  4.43739556e-02  6.35699034e-02 -3.17241326e-02
  9.14248824e-03  1.00325458e-02  6.60792515e-02 -9.68639763e-34
  2.89359735e-03  1.05830552e-02 -2.88508814e-02  1.37379495e-02
 -5.10005020e-02  6.48785606e-02  1.07314643e-02  1.57900319e-01
 -6.73859790e-02 -1.79515276e-02 -4.49410714e-02 -9.17505473e-03
 -5.51992990e-02  1.95660703e-02  2.81408858e-02  1.15252677e-02
  3.00585907e-02  6.73108846e-02  1.07442141e-02 -1.03771888e-01
 -8.12720731e-02  5.68827279e-02  1.22792879e-02 -1.94243342e-02
 -1.03823962e-02 -1.53464228e-02  9.39242356e-03  6.98692426e-02
 -7.52785057e-02  4.03577350e-02 -1.33632896e-02  7.04787672e-02
  7.52498955e-03 -3.33627723e-02  2.00683139e-02  9.75576937e-02
  3.38944048e-02 -3.46002318e-02  5.31622432e-02 -1.54003492e-02
  4.62650843e-02 -4.08353694e-02  5.22018317e-03  8.25612864e-04
 -2.74706073e-03  9.22512487e-02 -2.88355928e-02  7.03916177e-02
 -1.07890842e-02 -2.09324881e-02  1.01844162e-01  1.94253214e-02
 -1.14459759e-02 -5.20463064e-02  5.73352128e-02 -1.91984177e-02
 -5.23786582e-02 -5.85122630e-02  5.12395939e-03 -5.31777926e-02
 -4.56312411e-02 -5.81411347e-02 -1.28126249e-01  4.76517193e-02
  9.20919031e-02  4.25035469e-02  4.83417325e-03 -3.75554804e-03
  1.92918535e-02 -2.09545251e-02 -3.09684090e-02 -1.34340366e-02
 -2.31288467e-02 -3.85933220e-02  1.58002060e-02 -7.20555708e-02
 -6.21288195e-02  3.28249894e-02  1.71903968e-02  6.29634857e-02
  1.63912904e-02 -2.67658737e-02  1.11601785e-01  1.04922336e-02
  7.47273788e-02 -1.29937865e-02 -1.88216325e-02 -5.76830432e-02
 -1.92255061e-02 -4.55544628e-02 -7.06019923e-02  6.01249039e-02
 -1.14826811e-02 -4.49906364e-02  2.37119254e-02 -3.11699573e-08
  1.03821546e-01 -9.15276706e-02 -5.57618449e-03 -5.06900959e-02
  4.11796235e-02  6.24935739e-02 -1.09207805e-03  1.21596875e-02
  5.65147735e-02 -1.80194865e-03 -1.25791550e-01 -1.02438293e-02
  7.66132176e-02 -1.23750782e-02  5.81094101e-02  4.77926470e-02
  1.83567703e-02 -8.25607181e-02 -5.78635558e-02 -8.89106542e-02
 -5.45981452e-02 -5.33888564e-02  1.38914902e-02  3.66291627e-02
 -1.89965253e-03 -5.73607758e-02  2.17693448e-02 -2.75420919e-02
  2.35712472e-02  5.24039790e-02 -8.28949064e-02 -1.29784690e-02
 -2.56643202e-02  7.17410669e-02  6.75975578e-03  7.90436380e-03
  1.71138197e-02 -6.41140416e-02  8.57778862e-02 -2.02156268e-02
  4.31799591e-02  5.57124838e-02  2.34182123e-02 -3.36280055e-02
  2.88237282e-03  1.52839934e-02  1.15408953e-02  8.31617042e-03
  1.00148423e-02  3.75000644e-04 -2.92019006e-02 -3.17366538e-03
  7.14471517e-03 -2.40239315e-03 -1.16911612e-01 -1.13576807e-01
  3.61649692e-02 -4.24317969e-03  4.97117697e-04  1.64803211e-02
 -3.98961082e-02  8.12294409e-02  2.11552437e-02  2.42286865e-02]"
What are the symptoms of Onchocerciasis?,"Symptoms include severe itching, disfiguring skin conditions, and visual impairment that can lead to permanent blindness. The disease is called River Blindness because the blackfly that transmits the infection breeds in rapidly flowing streams, often near villages.","Symptoms of Onchocerciasis are severe itching, skin disfigurement, and visual impairment, potentially resulting in blindness.","What are the symptoms of Onchocerciasis? Symptoms include severe itching, disfiguring skin conditions, and visual impairment that can lead to permanent blindness. The disease is called River Blindness because the blackfly that transmits the infection breeds in rapidly flowing streams, often near villages.","[ 6.02092072e-02 -1.40647888e-02  5.72828725e-02  9.66736525e-02
 -3.05240043e-03  4.20726165e-02  5.24050072e-02  5.02518341e-02
 -4.45768684e-02 -2.92934626e-02  2.27930807e-02 -1.43142685e-01
 -1.63392723e-02  2.53565498e-02 -1.27691314e-01  1.23575600e-02
 -1.26905870e-02 -2.57660020e-02 -4.43143584e-02 -3.84562984e-02
  1.38450861e-02  9.35164467e-02 -4.43616845e-02  9.00730491e-03
 -1.50026362e-02  3.50418016e-02  4.59317584e-03 -6.22683540e-02
 -7.53116384e-02 -6.06791750e-02 -8.88938159e-02 -2.24401318e-02
 -6.63684756e-02 -2.40862891e-02  8.78660753e-02 -7.03988830e-03
 -1.41027328e-02  7.45473579e-02 -3.76486592e-02 -2.83419453e-02
 -1.01533402e-02 -5.21729998e-02 -1.43176112e-02  8.55918508e-03
 -5.45744151e-02 -4.81572449e-02  1.46997217e-02 -1.93221327e-02
 -5.41577628e-03  2.76119336e-02  2.07466888e-03 -4.95671146e-02
  6.42759502e-02  6.59320131e-02 -4.54567261e-02  1.10458685e-02
 -6.51226640e-02  3.99354771e-02 -7.79417530e-02 -7.44269928e-03
 -1.03627909e-02 -5.85058797e-03 -8.02082068e-04  9.31955967e-03
 -1.05271991e-02  3.82548347e-02  1.60603896e-02 -2.52612419e-02
  9.27626938e-02  4.10778932e-02  5.02866060e-02  9.69246216e-03
  4.73509450e-03 -4.08330522e-02  7.04620732e-03 -4.60837260e-02
  5.14887199e-02 -5.71495630e-02  1.90938171e-02  2.62068640e-02
  1.61443744e-02  2.56261341e-02 -7.30780466e-03 -7.11323600e-03
  4.09509838e-02 -1.31080812e-02 -3.11866612e-03  1.66989714e-02
 -5.99227473e-02  4.24663164e-02 -2.48111654e-02 -6.65437337e-03
 -6.07493706e-02 -7.52321333e-02 -4.12789397e-02 -6.36776816e-03
  3.37686688e-02 -7.39208609e-02  2.72402186e-02 -1.01966597e-02
 -7.91753363e-03 -8.22422579e-02  6.04996867e-02  1.11414185e-02
  2.57179607e-02  7.67499357e-02 -1.38345649e-02 -7.50211552e-02
  2.90084444e-02 -2.83729956e-02  9.48828310e-02  4.27262969e-02
  4.66907062e-02  2.87423804e-02  9.51286405e-03  9.94921662e-03
 -2.04429608e-02 -5.36047518e-02 -1.79323051e-02 -2.22572545e-03
  4.39240015e-04 -5.28203808e-02  2.44011823e-02  8.83760687e-04
  5.86306304e-03  4.94279377e-02 -8.97951797e-02  2.91461873e-34
  4.62725312e-02 -3.70746814e-02 -7.45471343e-02 -4.25386503e-02
  4.01033349e-02 -2.32016598e-03  4.29286994e-02  1.10327967e-01
 -7.43551105e-02 -6.16984032e-02  1.09439373e-01 -3.88677642e-02
 -4.24610870e-03  7.42518604e-02  3.66791687e-03 -5.75650996e-03
  6.43521622e-02 -1.97317451e-02  3.50137614e-02 -2.01929850e-03
 -5.05347596e-03  1.02703962e-02 -7.02412659e-03  3.48621346e-02
  1.65744219e-02  2.55292223e-04 -7.04422519e-02 -2.85231788e-02
 -5.92237189e-02  3.90578173e-02  4.70694639e-02 -1.03437956e-02
 -4.94954400e-02 -7.50651360e-02  3.28109711e-02  8.98125246e-02
  8.47438872e-02  8.36172625e-02 -3.52201462e-02 -5.35697937e-02
 -8.93291011e-02 -1.98901780e-02 -7.19520599e-02 -3.29841040e-02
  4.24941108e-02  1.54993096e-02  4.22696434e-02 -1.87618285e-02
 -5.73817827e-03  2.95063313e-02  4.43029404e-03 -3.83747891e-02
  7.66690522e-02  3.23360451e-02  6.02774024e-02  7.16684759e-02
  1.31687829e-02 -1.68279596e-02  1.16424600e-03 -4.71360870e-02
  3.71671580e-02  7.33270347e-02 -4.07883450e-02 -2.17498746e-02
  8.27396289e-03 -5.62621541e-02 -1.54123669e-02 -6.12753145e-02
 -5.43186329e-02 -7.88816288e-02 -6.67002648e-02 -1.46635994e-02
 -1.37696499e-02  4.81406366e-03 -3.54821682e-02  1.12297731e-02
 -8.37457329e-02 -7.98570830e-03  3.48700117e-03  1.06383506e-02
  3.32355127e-02  1.45936403e-02  7.41954446e-02  1.87942050e-02
 -2.49709971e-02  3.72515358e-02  6.98166937e-02 -1.14936801e-02
 -7.54540563e-02 -1.01197418e-02  1.54665664e-01 -1.24285440e-03
  2.61961017e-02 -2.56598890e-02  5.06213717e-02 -1.80400822e-33
 -4.00673412e-03  5.04833870e-02  2.45351922e-02  1.92150194e-02
 -9.60693359e-02  5.43077383e-03  4.43314239e-02  1.25741079e-01
 -6.03571981e-02 -1.37723893e-01 -2.35740636e-02  5.20606190e-02
 -1.50588319e-01  2.73463316e-02 -1.01422193e-02  1.76407937e-02
  2.39154082e-02  7.86838382e-02  9.27631781e-02 -3.86794023e-02
 -1.59350180e-04  5.47594801e-02 -4.70747389e-02  2.65039969e-02
 -1.10767763e-02  2.92260316e-03  8.94166809e-03 -6.10857159e-02
 -5.78723624e-02 -1.30529434e-03  1.13407038e-01  1.19376138e-01
  4.32418399e-02 -3.45308967e-02 -4.91817947e-03  5.52699454e-02
 -3.13365348e-02 -8.41838401e-03  1.87451299e-03  7.01848790e-02
  6.28285483e-02 -5.66359684e-02  3.80665250e-02 -6.29694834e-02
  2.16408279e-02  9.40691903e-02 -2.65989676e-02  3.64584289e-02
  5.24183316e-03  3.17322426e-02  6.98317587e-02  1.38109820e-02
 -4.36246358e-02  7.70289032e-03  9.73767638e-02 -5.23953438e-02
 -4.04111855e-02 -7.04922378e-02 -3.74445356e-02 -6.76389411e-02
 -2.79117040e-02 -7.31111094e-02 -4.94087897e-02  9.77354124e-03
  3.78931314e-02  7.31507167e-02 -1.88388899e-02  1.37613723e-02
  1.18176922e-01 -3.17177176e-02 -3.76065299e-02 -1.23689830e-01
 -5.76219521e-02 -5.26403201e-05  4.48049977e-02  1.10725337e-03
 -8.03111494e-02  1.20817751e-01  9.44381952e-03  9.05457288e-02
  1.70981251e-02 -1.26875110e-03  1.23372406e-01 -2.27477564e-03
  4.29705009e-02  1.01455515e-02 -2.72484943e-02 -3.56514007e-02
 -1.48793971e-02 -1.66195035e-02 -1.34672690e-02  7.36724287e-02
 -1.41362742e-01  5.37789194e-04  4.12671454e-02 -3.46892932e-08
  3.78051214e-02 -8.20553377e-02  3.67869921e-02 -5.60454652e-02
  4.66896454e-03 -3.25093530e-02  7.25466236e-02  5.60058318e-02
 -2.96899825e-02  5.51719684e-03 -1.11681625e-01 -6.09131809e-03
 -3.88529687e-03  3.06276586e-02  6.01403676e-02  2.38605961e-02
  5.15477546e-02 -3.35718170e-02 -3.43329795e-02 -3.71543504e-02
 -6.29490316e-02  1.52896158e-04 -3.70289832e-02  4.03987542e-02
 -4.57702354e-02 -4.09463756e-02 -5.04273549e-02 -2.96332650e-02
  1.66522171e-02  2.80804858e-02 -2.44345167e-03  1.96433980e-02
 -2.11637715e-04  4.99372408e-02  5.17588481e-02 -1.50604993e-02
 -2.54363418e-02 -4.13527787e-02  4.79509197e-02  4.23689708e-02
 -6.18607737e-03  1.03773974e-01  5.37354015e-02  1.08594578e-02
 -5.79219172e-03 -6.37229607e-02  5.44279665e-02 -2.69526038e-02
  1.77723747e-02 -6.96353316e-02 -4.02600057e-02  5.20166419e-02
  1.27427019e-02  6.56554773e-02 -6.26284778e-02 -2.41920557e-02
  7.18278214e-02  7.05455616e-02 -6.27109483e-02 -6.98729381e-02
  8.03221464e-02 -3.45700905e-02 -1.28584191e-01 -5.57100493e-03]"
Is there a cure for Onchocerciasis?,"There is no cure for Onchocerciasis, but it can be controlled with medication. The drug ivermectin, given once or twice a year, can halt the progression of the disease.","While there is no cure for Onchocerciasis, ivermectin can control it if administered annually or biannually.","Is there a cure for Onchocerciasis? There is no cure for Onchocerciasis, but it can be controlled with medication. The drug ivermectin, given once or twice a year, can halt the progression of the disease.","[-2.96070222e-02 -5.11993375e-03  6.12756014e-02  5.78683689e-02
 -1.07567050e-01 -6.98450385e-05 -7.12445751e-02  5.46788573e-02
  9.05982405e-03 -6.16806000e-02 -1.07109640e-03  1.29388757e-02
  2.77901255e-02  4.96713780e-02 -1.01275966e-01  3.61778885e-02
 -5.07436022e-02  7.67032504e-02  9.02816467e-03 -1.51971802e-02
 -6.65572658e-02  1.19867764e-01  4.86827753e-02  5.67601845e-02
 -9.47852582e-02 -4.03892100e-02 -1.85687710e-02 -9.69143063e-02
 -1.02327794e-01 -2.05887407e-02  2.14460716e-02 -3.64287198e-02
  1.56007232e-02 -5.21966480e-02  3.87500529e-03 -2.47258265e-02
 -5.64798564e-02  8.08907375e-02 -1.68276299e-02  3.00748404e-02
  1.16588315e-02 -7.57105574e-02 -1.78214684e-02 -3.10579427e-02
 -6.13155738e-02 -8.90421942e-02 -5.78706376e-02 -2.69271303e-02
  2.12100018e-02  6.26237839e-02 -4.92452644e-03  6.45282445e-03
  5.47334366e-02  1.13837749e-01  1.48317181e-02  2.22665165e-02
 -2.12363396e-02  1.50117829e-01 -3.72921526e-02  3.33469138e-02
 -5.01639443e-03  4.09175158e-02 -1.24205381e-03 -1.60467848e-02
 -3.24167125e-02  8.53534713e-02  3.40782180e-02 -1.85215268e-02
 -3.21093423e-04  5.36524132e-02  1.48653775e-01 -5.00368029e-02
  1.11897051e-01  3.42525505e-02  2.51752920e-02  3.19102444e-02
  2.72080544e-02 -5.33914864e-02  6.36730716e-02  5.52238710e-02
  5.80936447e-02 -1.99551471e-02  5.76110929e-02 -2.67608054e-02
 -3.83310369e-03 -5.67741022e-02  2.49432884e-02  4.45923489e-03
 -3.04869399e-03  6.32659569e-02 -6.67025661e-03 -2.33998802e-02
  6.37260545e-03 -7.51410723e-02 -2.67501120e-02 -5.53193204e-02
  5.65782795e-03 -7.48726949e-02  5.04640713e-02 -3.59484591e-02
 -4.82332930e-02 -9.15562510e-02  2.70559471e-02 -4.52562720e-02
 -3.76193225e-02  6.37448430e-02 -6.94949031e-02 -5.69856837e-02
  9.74096078e-03 -5.00686727e-02  3.97994407e-02  4.15671756e-03
  8.05877596e-02  4.33821902e-02  1.12722570e-03  7.02316016e-02
  3.50551903e-02  1.80419628e-03  2.69412231e-02 -1.46911712e-03
  7.11080730e-02 -4.92157452e-02  7.92632401e-02 -2.58373041e-02
 -3.09743471e-02  4.80512939e-02  2.95157861e-02  1.18350608e-34
 -3.12999934e-02 -2.90825292e-02 -3.70164886e-02  9.64765158e-03
 -3.73968184e-02  3.68282385e-02  4.37056608e-02  7.86510035e-02
 -7.21774623e-02 -2.15460226e-01  9.57186073e-02 -2.52999645e-02
  5.46603883e-03  8.63578469e-02 -1.71971302e-02 -7.93650821e-02
  6.27393350e-02 -5.12971543e-02  1.66282449e-02 -4.70058247e-02
  6.60602078e-02 -4.87983078e-02 -1.94210443e-03  2.14276984e-02
  2.26405580e-02 -2.90670078e-02  1.68931149e-02  2.06094608e-02
  3.39301699e-03  1.08181825e-02  3.90403606e-02  2.23687161e-02
 -6.73938692e-02 -4.22509462e-02 -3.11781112e-02  2.02359259e-02
  5.36426045e-02  1.57542620e-02 -1.01619260e-02  2.27249134e-02
 -5.01154810e-02  2.27623107e-03 -5.07996008e-02 -4.35811616e-02
  8.87920782e-02 -1.47483507e-02 -6.87156320e-02 -5.85708916e-02
 -5.92519939e-02  2.08345205e-02  1.89258065e-02 -2.63359621e-02
 -3.84629928e-02 -7.03689307e-02  2.01895870e-02  2.32006982e-02
 -3.46534178e-02 -1.38595365e-02  7.04013743e-03 -9.46247429e-02
  8.49867761e-02 -4.86567587e-04 -1.73418000e-02 -2.23277081e-02
 -2.66382713e-02  6.78698579e-03  1.24570765e-02 -1.45931542e-01
 -1.43974468e-01 -8.09176937e-02 -2.73330212e-02  3.91483381e-02
 -2.90613025e-02  2.09116209e-02 -4.39826921e-02 -7.52520710e-02
 -3.61277349e-02  2.27063242e-02 -3.89166251e-02  2.08207667e-02
  1.70235764e-02  2.69329315e-03  2.30641142e-02  5.67353964e-02
  8.17041248e-02 -1.76049341e-02 -2.44226325e-02  8.71216878e-02
 -3.36552486e-02 -1.52392760e-02  5.06644100e-02 -5.66552803e-02
 -2.61700228e-02  3.22602689e-02  7.89106339e-02 -1.99465945e-33
  5.15594631e-02 -2.36905795e-02  7.30327517e-02  7.10046813e-02
 -4.38931882e-02  4.21528183e-02  2.08153715e-03  8.58633220e-02
 -5.04234433e-02 -1.76430866e-01 -1.47155058e-02  3.65636647e-02
  3.45849693e-02  1.07810469e-02 -2.13444848e-02  3.83492224e-02
 -8.02563950e-02 -2.49362756e-02 -6.18452355e-02  2.47619059e-02
 -1.11232521e-02 -1.76689364e-02 -2.54674312e-02  3.56617831e-02
 -8.35539890e-04 -2.92794518e-02 -1.44023765e-02  3.74368764e-02
  3.32098198e-03  1.52218327e-01 -3.43145914e-02  3.80722247e-02
 -1.10122394e-02 -7.79067799e-02 -4.91248490e-03  8.90111849e-02
  4.66380194e-02 -8.53459686e-02 -6.16874695e-02  1.63304284e-02
  3.99368331e-02 -3.03456504e-02 -1.79102400e-03 -5.66270249e-03
  4.36223596e-02  5.08922860e-02 -6.06620917e-03  9.78882797e-03
  4.36852872e-02 -1.73634980e-02  2.29272563e-02  1.97743941e-02
 -3.88538162e-03 -4.69329953e-02  7.76131600e-02 -6.29556701e-02
 -4.89082523e-02 -7.30552450e-02 -9.33084860e-02 -6.18773103e-02
 -6.37036487e-02 -3.50937881e-02 -2.71123904e-03  3.10201049e-02
  8.40488300e-02  9.13433880e-02  8.19288380e-03  4.55833115e-02
  2.10410189e-02 -8.37227032e-02  4.44160514e-02 -3.39257680e-02
 -1.47365332e-02  4.16914523e-02  2.09710058e-02 -3.92911471e-02
 -3.89390551e-02 -4.68955236e-03  6.16044598e-03  7.14571681e-03
  5.10077067e-02 -1.24904038e-02  6.56304881e-02 -5.31878993e-02
  5.45834601e-02  3.93734388e-02 -9.70582198e-03  5.34628108e-02
 -2.86466219e-02  5.55806495e-02 -2.60906033e-02 -1.61140617e-02
 -4.39345725e-02 -4.74377833e-02  4.04645763e-02 -3.47107338e-08
  1.34485260e-01 -5.34288697e-02  3.96931618e-02 -2.40061637e-02
  1.16287172e-02 -7.86179528e-02  5.32882400e-02  4.75214832e-02
  9.20894556e-03  2.26325933e-02 -8.24600533e-02  7.99185857e-02
  2.33622454e-02  1.69259105e-02  2.25670636e-03 -2.86084134e-02
  3.63153480e-02  6.01914749e-02 -2.48579904e-02 -4.23123455e-03
 -2.57270541e-02 -3.90042812e-02  4.19266149e-03 -4.13565617e-03
  1.79970097e-02 -2.04559416e-02  1.73007790e-02 -2.51541696e-02
 -1.42152635e-02 -3.57505791e-02 -2.63854414e-02 -7.57196248e-02
  3.61962169e-02  2.88217299e-04  7.95679912e-02 -2.66956743e-02
  2.79935300e-02 -3.75839211e-02  3.20899710e-02 -5.39571466e-03
  1.66034717e-02  8.59749913e-02  4.30883989e-02  2.82928739e-02
 -1.93459224e-02 -3.78718227e-02 -3.87657955e-02 -3.33783962e-02
  1.20432824e-02 -3.23754027e-02 -3.14300822e-04  7.99888000e-02
  1.58660151e-02  6.57028751e-03 -5.72660454e-02  2.17764340e-02
  6.68046027e-02  3.11623588e-02 -5.31756617e-02 -3.86027023e-02
 -3.23718563e-02 -4.35421541e-02  1.37933716e-02 -3.68298069e-02]"
How can Onchocerciasis be prevented?,Prevention strategies include controlling the blackfly population through insecticides and the widespread distribution of ivermectin to at-risk populations.,Prevention of Onchocerciasis involves blackfly control and distributing ivermectin in affected areas.,How can Onchocerciasis be prevented? Prevention strategies include controlling the blackfly population through insecticides and the widespread distribution of ivermectin to at-risk populations.,"[-7.10250763e-03  4.67122756e-02  1.48245925e-02  4.67508994e-02
  2.98406556e-03  5.59937395e-02  1.10537615e-02  6.44371733e-02
 -3.67142521e-02 -1.62198897e-02  3.72246876e-02 -4.09993641e-02
  1.67235942e-03  1.44387661e-02 -1.61506638e-01  6.98023587e-02
  3.55337895e-02  1.98655389e-02 -3.20570320e-02 -4.88793850e-02
 -2.01682225e-02  1.08553246e-01  4.07691002e-02  4.34172302e-02
 -1.34097591e-01 -2.87116319e-02 -5.22513203e-02 -7.62988180e-02
 -2.25729235e-02 -8.49745944e-02  1.90593638e-02 -3.47927846e-02
 -3.47607024e-02 -3.92220318e-02  2.58194213e-03 -1.82601307e-02
 -7.66016729e-03  6.54803067e-02  5.93337230e-03  2.87098531e-03
  1.96308084e-03 -6.21874593e-02 -6.34910017e-02 -1.74061675e-02
 -9.16335285e-02 -5.27435616e-02 -3.39922006e-03 -2.77819186e-02
  7.23035261e-02  2.51449794e-02  1.77540572e-03  1.87338386e-02
  4.41913912e-03  1.23791471e-01  6.64172918e-02  3.13822739e-02
 -3.29458825e-02  5.17712794e-02 -4.32845727e-02 -3.60417552e-02
 -2.61506550e-02  3.08336057e-02  2.22329944e-02 -1.22808563e-02
 -6.92156628e-02  3.79723608e-02  3.86707159e-03  1.44527922e-03
  5.51397800e-02  4.24467847e-02  1.29277289e-01 -8.25399347e-03
  3.42975743e-02  6.39341548e-02  2.96352617e-02  5.84801324e-02
  1.69520304e-02 -6.43529817e-02  8.92023891e-02  3.43041192e-03
  4.28401753e-02 -6.17744215e-02  9.02379006e-02  4.11169939e-02
  3.67164351e-02 -6.35094270e-02  3.36174481e-02 -7.39610707e-03
  3.59623246e-02  8.94287676e-02 -4.79849800e-03 -2.80364137e-02
  2.53163632e-02 -2.60825790e-02 -2.73867766e-03 -4.66425456e-02
 -2.15529893e-02 -1.38874233e-01  3.71298641e-02  1.84943005e-02
 -2.82875542e-02 -1.23223335e-01  4.63821888e-02  1.46304900e-02
 -6.96592480e-02 -2.86172610e-02 -2.37813108e-02 -1.00278392e-01
  5.22810556e-02  1.86896566e-02  4.33786660e-02  7.26421326e-02
  5.95060736e-02  8.33427086e-02 -2.07078457e-02  7.36402161e-03
  7.98488036e-02 -3.37611628e-03  4.70992401e-02 -2.23688167e-02
  7.65879601e-02  1.96857727e-03  3.31384763e-02 -4.14021388e-02
  1.69655029e-02  1.80554148e-02 -6.78573698e-02  4.70349866e-34
  2.12430228e-02 -5.43562844e-02 -4.79282886e-02  8.76455288e-03
 -5.05989976e-02 -1.36352805e-02 -4.87507395e-02  6.61314577e-02
 -3.81304361e-02 -1.36055589e-01  3.60509716e-02 -1.11531816e-01
 -1.59986187e-02  8.37444738e-02  6.56358376e-02 -3.98865305e-02
  2.24378817e-02 -3.97782363e-02  7.66203403e-02 -3.57412510e-02
 -8.08919407e-03 -1.39370725e-01 -5.87372147e-02  2.32668631e-02
  2.34959275e-02  3.68038006e-02 -3.92388813e-02 -6.95047434e-03
 -2.71702581e-03  3.34530026e-02  7.40529224e-02 -3.17767113e-02
 -7.22138435e-02 -1.46873044e-02  5.51501289e-02  1.05405383e-01
  1.94663852e-02 -2.96502225e-02 -5.89424521e-02 -3.02125737e-02
 -7.02108145e-02 -9.23419651e-03 -1.21664852e-02 -3.43459621e-02
  1.15716144e-01 -2.05742121e-02 -1.00470766e-01 -2.77751163e-02
 -1.03106734e-03  5.30492365e-02  2.62690168e-02 -4.07810472e-02
  5.79861104e-02  5.68331545e-03  2.77673583e-02  1.61807220e-02
 -4.14720662e-02 -5.17391749e-02 -1.88617427e-02 -6.61740825e-02
  2.19503157e-02  5.31417783e-04 -1.69242322e-02 -3.13940160e-02
  9.15162116e-02 -6.34645522e-02 -4.67079654e-02 -1.15395576e-01
 -1.18444644e-01 -9.35376510e-02 -5.79656065e-02  1.09811099e-02
 -2.12444402e-02 -2.74822209e-02 -9.24413502e-02 -5.08724824e-02
 -6.08052686e-02  8.01306516e-02  4.57129590e-02 -8.83003697e-03
  8.76898617e-02 -5.50996140e-03  2.73557063e-02  3.05767469e-02
  1.39445998e-02 -2.96835788e-02  5.90140522e-02  7.11248294e-02
  1.20693734e-02 -3.38425636e-02  6.26828298e-02 -3.08953431e-02
 -3.02647129e-02  3.27203162e-02  8.14725738e-03 -1.63391731e-33
  6.91088196e-03 -4.76444187e-03  8.03285018e-02  2.96223685e-02
 -5.57407402e-02  6.21401221e-02  1.94254313e-02  7.61060193e-02
 -6.64836690e-02 -1.79292053e-01 -3.36871147e-02  4.22543995e-02
  5.34205437e-02  8.66774283e-03  1.39810680e-03  1.13552604e-02
 -6.45582527e-02  7.15385079e-02  8.23298469e-03 -2.44934000e-02
 -6.28587231e-02  4.90001962e-02 -6.66185794e-03  5.04659228e-02
 -3.44280079e-02 -5.22902645e-02 -2.96760350e-02  5.66413477e-02
 -1.05349235e-02  6.47644252e-02 -3.08018439e-02  6.35577962e-02
  2.09903102e-02 -8.33593085e-02 -2.58868281e-02  6.61710352e-02
 -2.97167599e-02 -2.38160957e-02 -1.34106614e-02  3.89209650e-02
  8.04672986e-02 -2.74682767e-03 -2.16127131e-02 -7.21252486e-02
 -1.07793184e-02  1.11112043e-01  3.03592607e-02  2.36909389e-02
  1.94885805e-02  4.21465113e-04  3.89971072e-03  1.29669039e-02
  3.13490885e-03 -1.70647893e-02  5.71798533e-02 -7.47254863e-02
  3.93554009e-02 -1.05043516e-01 -2.50074714e-02  9.95353214e-04
 -4.19221818e-02 -6.01062039e-03 -2.46543270e-02  8.39802399e-02
  1.29084093e-02  4.41264175e-02 -1.21419672e-02  8.66852179e-02
  5.26269563e-02 -9.66837779e-02  8.52435827e-03 -6.70136437e-02
  6.21793568e-02 -3.35651170e-03 -1.62342808e-03 -1.47842944e-01
 -4.53505293e-02  3.22384872e-02  4.05645147e-02  4.46322653e-03
  2.65419576e-02 -1.33839175e-02  5.91898821e-02 -4.73908484e-02
  2.90186144e-02  1.88303925e-02 -1.53275561e-02 -2.78617721e-02
 -5.28637320e-03 -9.57051758e-03 -8.76769200e-02  4.72516343e-02
 -4.31883037e-02 -3.62880155e-03  2.88268626e-02 -2.97234966e-08
  1.07800536e-01 -4.95522097e-02  6.98919222e-02 -1.86424740e-02
  3.33107859e-02 -4.11688462e-02  4.26985882e-02  8.06052797e-03
  2.88337991e-02  4.41187760e-03 -2.83302106e-02  5.29285669e-02
  5.34936562e-02  2.39961641e-03  6.02846295e-02  4.20356765e-02
  3.44573110e-02  2.89956592e-02 -3.88442799e-02 -1.42817702e-02
 -6.14730269e-02 -1.62239708e-02 -1.44995917e-02 -2.08512396e-02
  4.41857576e-02 -4.02026065e-02  4.57416214e-02 -1.93814058e-02
  4.66557369e-02  6.75493553e-02 -5.37971109e-02  2.17768550e-02
 -5.11376001e-03 -1.99342519e-03 -3.73386405e-02  1.37466332e-02
  1.19162602e-02 -2.93463245e-02  8.84661824e-02  5.09595638e-03
 -3.04979552e-02  9.99367014e-02  1.72517952e-02  1.15944701e-03
 -6.34410477e-04 -1.61871668e-02 -5.35303820e-03  3.42674106e-02
 -2.14313623e-02 -1.28091956e-02  6.25070045e-03  1.89758223e-02
  4.61367331e-02  5.33866212e-02 -8.58924240e-02 -2.80471612e-02
  6.39696866e-02 -3.88144748e-03 -1.24186780e-02 -2.56909784e-02
 -1.49690947e-02 -1.47030642e-02  3.41751333e-03 -1.92650836e-02]"
What is the mortality rate of Onchocerciasis?,"Onchocerciasis is not typically fatal but can significantly impact quality of life and productivity. Its main threat is blindness, which occurs in a fraction of the infected population.",Onchocerciasis is usually not fatal but can cause blindness and reduce life quality and productivity.,"What is the mortality rate of Onchocerciasis? Onchocerciasis is not typically fatal but can significantly impact quality of life and productivity. Its main threat is blindness, which occurs in a fraction of the infected population.","[ 8.01721066e-02 -6.29808381e-02  1.20723993e-02  3.63875218e-02
 -4.91536260e-02  2.77056564e-02 -5.33171333e-02  8.04624930e-02
 -2.33043134e-02  1.82842854e-02  2.63757221e-02 -5.50536066e-02
  6.35418147e-02  3.87394391e-02 -1.06420755e-01  2.18819790e-02
  2.30134707e-02 -6.69110417e-02 -1.03878103e-01  2.25610640e-02
  8.36372469e-03  5.10481857e-02  6.79914877e-02 -1.45569874e-03
 -3.99124175e-02 -9.07372683e-02 -4.14000638e-02 -8.40882659e-02
 -9.35422033e-02  3.18899974e-02 -8.15689638e-02  2.45037861e-03
  5.09002097e-02 -8.01775903e-02 -6.28109053e-02 -4.48974520e-02
 -2.36637201e-02  2.34274287e-02  2.43660249e-02  4.08068262e-02
 -5.15231453e-02 -3.76087688e-02 -5.20967878e-02  4.36993279e-02
 -3.51007693e-02 -5.12834191e-02 -5.70655279e-02 -4.87808026e-02
  1.75555947e-03  5.41960150e-02 -5.05703613e-02  1.02068912e-02
  5.38307093e-02  6.54772148e-02 -3.37173603e-02 -1.23284096e-02
 -8.16532150e-02  1.00895604e-02 -4.52568978e-02  9.95282456e-03
 -3.11414208e-02 -2.45472752e-02  4.01542969e-02 -2.01553497e-02
 -7.70476181e-03 -3.74513827e-02  2.28609443e-02 -4.43645678e-02
 -2.82675847e-02  1.12643018e-01  2.28301547e-02 -2.47293618e-02
  2.46918742e-02  1.38987005e-02 -5.12485355e-02 -5.62553033e-02
  6.54562116e-02 -5.59152514e-02  7.93745816e-02 -3.70634980e-02
  1.15967035e-01 -5.44120483e-02  2.57280488e-02 -2.58254465e-02
  2.59647705e-02 -4.28330787e-02  1.63134299e-02  2.88297348e-02
 -1.12911896e-03  6.30027801e-02 -3.43705490e-02  4.55344506e-02
  4.62630093e-02 -5.07031940e-02 -3.51583562e-03  4.62560765e-02
 -1.48902871e-02 -2.25277282e-02  2.90125869e-02 -6.51210621e-02
 -6.35071397e-02 -1.24692053e-01 -8.73452798e-03 -1.83284450e-02
 -8.24687071e-03  3.10972687e-02 -9.69916806e-02 -6.56564778e-04
  1.95406564e-02  5.18611856e-02  1.18583933e-01  4.49678376e-02
  4.18750532e-02  8.84804223e-03  2.31972672e-02  6.92585334e-02
 -2.08186284e-02 -4.60923314e-02  3.12972069e-02  3.68477590e-02
  5.80870472e-02 -6.16729483e-02  7.42283044e-03 -1.84535068e-02
  1.43471984e-02  5.86222075e-02  2.06608623e-02 -4.51785274e-34
  1.51135549e-02 -6.18984103e-02 -3.34388204e-02 -7.37378597e-02
 -9.29103699e-03 -5.96347414e-02  3.45690474e-02  1.04400560e-01
 -4.77980971e-02 -1.18375495e-01  6.79308847e-02 -9.29517895e-02
  2.60157436e-02  9.28341746e-02 -2.32074666e-03  1.87858287e-02
  7.36103877e-02  5.55615537e-02 -4.73506264e-02 -3.52706015e-02
 -3.19992416e-02 -4.05604541e-02 -3.25351171e-02  3.22104655e-02
  3.22270468e-02  1.33003127e-02 -4.26178277e-02 -2.65043452e-02
 -8.37974697e-02 -7.81624299e-03  5.51925562e-02 -1.60397810e-03
 -5.62763773e-02 -7.86968246e-02  3.80105712e-02  4.58981916e-02
  1.57276131e-02  9.34618711e-02 -3.38865966e-02  2.05276702e-02
 -1.29263937e-01 -9.04975086e-03 -1.78255362e-03 -4.32680920e-03
  8.75270143e-02  4.87104710e-03  4.51547094e-02 -1.55003404e-03
  1.43567268e-02 -1.11700930e-02 -3.90048102e-02 -6.23250008e-02
  2.09692470e-03  6.70828745e-02  2.59386022e-02  5.13575263e-02
  2.06699744e-02 -1.37881690e-03 -6.38137572e-03 -1.34129133e-02
  1.99566334e-02  6.09137602e-02  1.61055755e-02 -2.22459137e-02
  2.60606091e-02 -3.58968414e-02  9.65206511e-03 -6.43543676e-02
 -2.25824211e-02 -8.14087093e-02  1.55819813e-02  2.20341999e-02
 -9.44083929e-02 -3.74090821e-02 -1.08162342e-02  3.89274321e-02
 -1.41849937e-02  1.75520703e-02  1.79410558e-02  8.42037424e-02
 -7.65146548e-03  2.25792751e-02 -2.93846298e-02 -5.08453697e-02
  4.84576039e-02  9.15161446e-02  6.55203015e-02  1.50832126e-03
 -2.39784457e-02  4.79737408e-02  9.73461047e-02 -3.36531252e-02
 -3.56430598e-02  2.19364241e-02  8.28991979e-02 -1.35172777e-33
  5.67899831e-03  4.76468541e-02 -2.21011341e-02  8.02130476e-02
 -5.28311394e-02 -9.48086567e-03 -2.02176403e-02  8.35354328e-02
 -4.27461565e-02 -1.33101061e-01 -9.43304226e-03  1.03120871e-01
 -1.47802653e-02  2.87271868e-02  2.45862603e-02 -3.13631892e-02
 -4.46372293e-02  3.46289040e-03 -3.29234526e-02 -5.53504971e-04
 -3.69537920e-02 -5.08103445e-02 -1.07918821e-01  5.77726550e-02
 -4.08637859e-02  2.20983103e-02 -7.30700642e-02 -1.73394494e-02
 -5.97858895e-03  2.75619458e-02  2.75821909e-02  7.26245269e-02
  5.21804299e-03 -3.49160917e-02  3.90997827e-02  7.42784217e-02
 -2.18460499e-03 -1.01248145e-01 -1.97141971e-02 -4.62676659e-02
  9.34867486e-02  8.23405944e-03 -8.88784416e-03 -6.59427270e-02
  4.93673347e-02  2.18559559e-02  1.54648945e-02  9.40077472e-03
  3.02803442e-02 -3.94381694e-02  1.04098812e-01 -5.54534607e-03
 -5.86113967e-02  2.26753876e-02  5.52606396e-02 -7.63266385e-02
 -8.95226151e-02 -9.90092978e-02 -3.38517353e-02 -9.34904963e-02
 -8.37992970e-03  1.85166970e-02 -4.10671793e-02  1.30430043e-01
  3.71094234e-02  2.71090828e-02  2.07194570e-03  3.92532423e-02
  5.97739667e-02 -5.04448861e-02  1.80627797e-02 -2.23370194e-02
 -5.12071401e-02  2.02013832e-02 -2.51095016e-02 -2.75447965e-03
  2.49401480e-02  1.11502931e-01  4.10576770e-03  1.42504007e-01
  6.86057359e-02 -2.59584542e-02  3.72212529e-02 -3.64059495e-04
 -1.05183506e-02 -4.29759808e-02 -1.39934458e-02 -4.46303412e-02
 -2.12737396e-02  2.60643587e-02 -1.40470728e-01  1.59733184e-02
 -7.25919381e-02 -6.37533218e-02 -1.80022661e-02 -3.32516024e-08
  1.57801241e-01 -3.15181054e-02  2.04585195e-02 -8.11498687e-02
  8.68292898e-03 -4.19497192e-02  7.78728649e-02  7.17297494e-02
 -5.76308975e-03  1.03347383e-01 -4.89878915e-02  5.69685325e-02
  1.20249316e-02 -1.59876589e-02  6.39232174e-02 -8.10213387e-03
  2.85963379e-02  1.53671913e-02 -2.39205500e-03 -1.46776652e-02
 -2.26879492e-02 -3.54565084e-02  3.12828757e-02  5.83602162e-03
 -1.49986353e-02  3.25237513e-02  4.72452007e-02 -3.32884826e-02
 -3.27314064e-02  2.71739569e-02 -4.54740673e-02 -4.22812551e-02
 -1.28239579e-02  7.62478039e-02  8.72289538e-02 -2.00119950e-02
  6.10497175e-03 -2.48474330e-02  2.62290873e-02  9.11806449e-02
 -2.35025659e-02  2.62982375e-03 -8.75267666e-03  3.32041606e-02
  3.87652591e-02 -4.24927101e-02 -1.11638512e-02 -4.25161980e-02
 -9.66989342e-03 -5.94677776e-02 -6.68222271e-03 -6.43668091e-03
  3.06924302e-02  3.23497388e-03 -9.19226483e-02 -1.71043817e-02
  8.04681778e-02  4.44821082e-02 -8.47114250e-02 -2.10997439e-03
  8.15648809e-02  5.77310333e-04  1.41123002e-02  1.28716473e-02]"
How is Onchocerciasis diagnosed?,Diagnosis usually involves identifying microfilariae in skin snips or detecting the presence of nodules under the skin. Advanced cases with eye disease can be examined by an ophthalmologist.,"Onchocerciasis is diagnosed by finding microfilariae in skin biopsies or nodules, and eye disease examination by an ophthalmologist.",How is Onchocerciasis diagnosed? Diagnosis usually involves identifying microfilariae in skin snips or detecting the presence of nodules under the skin. Advanced cases with eye disease can be examined by an ophthalmologist.,"[ 3.06401104e-02  5.21801005e-04  2.76937173e-03  3.29426788e-02
  7.24744331e-03 -2.24075820e-02  6.90689608e-02  1.00812703e-01
 -6.41706362e-02  1.04524493e-02  5.19834459e-02 -8.40546638e-02
 -4.39237244e-02  9.63184685e-02 -1.67531103e-01  8.35189410e-03
 -2.93346532e-02 -2.17621643e-02  1.74735710e-02 -1.66720524e-02
  1.89747047e-02  3.40116546e-02 -1.93582103e-02 -3.34659070e-02
 -7.09150452e-03  1.29889958e-02 -3.56948413e-02 -5.76419644e-02
 -7.85753280e-02 -1.87186878e-02 -5.78190126e-02 -5.19789755e-03
  2.97921412e-02 -2.43179910e-02  9.67912227e-02 -2.34364569e-02
  9.06851701e-03  1.33024946e-01 -3.70170288e-02  2.76786871e-02
 -4.47295941e-02 -8.64215270e-02  1.43003697e-03 -1.23155415e-02
  5.18611167e-03 -4.64381501e-02 -4.15852442e-02  4.52592336e-02
 -3.08345631e-02 -9.89266764e-03 -9.79323089e-02 -3.96072716e-02
  2.04445589e-02  7.98135325e-02 -7.55311251e-02  4.56429571e-02
 -5.23060672e-02  1.55572454e-03 -2.59601581e-03 -2.07926514e-05
 -3.04495860e-02 -6.31664023e-02 -8.51511024e-03  1.40165109e-02
  3.44885848e-02  1.90018527e-02  7.20520914e-02 -8.93699229e-02
  6.29835054e-02  1.97334290e-02  7.06822127e-02 -6.04824349e-03
  6.60940930e-02  5.71836382e-02  4.79718717e-03 -5.97406998e-02
  5.65956421e-02 -2.61303689e-02  8.95709395e-02  5.37595041e-02
  1.99550018e-02  3.18357497e-02  2.67385654e-02 -8.87345523e-02
  5.05576544e-02 -3.02551053e-02 -2.78101824e-02 -4.16153856e-03
 -4.77870591e-02  3.98248956e-02 -2.00727638e-02  7.41332956e-03
 -9.81394872e-02 -6.79225028e-02  3.86260240e-03 -2.77782883e-02
  5.03669232e-02 -2.58989725e-02  9.37567949e-02 -1.26118641e-02
 -1.81856565e-02 -1.21591620e-01  3.84655558e-02 -1.01037892e-02
  2.60956362e-02  3.72776622e-03 -5.33589497e-02 -7.66556188e-02
  9.16278139e-02 -5.50922789e-02  8.01504403e-02  7.41812140e-02
  1.32571021e-02  3.16551235e-03  5.14575988e-02  1.88632347e-02
  3.01288906e-02  2.09479742e-02  4.31816094e-02 -1.20938951e-02
  2.49666721e-02 -2.02233717e-02  1.04674576e-02 -5.23547828e-02
  7.01868609e-02  1.36099488e-01 -9.37568769e-02  4.47817246e-34
  7.36882910e-02 -4.22251038e-02 -8.01922902e-02  2.23459071e-03
 -6.14162497e-02  6.46909773e-02  4.33749594e-02  8.14359039e-02
 -1.05534829e-01 -7.91231394e-02  8.75760242e-02  9.44340881e-03
  9.30503849e-03  7.39431307e-02  1.44640477e-02  5.07033546e-04
  3.45420949e-02  2.08511129e-02 -1.34561379e-02 -4.96562235e-02
 -3.54662314e-02 -1.44724939e-02 -4.27099178e-03  1.87833197e-02
  3.87591720e-02  4.43489116e-04 -1.87404174e-02 -5.00352867e-02
  4.88581252e-04  2.03634575e-02  5.41686527e-02  9.43024084e-03
 -6.62411973e-02 -2.92015430e-02  6.74917549e-02  8.72362256e-02
  6.16067350e-02  4.83389720e-02 -3.45388539e-02 -5.36525920e-02
 -7.28450939e-02 -1.85582805e-02 -2.93616578e-02 -7.10419044e-02
  5.18617593e-02  6.75750300e-02 -7.08328038e-02 -1.12562068e-03
 -3.73752452e-02  2.33127382e-02  4.98742312e-02 -7.20078647e-02
  3.92543860e-02 -2.71911062e-02  4.91718538e-02  9.27867964e-02
 -4.53012139e-02 -2.51943078e-02 -3.74920573e-03 -6.33132830e-02
  4.88225371e-02  1.45379105e-03 -2.73107812e-02  9.28891450e-03
 -1.01079075e-02 -5.77164777e-02 -7.29635432e-02 -1.04681430e-02
 -4.92481291e-02 -5.97612225e-02 -3.82149406e-02  3.81248482e-02
  5.04082218e-02  2.53525767e-02  9.35380906e-03 -3.98050249e-03
 -7.00861439e-02  5.40526360e-02 -5.65620326e-02  1.20432302e-02
  1.77370813e-02  9.95646976e-03  4.72049005e-02  9.03762120e-04
 -4.47677784e-02  5.17127365e-02  2.68507451e-02  4.30055931e-02
 -4.61534597e-02 -6.50227517e-02  6.24327064e-02 -3.42018087e-03
 -3.58159691e-02  1.50881428e-02  1.81858204e-02 -2.74686526e-33
  8.18839204e-03 -1.19081158e-02  1.53744845e-02  2.51255985e-02
 -7.56874159e-02  5.75413220e-02  1.91629268e-02  7.90916458e-02
 -2.69483663e-02 -9.18851644e-02 -2.48717815e-02  1.43910758e-02
 -7.77035579e-02 -3.03009897e-02 -6.06817119e-02  1.48514351e-02
 -8.58891830e-02  1.44156860e-02  7.84992576e-02  5.16592376e-02
 -7.26001710e-02  2.55025048e-02 -2.46966090e-02  8.52711499e-03
 -2.26748222e-03  1.09876795e-02  2.21805125e-02 -2.74504591e-02
 -9.34979245e-02 -2.28859321e-03  2.95475032e-02  4.13119867e-02
  8.86324607e-03 -4.78782244e-02  8.69605597e-03  6.42687529e-02
 -3.15374024e-02 -7.67834485e-02  3.33757140e-02  4.79518510e-02
  2.76703220e-02 -2.18744092e-02 -2.13420689e-02 -1.12832943e-03
  1.65579785e-02  4.47155870e-02  3.55385058e-02  4.95705828e-02
 -1.37344589e-02 -3.43895666e-02  4.16958053e-03 -1.05378255e-02
 -5.37629984e-03 -1.61123164e-02 -6.97039207e-03 -3.01902927e-02
 -1.01720951e-01 -4.37949406e-04 -9.18539613e-02 -9.92523972e-03
  8.49831942e-03 -8.02269429e-02 -8.26621652e-02  7.13063478e-02
  5.64935915e-02  1.18381977e-01 -2.20961273e-02 -3.45194526e-02
  7.38154948e-02 -1.61217526e-02 -3.03668249e-02 -6.85510263e-02
 -5.54527007e-02  8.75614956e-03  4.94031645e-02  3.05552129e-03
 -6.21842220e-02  2.93814167e-02 -2.09516808e-02  1.14160568e-01
  5.81383891e-02 -8.67281929e-02  1.08853221e-01  7.60247931e-02
  5.70056736e-02 -4.24765833e-02  3.13055776e-02 -6.20609336e-03
 -4.69954051e-02 -1.36260316e-02 -2.58945953e-02  4.89197485e-02
 -1.02389045e-01 -6.68491125e-02  5.97394221e-02 -3.15441113e-08
  1.15158558e-01 -1.06216915e-01  1.63165182e-02 -9.12461206e-02
  1.55624105e-02  6.23856764e-03  5.95718287e-02  3.14522386e-02
 -3.02785542e-04  1.51720294e-03 -1.20149501e-01 -2.90275477e-02
 -2.66147479e-02  1.81816239e-02  1.13706172e-01 -5.45070060e-02
  6.28595948e-02  4.80134450e-02 -6.02157004e-02 -7.99707603e-04
 -4.99637388e-02 -4.64056656e-02  1.21692773e-02  9.04235020e-02
 -1.51724312e-02 -1.06391236e-02  8.48274305e-03  1.35639217e-02
 -2.66414322e-02  7.80933648e-02 -1.47799402e-02  5.89581951e-02
 -1.47008868e-02  4.33755964e-02  1.76472813e-02 -6.13063481e-03
 -1.93576049e-02 -5.84391505e-02  6.82571158e-02  2.49790624e-02
 -2.06595194e-02  6.46148995e-02 -1.46219358e-02 -4.93984716e-03
 -6.31791502e-02 -4.30904999e-02  2.12205909e-02 -7.66021311e-02
  1.79783516e-02  3.84367933e-03 -1.31534599e-02 -5.36830537e-03
 -5.95897716e-03  5.12762256e-02 -1.10178858e-01 -6.09567622e-03
  1.08127162e-01  2.88384017e-02 -9.25837681e-02 -4.59778383e-02
  1.39233312e-02  6.41306043e-02  1.92854065e-03 -1.53765706e-02]"
Can Onchocerciasis be treated at home?,"While ivermectin can be taken at home, it should be distributed as part of a community-based treatment program to ensure proper dosing and follow-up.",Ivermectin for Onchocerciasis can be taken at home but should be part of a community treatment program.,"Can Onchocerciasis be treated at home? While ivermectin can be taken at home, it should be distributed as part of a community-based treatment program to ensure proper dosing and follow-up.","[-2.77820625e-03  1.45017412e-02  2.81563550e-02  1.39255393e-02
 -1.15042366e-02 -1.60329901e-02 -1.77065991e-02  1.13366917e-01
 -4.57856134e-02 -6.30800352e-02 -3.39666544e-03  3.40152979e-02
 -5.27815055e-03  1.16416886e-01 -3.10925208e-02 -1.35328490e-02
  6.46399930e-02  3.33293952e-04  3.38330269e-02  2.00283304e-02
 -5.74880689e-02  1.26866847e-01 -2.15512980e-02  4.71871980e-02
  8.07424635e-03  1.12564713e-02  6.82169432e-03 -4.74887714e-02
 -1.57167073e-02 -9.19310749e-03  4.03026342e-02 -5.69790117e-02
  1.06288148e-02 -5.46656996e-02  4.69048461e-03  1.38553819e-02
 -1.51299890e-02  5.69263399e-02  1.32892011e-02  2.49643512e-02
  4.38216701e-02 -2.09249984e-02  4.52958830e-02 -3.03404126e-03
 -7.99449459e-02 -4.62311134e-02 -7.28541985e-02 -5.92518523e-02
  2.79600155e-02  7.66640529e-02  3.63962576e-02  4.70283031e-02
  4.25310992e-02  1.40513390e-01 -4.26817611e-02  8.42125565e-02
 -2.92617716e-02  7.01306667e-03 -7.59345666e-03  5.42249195e-02
  2.50321813e-02  4.88968864e-02  4.72837277e-02  2.36000828e-02
 -2.56202146e-02  1.11237243e-02  4.30775397e-02  9.84789059e-03
  8.61612633e-02 -6.52911663e-02  1.03468232e-01 -9.35424864e-03
  1.20123245e-01  4.45395410e-02  2.92440895e-02  5.00664720e-03
  2.89769452e-02 -6.37849048e-02  6.82393536e-02  9.50413942e-03
  1.41441813e-02  5.00491308e-03  1.05808839e-01 -1.64899975e-02
 -4.08572890e-02 -3.13038640e-02 -2.21177074e-03  3.07870917e-02
  3.32106911e-02  6.31064475e-02  6.64479062e-02  1.35771148e-02
  2.17377972e-02 -8.18096846e-02  2.01286897e-02 -9.85261723e-02
 -7.53191859e-03 -8.46036598e-02  3.83883603e-02  1.99467018e-02
 -5.12455404e-02 -1.11366197e-01  3.49807255e-02 -8.82440014e-04
 -2.97337975e-02  3.00617535e-02 -7.24152625e-02 -7.38557652e-02
  8.21048021e-03  1.20005701e-02 -2.67843745e-04 -3.13686993e-04
  1.08570784e-01  1.83710251e-02  8.36139545e-03  5.29524311e-02
  6.65751547e-02 -3.29465345e-02  5.59852496e-02 -8.64422917e-02
  3.43935527e-02 -9.01093856e-02  9.27434042e-02 -8.68670940e-02
  8.22654143e-02  1.79343391e-02  1.25833554e-02 -3.26255932e-35
 -3.06411274e-02 -7.61586353e-02 -2.51823999e-02 -3.24953310e-02
 -1.78900082e-02  3.26221958e-02  1.31730866e-02  8.95707309e-02
 -4.33703661e-02 -2.12827027e-01  6.33497685e-02  6.39542053e-03
  3.95196266e-02  1.16009466e-01 -2.35139020e-03  8.51312093e-03
  3.00649423e-02  1.81863811e-02  2.42412854e-02  7.33295362e-03
  4.84301336e-02 -8.34517628e-02 -5.31727448e-02  1.12107083e-01
 -4.62424271e-02 -2.78895963e-02  8.03282857e-03  3.64172645e-02
 -4.07401472e-03 -2.06913594e-02  7.77057782e-02 -6.26506656e-02
 -6.52686581e-02 -3.59421559e-02 -1.08607598e-02  9.33353528e-02
  5.34418896e-02  1.36163207e-02 -6.29924610e-02 -5.03350832e-02
 -1.04796868e-02  2.13840846e-02  1.98815037e-02 -1.28557608e-02
  7.60963410e-02 -1.65359173e-02 -7.46688694e-02 -6.37349188e-02
 -2.89835390e-02  5.49986260e-03 -3.51429321e-02 -7.42361769e-02
 -7.20973760e-02 -1.85931399e-02  4.42173034e-02  8.81167948e-02
 -2.55878717e-02  5.72731113e-03  9.48549137e-02 -7.38530532e-02
  2.10488010e-02  3.96085680e-02 -1.40386447e-02 -3.77847180e-02
  2.56302860e-02 -6.28337339e-02  2.05165874e-02 -1.08394176e-01
 -5.90731055e-02 -7.68682808e-02 -2.91222334e-02  6.27290905e-02
 -7.01664388e-02 -1.57672726e-02 -1.98396249e-03 -5.66857979e-02
 -6.52756616e-02  5.83950691e-02  3.85918608e-03  1.02859046e-02
  4.72643115e-02 -4.41256128e-02 -3.57240468e-04  1.17723189e-01
  9.96669754e-02  2.53230124e-03 -5.33263832e-02  4.17165309e-02
 -3.64034995e-02  4.91600931e-02  5.75826503e-02 -6.69587627e-02
 -5.98680787e-03  1.64739992e-02  3.88970003e-02 -1.28685233e-33
  5.81258629e-03 -6.12917123e-03  4.54232506e-02  6.73535466e-02
 -4.92932163e-02  5.15251420e-02  3.51410359e-02  8.37233290e-02
 -2.66531110e-02 -7.11607039e-02 -8.02210197e-02  5.15373014e-02
  3.34863625e-02  1.61588527e-02 -8.41577537e-03  1.21809756e-02
 -1.05169326e-01 -2.61333995e-02 -4.00605518e-03  3.52409147e-02
 -4.96398658e-02 -3.10096482e-04  1.50299342e-02  2.08740886e-02
  7.02441111e-02 -5.22615500e-02 -6.10949099e-02  1.61548629e-02
 -1.10208737e-02  8.54966864e-02 -3.06146126e-02  3.76746990e-02
 -3.60769406e-02 -7.30527863e-02 -7.26447999e-02  3.47478874e-02
 -4.62421961e-02 -6.40807077e-02 -6.76272139e-02  7.81007204e-03
  6.26110509e-02 -3.02261785e-02 -8.14928487e-02 -1.32812234e-02
 -5.42263836e-02  1.07769296e-01  1.11010915e-03 -3.23752388e-02
  1.95957404e-02  4.88909930e-02 -2.73558609e-02  4.06155325e-02
  1.95913594e-02 -1.71959922e-02  9.33539588e-03 -5.19222282e-02
  1.66041385e-02 -7.47667849e-02 -1.09871268e-01 -4.46431478e-03
  3.53342183e-02 -3.75803560e-02 -5.05888164e-02 -2.23973989e-02
  4.67723347e-02  3.55351083e-02 -2.80971993e-02  8.26315358e-02
  2.35632583e-02 -9.19607207e-02 -2.45618764e-02 -1.13636047e-01
  6.61829412e-02  8.61591939e-03  3.44453715e-02 -9.00144130e-02
 -1.06624486e-02  4.38686286e-04 -1.25532830e-02  1.47382496e-02
  3.81439216e-02 -7.67242461e-02  5.57313636e-02 -5.39805517e-02
  8.57433453e-02 -5.38399033e-02  3.23233922e-04  2.86409110e-02
 -2.62960270e-02  6.71763048e-02 -2.24599075e-02  4.32252772e-02
 -6.94594309e-02 -2.58584656e-02  7.52214640e-02 -3.33305650e-08
  8.86365399e-02 -4.64063063e-02  7.43549466e-02  4.29595867e-03
 -5.18230945e-02 -7.80935213e-02  4.15099934e-02 -2.98951603e-02
 -1.78108190e-03  8.15180689e-02 -7.52046555e-02  4.52410430e-02
 -7.23376637e-04  2.05595102e-02 -3.20480429e-02 -6.41084742e-04
  6.90159574e-02 -1.68193057e-02 -6.29663989e-02  5.34008741e-02
 -1.31304003e-02 -4.78133559e-02  1.31584769e-02  4.86487933e-02
  2.39118170e-02 -5.96489944e-03  8.37105699e-03  4.56985831e-03
  1.63542549e-03  1.00537967e-02 -2.92909797e-02  7.14976899e-03
 -1.37953078e-02  1.78106455e-03 -1.58465654e-02 -6.15538023e-02
  2.67462637e-02 -2.10033171e-02  5.18696755e-02 -3.43546160e-02
 -4.59393859e-02 -1.70068797e-02 -2.17747428e-02 -7.88946729e-03
 -1.54181914e-02 -5.29632904e-02 -4.99161631e-02 -5.89571185e-02
 -2.30228696e-02 -7.63225108e-02 -2.66377069e-02 -9.97313298e-03
  1.10223852e-02 -1.93131920e-02 -6.83436310e-03  4.20126617e-02
  4.50447053e-02 -1.25042805e-02 -1.32383835e-02 -1.05859730e-02
 -7.55800530e-02 -1.30573874e-02  2.92343367e-02 -2.86817923e-02]"
How long does Onchocerciasis last?,"Once infected, individuals can host live parasites for up to 15 years. The disease can persist for a long time if not treated.",Onchocerciasis can last up to 15 years due to the long lifespan of the parasites if left untreated.,"How long does Onchocerciasis last? Once infected, individuals can host live parasites for up to 15 years. The disease can persist for a long time if not treated.","[-1.06489062e-02 -1.74183995e-02  9.40928143e-03  1.89011339e-02
 -3.42906895e-03 -4.25170064e-02 -5.97666875e-02  1.87041275e-02
 -3.44160944e-02 -4.03848067e-02  6.57511204e-02  2.77405810e-02
  5.67303225e-02  4.52950113e-02 -1.18134856e-01  6.93545714e-02
 -1.74456034e-02 -8.46467614e-02 -1.02023128e-02  3.09524704e-02
 -8.31336342e-03  2.75717583e-03  1.22463899e-02 -4.55290191e-02
 -4.42031510e-02  2.58943923e-02 -2.06623552e-03 -3.79272737e-02
 -1.03522344e-02  2.64154328e-03 -6.93935752e-02 -6.74963072e-02
 -3.35201249e-03 -3.70129310e-02  4.04859409e-02  1.43196285e-02
  7.66230933e-03  2.10263170e-02 -1.66753996e-02  5.04295789e-02
 -2.09335182e-02 -3.24793793e-02 -9.45936795e-03  3.29718366e-02
 -8.41445625e-02 -9.79688391e-02 -7.36526698e-02 -1.22339260e-02
  3.68718281e-02  2.24366914e-02 -5.29679172e-02  1.39436368e-02
  8.32405612e-02  8.84884447e-02 -4.24958654e-02  5.66188730e-02
 -4.35091853e-02  9.08291340e-02 -4.34965715e-02 -9.06494679e-04
  9.67351999e-03  3.67798172e-02  1.73436496e-02 -2.83449534e-02
 -2.20519975e-02 -3.69042978e-02 -6.52137445e-03 -4.12178785e-03
  3.78885157e-02  1.19671769e-01 -7.40449363e-03 -1.48486206e-03
 -3.68106104e-02  6.23231269e-02  2.09201332e-02  1.34700965e-02
  2.94518266e-02 -5.72138242e-02  5.79340570e-02 -2.78994720e-02
  3.04447711e-02  1.87192261e-02  2.54701097e-02 -7.68776909e-02
 -2.67236792e-02 -8.97352248e-02 -2.11902391e-02  8.20168853e-02
  2.11498216e-02  5.49567789e-02  1.08917980e-02  3.75756584e-02
  2.78748833e-02 -7.52763748e-02 -3.88285257e-02  8.37137643e-03
  2.56916229e-02  1.67061090e-02  7.20419884e-02  4.78351349e-03
 -9.28634405e-02 -1.46651238e-01 -1.84381437e-02 -2.05318984e-02
  1.99741498e-02  7.08408654e-04 -1.23456456e-01 -3.18949670e-02
  4.97196242e-02  1.32203391e-02  6.75646365e-02  6.21222183e-02
  9.11366269e-02 -9.27647296e-03  3.05944551e-02  3.99574302e-02
 -7.94242136e-03  1.39432875e-02  3.85000035e-02 -3.20192650e-02
  5.47164232e-02 -4.61619496e-02 -2.90795229e-03 -4.30980213e-02
  3.04897614e-02  9.09590721e-02  3.84351201e-02 -1.27609766e-33
 -7.61216180e-03 -7.01320320e-02 -4.60679904e-02  5.84630016e-03
 -9.62377116e-02  5.81311397e-02  3.90695222e-02  1.24607109e-01
 -7.64351413e-02 -5.85447066e-02  3.34936902e-02 -7.10116327e-02
 -2.15768460e-02 -1.33657726e-02  2.14597136e-02  3.77169997e-02
  1.20054804e-01  5.18544111e-03 -2.24130712e-02 -1.96625162e-02
  2.03140080e-02 -3.11725922e-02  3.01991329e-02  5.26231434e-03
  7.43257925e-02  2.03682650e-02 -1.36001250e-02  2.00497522e-03
 -7.92112425e-02 -3.68200964e-03  1.04112618e-01 -5.31317992e-03
 -1.13971561e-01  8.28932098e-04  2.25765668e-02  7.88541436e-02
  8.54174420e-02  5.37702031e-02  2.12198514e-02 -8.29062983e-02
 -3.68748605e-02  4.15397901e-03  2.55274046e-02 -4.27051075e-02
  5.46129979e-02 -3.81290205e-02  6.28898069e-02  1.53461667e-02
 -6.25870598e-04 -3.22224631e-04  5.76588623e-02 -2.10887045e-02
  2.42912322e-02  5.13481125e-02 -2.35465751e-03  5.95440492e-02
 -2.18926016e-02 -1.03455232e-02  2.02798098e-02 -8.38405415e-02
  1.19490199e-01  2.67717149e-03 -3.12402286e-02  2.98885652e-03
  3.46677564e-02  1.21252881e-02  3.73923546e-03 -2.81192306e-02
 -6.28305301e-02 -4.45382670e-02  1.34394551e-02 -5.43787656e-03
 -1.75819531e-01 -4.46921997e-02 -3.21322531e-02 -1.16756968e-01
  5.53585868e-03 -5.27732186e-02 -4.73471098e-02  6.48198873e-02
  6.02567978e-02 -4.84169088e-02 -3.18859816e-02  2.93393787e-02
 -1.61038879e-02  3.77301015e-02  6.01978526e-02 -6.93702884e-03
 -1.29265925e-02  2.22523399e-02  8.28036666e-02 -6.01791479e-02
  2.14973610e-04  1.84933972e-02  6.02497309e-02 -1.12355072e-33
  4.04606648e-02 -4.95719165e-02 -8.53600539e-03 -6.15479308e-04
 -3.11975107e-02  9.09254886e-03 -6.18931353e-02  2.29196563e-01
 -1.22921616e-01 -1.20880663e-01 -2.92749479e-02  3.57876122e-02
  2.62938607e-02  3.24198115e-03  4.53963131e-03  5.82810789e-02
 -9.78049263e-02 -4.60675396e-02  5.82105422e-04 -7.22111464e-02
 -6.67147040e-02  2.21725628e-02 -5.76636642e-02  3.32546346e-02
 -9.12128985e-02  1.19510675e-02  3.50002795e-02  3.38431150e-02
 -4.97962609e-02  5.52527346e-02 -1.98918525e-02  3.88523787e-02
 -2.31657885e-02 -4.23108563e-02  1.31309424e-02  2.08701361e-02
 -3.65365669e-02 -7.73201138e-02  4.77745645e-02  3.32910866e-02
 -9.37442761e-03  4.26572841e-03 -1.29885450e-02 -4.92609963e-02
  5.46256863e-02  6.26865029e-02 -2.91787796e-02 -3.81379738e-03
  6.62519261e-02 -5.70776798e-02  5.29961511e-02  9.66288708e-03
  5.36776893e-03 -1.08141340e-01  3.39951855e-03 -7.95242637e-02
 -1.07854247e-01 -4.83929887e-02 -1.21458769e-02 -9.76317599e-02
 -3.07993460e-02 -5.09498417e-02 -6.75594509e-02  1.06634073e-01
  2.83819828e-02  1.16673216e-01 -3.52639850e-04  1.63694490e-02
 -1.12442663e-02 -3.80214974e-02  1.21288328e-02 -2.41088532e-02
 -9.49188098e-02  2.93627866e-02 -9.98792611e-03 -4.99868914e-02
 -2.85421759e-02  4.87347394e-02  8.22597742e-02  5.79121038e-02
  3.20285298e-02 -2.00162139e-02  1.10013969e-01 -1.71927102e-02
  8.48150700e-02 -1.92505363e-02 -1.42504061e-02  1.28470510e-02
 -1.10603040e-02  6.89071715e-02  3.45748030e-02 -7.98488676e-04
 -3.37998383e-02 -3.00136525e-02  2.69241650e-02 -2.55141970e-08
  1.71567410e-01  3.60163748e-02  1.20317573e-02 -2.51067989e-02
  4.76682335e-02  1.02222748e-02  5.97136579e-02 -2.66504567e-02
  8.75340775e-02  3.94674987e-02 -5.30337542e-02  3.48420255e-02
  6.80272803e-02 -1.90158393e-02  4.16571908e-02  6.45618606e-03
 -3.95919383e-02 -1.85763035e-02 -2.28152666e-02  2.56168731e-02
 -6.89055994e-02 -3.84563282e-02 -2.02380009e-02  1.34814167e-02
 -3.13822813e-02 -1.50178317e-02  4.51394841e-02 -2.71084197e-02
 -2.61424546e-04  1.75016318e-02 -7.89897889e-02 -2.51090154e-02
 -4.99403886e-02  4.28517312e-02  3.09474319e-02  6.76693954e-03
 -4.56931293e-02 -4.81560156e-02  2.53806300e-02  1.69311576e-02
 -6.02911897e-02  6.01283982e-02 -3.73231322e-02 -2.89417934e-02
 -1.19084753e-02 -2.79578869e-03 -2.81123463e-02 -7.50050694e-03
  1.58431903e-02 -1.49008464e-02  1.74410064e-02  5.01361815e-03
 -2.30135228e-02 -1.82979472e-03 -3.69980298e-02 -5.13713881e-02
  4.35402542e-02  3.99172902e-02 -5.65129556e-02 -4.98168245e-02
 -1.45757310e-02  4.50990051e-02 -1.58164501e-02  1.18240453e-02]"
Who is at risk of contracting Onchocerciasis?,"People living near or visiting endemic areas, particularly near rivers and streams where the blackflies breed, are at risk of contracting Onchocerciasis.","Those in or visiting endemic areas, especially near breeding sites of blackflies, are at risk for Onchocerciasis.","Who is at risk of contracting Onchocerciasis? People living near or visiting endemic areas, particularly near rivers and streams where the blackflies breed, are at risk of contracting Onchocerciasis.","[ 1.94185488e-02 -9.39228665e-03  2.01283867e-04  6.47840351e-02
 -3.65345962e-02  5.59520535e-02  4.66793552e-02  5.82178980e-02
 -3.00202239e-02  1.06640998e-02  6.43985197e-02 -1.01090267e-01
 -3.12872157e-02  6.36548921e-02 -1.33126125e-01  3.99757065e-02
 -2.44785286e-02 -8.07713345e-02 -6.84441477e-02  3.97619642e-02
 -6.11546598e-02  5.01948707e-02 -2.23817234e-03  9.63937119e-03
 -4.05917987e-02 -2.02375576e-02 -2.18864158e-02 -2.57693492e-02
 -1.01417219e-02 -3.51845399e-02 -1.14548907e-01  2.88751144e-02
 -1.37005849e-02 -4.12647240e-02  4.39337939e-02  1.39284804e-02
 -6.03625402e-02  4.19585183e-02  1.47546353e-02  1.10687688e-02
  4.89174016e-02 -4.79750745e-02 -1.04448188e-03  2.81497762e-02
 -1.04418270e-01 -5.06031327e-02  2.97644138e-02 -3.89327146e-02
 -2.62777042e-03 -3.89112569e-02 -2.87101907e-03 -3.96321304e-02
  1.18142804e-02  1.29174352e-01 -1.66789386e-02 -7.24544423e-03
 -5.45617007e-02 -2.01280769e-02 -6.35698214e-02 -6.55739196e-03
 -1.89795828e-04  1.44847846e-02 -2.94872578e-02 -1.15116760e-02
  1.84433674e-03  1.98469702e-02 -2.81870849e-02  6.11089505e-02
  1.89041365e-02  7.29220882e-02  1.00995570e-01 -2.04636399e-02
 -1.07959872e-02  4.26821187e-02  3.63288559e-02 -3.35377571e-03
  8.33247602e-03 -5.11863120e-02  7.55806789e-02 -6.62911981e-02
  4.44624834e-02 -2.25302260e-02  5.77537045e-02 -5.65873692e-03
  4.01295088e-02 -3.88032012e-02  1.18968925e-02 -6.97042188e-03
  5.89681119e-02  4.32379581e-02 -1.39963888e-02 -1.98502243e-02
  3.58631611e-02 -2.30131857e-02 -7.42471293e-02  6.42978996e-02
 -9.83266067e-03 -7.99952820e-02  7.76369125e-03  2.53212992e-02
 -8.73358920e-02 -1.20684311e-01  8.07055831e-03  6.12607040e-02
  1.13402009e-02 -1.49797676e-02 -1.10607192e-01 -1.41932696e-01
  4.85119522e-02  6.18148735e-03  5.38878776e-02  3.24812829e-02
  5.52559048e-02  6.25979230e-02 -1.28236422e-02  1.64864417e-02
 -4.15306054e-02 -4.41069007e-02 -2.42403895e-02 -1.51946058e-03
 -1.21807738e-03 -3.04294210e-02 -2.00507548e-02 -3.26236822e-02
  8.87031760e-03 -3.21639352e-04 -8.53722170e-02  3.00499381e-34
  1.45147726e-01 -7.70248994e-02 -3.24905924e-02 -4.81037283e-03
  2.38169841e-02  3.17692431e-03 -5.86242341e-02  5.47251329e-02
 -4.79131229e-02 -1.03152037e-01  3.55843827e-02 -6.72962815e-02
 -1.59022510e-02  3.11637726e-02  8.66575749e-04  5.29985465e-02
  6.35466874e-02 -4.61050160e-02 -1.41807841e-02  3.60656716e-02
 -3.53222154e-02 -4.93272953e-02 -6.69037923e-02 -3.07950955e-02
 -3.90018858e-02 -1.93671733e-02 -8.51028487e-02 -1.71650127e-02
  2.79701762e-02  5.15628085e-02  6.63954020e-02 -6.37599407e-03
  5.04710886e-04 -5.23611009e-02  5.77864386e-02  1.59120947e-01
 -2.78381873e-02  1.22063076e-02 -1.08856127e-01 -3.72317731e-02
 -6.11834377e-02 -1.15527064e-02 -3.15205120e-02 -1.58715770e-02
  1.23255417e-01 -5.70908189e-02  5.02579585e-02 -5.78141958e-02
 -4.74974141e-02  1.04866792e-02 -5.61294553e-04 -1.11099388e-02
  7.65058771e-02  4.86331470e-02  4.45842072e-02  1.43252481e-02
 -8.78644641e-03 -1.92004349e-02 -3.79828550e-02 -2.70926375e-02
 -7.14490237e-03  4.58579278e-03 -2.65290309e-02 -3.53706814e-02
  7.20980242e-02 -3.56187634e-02  3.39372680e-02 -3.28031220e-02
 -9.35139209e-02 -1.02285646e-01 -5.78383543e-02 -1.13412756e-02
 -1.35976002e-01  1.14360487e-03 -7.60386363e-02  2.02525910e-02
 -1.18175056e-02  4.25769687e-02  3.69182155e-02  1.70947779e-02
 -1.82317868e-02 -1.60723273e-02  7.97442719e-02  9.01574492e-02
 -3.09826117e-02  1.66950505e-02  6.50358349e-02  2.58949623e-02
 -3.51081863e-02  7.84654841e-02  9.24646407e-02  1.75020993e-02
  4.70814183e-02  4.22366560e-02  1.01273224e-01 -2.51265022e-33
 -6.16995953e-02 -2.83986628e-02  1.61841922e-02 -1.32239144e-02
  2.20403932e-02  6.63514575e-03  2.26225462e-02  3.66336945e-03
 -1.14832688e-02 -8.28963369e-02 -9.33154598e-02  5.21294437e-02
  2.14142390e-02  4.75647580e-03  4.56437506e-02 -5.86822145e-02
 -5.12581840e-02  8.64054784e-02  3.51973921e-02 -5.71745001e-02
 -6.75705634e-03  5.35609853e-03 -1.31559754e-02  3.37133817e-02
 -7.34746829e-02  2.25066449e-02 -5.37422858e-02  1.11365942e-02
 -1.00504540e-01  2.52330750e-02 -2.77053658e-03  8.73370692e-02
 -2.11115759e-02 -7.05308095e-02 -3.66083458e-02  1.02158837e-01
 -3.18308994e-02 -2.09779087e-02  2.05187798e-02 -1.46851027e-02
  8.20696205e-02  1.11140888e-02  1.92635506e-02 -6.02337196e-02
  3.38835344e-02  7.64402598e-02  4.15598080e-02  1.60994343e-02
  2.74882838e-02 -7.42641790e-03  3.72842960e-02  1.03042744e-01
 -2.93771774e-02  2.07958650e-02  5.64758331e-02 -5.26781455e-02
 -9.93839651e-03 -7.84798935e-02  1.78913027e-02  2.15636007e-02
 -5.34321321e-03  3.04505955e-02 -5.70428930e-02  4.57536429e-02
 -1.17078936e-02  6.54320791e-02 -6.44668266e-02  7.87083283e-02
  7.86187872e-02 -6.36258572e-02  1.00043211e-02 -9.72962081e-02
 -3.24046724e-02 -2.20256597e-02  5.11785690e-03 -6.90035746e-02
 -1.31765734e-02  5.43765351e-02  6.63802102e-02  5.46860546e-02
  3.44323963e-02  1.49062544e-03  9.51494873e-02  3.41480337e-02
  8.33560340e-03 -2.04028264e-02  2.43979897e-02 -7.79004544e-02
  9.26724169e-03  1.55209666e-02 -7.20581934e-02  6.60062283e-02
 -7.68246725e-02 -6.77465275e-02 -2.68848017e-02 -2.90439601e-08
  8.90336856e-02 -2.89209150e-02  5.80330789e-02 -4.53140661e-02
  1.00844309e-01 -3.38763706e-02  4.19648252e-02  3.64999063e-02
  4.29257192e-02  9.84500721e-02 -5.97587936e-02 -6.89799897e-03
  7.62666911e-02 -2.93538403e-02  5.69842197e-02  1.12490170e-02
  4.62126471e-02 -4.79953587e-02 -1.09189324e-01  1.63080674e-02
 -8.47780779e-02  9.28723160e-03 -3.70338373e-03  1.67840049e-02
 -2.59967931e-02 -8.09953734e-02  4.40102667e-02 -2.02301070e-02
  3.22983935e-02  4.18759659e-02 -4.97833639e-02  4.64602485e-02
  2.63495278e-02  6.50694743e-02  2.61763260e-02 -2.46895328e-02
  2.86191353e-04 -6.65341467e-02  5.29223457e-02  3.11561637e-02
  5.29396497e-02  6.62157163e-02  8.24600756e-02  2.27096099e-02
  4.30148542e-02 -1.88686494e-02  1.93142910e-02 -9.57492925e-03
  3.84853147e-02 -2.97579188e-02 -7.43850544e-02 -4.26944904e-02
  6.30404726e-02  2.49728430e-02 -6.77758083e-02 -5.80119677e-02
  3.95207405e-02  1.25577105e-02 -3.40434425e-02 -1.53410984e-02
 -4.23041806e-02 -4.80527654e-02 -1.60800591e-02  6.83196029e-03]"
What are the long-term effects of Onchocerciasis?,"Chronic Onchocerciasis can lead to severe itching, dermatitis, skin depigmentation, and vision impairment, including irreversible blindness. Skin changes can be socially stigmatizing.","Long-term effects include intense itching, skin changes, and vision loss, potentially leading to blindness.","What are the long-term effects of Onchocerciasis? Chronic Onchocerciasis can lead to severe itching, dermatitis, skin depigmentation, and vision impairment, including irreversible blindness. Skin changes can be socially stigmatizing.","[ 2.92865634e-02  3.02623268e-02  9.87718850e-02  1.08315170e-01
  3.22996117e-02  5.18061332e-02 -6.14088448e-03  7.42302164e-02
 -8.08974579e-02 -5.49253225e-02  1.72093492e-02  7.42372917e-03
 -1.41414749e-02  1.47220073e-02 -2.98879668e-02  1.88803319e-02
 -6.23593992e-03  3.71128060e-02 -3.22793350e-02 -3.94124947e-02
  2.07349658e-02  3.49342227e-02 -4.97040637e-02  2.52743624e-02
 -6.70206398e-02 -3.30640450e-02 -4.04686294e-02 -4.33794595e-02
 -6.73353225e-02 -2.43023038e-02 -7.40683153e-02 -1.03098275e-02
  2.38308646e-02  3.33114415e-02 -1.32873449e-02 -2.50159986e-02
 -3.08698434e-02  1.04637571e-01 -3.31832767e-02  7.23963836e-03
 -4.02285866e-02 -7.04832301e-02 -8.18485692e-02 -1.74223222e-02
 -2.13748850e-02 -1.12526260e-01  4.27338704e-02 -4.85479645e-02
 -5.17847389e-02  4.51779291e-02 -2.85459962e-02 -1.15094082e-02
  9.03899148e-02  3.41937281e-02 -4.34469357e-02 -3.39623378e-03
 -8.45653117e-02  9.11564454e-02 -8.08474198e-02  3.17881592e-02
 -3.40221263e-02 -6.71590492e-02 -1.20557975e-02 -4.07367805e-03
  2.68541723e-02 -2.74960659e-02  6.22527748e-02 -3.79322283e-02
  4.99138124e-02  5.47192246e-02  7.56158959e-03 -3.75206657e-02
  5.29883197e-03 -5.98599948e-02  5.45016266e-02  4.06349152e-02
 -1.86031349e-02 -5.03758080e-02  5.56652658e-02 -7.53239393e-02
  8.27569067e-02  4.18486223e-02  3.53974029e-02 -3.66528146e-02
 -3.01814228e-02 -8.02314356e-02 -3.33791897e-02 -5.00961356e-02
 -9.05418843e-02  5.91905750e-02  2.98277903e-02 -5.96139580e-02
 -2.09562462e-02 -4.72911336e-02 -3.01015731e-02  1.50565682e-02
 -1.53540848e-02 -4.53904718e-02  3.52062657e-02 -9.48742591e-03
 -5.37345260e-02 -8.84581208e-02 -7.85263106e-02  2.03393563e-03
  2.39786301e-02  2.42045764e-02 -4.41370346e-02 -1.07855164e-01
 -6.58844551e-03  1.94613934e-02  8.45101699e-02  5.68577722e-02
  1.20784054e-02  1.33645209e-02 -2.14817207e-02  2.29661874e-02
  1.07156308e-02 -2.48447470e-02 -2.13835370e-02 -3.41772586e-02
  1.58838183e-02 -9.24563482e-02  1.85334943e-02  1.59373451e-02
 -4.22240756e-02  4.99270074e-02 -1.19659025e-02  2.38151170e-33
 -7.22703291e-04 -2.38195714e-02 -9.75759998e-02 -1.39159197e-03
  2.92088334e-02  1.75532177e-02  4.86938357e-02  7.15980306e-02
 -8.00814554e-02 -4.30475026e-02  1.10313088e-01  3.33192460e-02
  8.25544633e-03  7.52841681e-02 -1.16783772e-02  2.78471485e-02
  4.18510064e-02  3.45409065e-02  6.51211888e-02  8.78282357e-03
  7.41933892e-03 -4.78716753e-02 -3.12083643e-02  5.94340041e-02
 -1.57150701e-02  9.71947797e-03 -2.28113793e-02  2.33853515e-03
 -1.00454770e-01  1.75673608e-02  1.86357144e-02  5.15483283e-02
 -4.87000421e-02 -5.23991361e-02  7.01763928e-02  9.54586715e-02
  1.00694850e-01  6.06979690e-02  9.31201223e-03 -4.28085364e-02
 -6.67737797e-02  1.52104180e-02  2.46187821e-02 -2.33516637e-02
  2.07403786e-02  8.60536750e-03  3.70229520e-02 -1.07658282e-02
 -7.61459321e-02  4.24080566e-02 -4.92158681e-02  7.66766118e-03
 -1.34784421e-02  2.90058907e-02  2.65500490e-02  7.32361749e-02
 -1.51414210e-02 -9.50650722e-02 -1.58399735e-02 -4.48514745e-02
  4.23984341e-02  4.68251854e-02 -4.49501947e-02  1.85424567e-03
  6.77055912e-03 -1.17500024e-02  1.48999481e-03 -5.81087321e-02
 -1.11179017e-01 -1.81443337e-02 -7.80117093e-03  5.86536713e-03
  3.45243444e-03  9.00713634e-03  1.39612826e-02 -9.18189902e-03
 -1.10387437e-01  3.64627913e-02 -5.63613959e-02  2.25525759e-02
  3.15588489e-02  1.16153974e-02  2.34128721e-02 -8.87898356e-03
  3.73498350e-02  7.25100264e-02  7.57835209e-02 -7.44020343e-02
  3.01709343e-02 -3.43025774e-02  1.08406335e-01 -6.94845663e-03
  1.54746566e-02  5.17787524e-02  2.19380055e-02 -4.44455810e-33
 -2.75530163e-02  3.24466974e-02 -2.01718267e-02 -3.49319540e-02
 -1.53529588e-02 -5.18167298e-03 -3.01999971e-02  1.88708276e-01
 -4.78624739e-02 -1.30322695e-01  1.16159953e-02 -3.04324739e-03
 -5.54419942e-02  2.58422382e-02 -2.45121978e-02  3.13520432e-02
 -1.95863359e-02  9.18421865e-05 -2.26790626e-02 -3.67646441e-02
  2.83153504e-02 -9.57475696e-03 -6.33112788e-02  6.56376556e-02
 -2.15056706e-02  7.32037425e-03 -3.84097546e-02 -3.81487012e-02
 -2.90158894e-02  5.37722707e-02  1.41738066e-02  9.60908830e-02
 -2.60614231e-03 -5.40469326e-02  1.98331177e-02  5.49678355e-02
 -6.17604405e-02 -4.99755181e-02 -2.07668226e-02  5.12456382e-03
  9.55493897e-02 -6.65727481e-02  6.42076060e-02 -7.48261735e-02
  8.72215480e-02  1.39725814e-02 -4.84770276e-02  3.09075154e-02
 -1.04753925e-02  1.58264965e-03  8.73104185e-02  7.87969679e-03
 -3.00937593e-02 -3.64368446e-02  7.64329731e-02 -5.56497611e-02
 -4.38955352e-02 -7.54885897e-02 -3.71686369e-02  2.45588664e-02
 -4.55153435e-02 -1.38967577e-02 -5.25129028e-02  2.21255738e-02
  5.70146963e-02  3.56976129e-02 -1.61577314e-02 -5.77341989e-02
  1.31726608e-01 -6.40704622e-03  4.85369153e-02 -9.15668085e-02
 -9.17673931e-02  2.62509640e-02 -5.96682094e-02  2.39147823e-02
 -5.02114929e-02  9.80692357e-02 -2.86485255e-02  1.23942390e-01
 -2.67969351e-02 -6.31827712e-02  7.19871521e-02 -8.42283014e-04
  2.76772305e-03  8.27057473e-03 -5.68514429e-02  6.06967807e-02
 -6.84383214e-02  1.44032175e-02 -5.49988337e-02  8.34512711e-03
 -9.54424888e-02 -6.82381094e-02  1.11578582e-02 -3.38689006e-08
  5.33162504e-02 -5.38705811e-02  1.94492508e-02  2.08360516e-02
 -2.79447120e-02 -1.33525785e-02  1.09499484e-01  6.61114305e-02
  6.69258088e-03  3.75844240e-02 -8.42573196e-02  6.80216029e-02
  8.71013328e-02  3.65219750e-02 -2.07179356e-02  7.87354782e-02
  5.24208993e-02  2.26057391e-03 -1.36004649e-02 -2.17286739e-02
 -4.65585925e-02 -2.52700895e-02 -1.59074012e-02  5.01969978e-02
 -7.23039433e-02 -3.24199423e-02  2.42988076e-02  3.21658701e-02
 -5.75655419e-03  3.69043984e-02 -9.13804583e-03 -1.86588634e-02
 -2.34076753e-03  9.22809839e-02  6.58762977e-02 -4.21784222e-02
 -3.18908840e-02 -4.46720161e-02  7.05804676e-02  1.17753625e-01
 -2.78012585e-02  1.10771671e-01  4.47772257e-03  5.89190722e-02
 -4.17925045e-02 -7.52680823e-02  5.54432832e-02 -6.71400130e-03
 -5.82716893e-03 -4.22885679e-02 -2.47043893e-02  7.64971823e-02
 -3.52248736e-02  2.86501460e-02 -7.21893311e-02  4.74380367e-02
  8.57761055e-02  8.12930241e-02 -6.26930734e-03 -4.48960476e-02
  5.40738739e-02 -5.17471433e-02 -8.01968351e-02 -1.37244118e-02]"
Can animals transmit Onchocerciasis to humans?,Onchocerciasis is not typically transmitted from animals to humans. The primary mode of transmission is through the bites of infected blackflies.,Onchocerciasis is not transmitted from animals to humans; it spreads through infected blackfly bites.,Can animals transmit Onchocerciasis to humans? Onchocerciasis is not typically transmitted from animals to humans. The primary mode of transmission is through the bites of infected blackflies.,"[ 1.34364441e-02 -1.52686974e-02 -1.50345406e-02  7.65076876e-02
 -3.61200906e-02 -6.26903633e-03  8.99436995e-02  4.36612638e-04
 -7.85486773e-03 -1.92275830e-02  3.49960551e-02 -6.64048418e-02
 -3.15607563e-02  8.05831626e-02 -3.05809584e-02  3.65079567e-02
  3.48326378e-02 -2.78460104e-02  1.43839382e-02  6.27156720e-02
 -3.90704535e-02  1.06487386e-01 -2.49223616e-02 -3.19322087e-02
 -4.21245471e-02 -6.48060739e-02 -4.64625247e-02 -6.05625026e-02
 -2.41483096e-02 -7.44745415e-03 -6.14553094e-02 -6.80561215e-02
 -1.90551020e-02 -4.18758485e-03 -4.29910049e-03  8.55864026e-03
 -2.62355134e-02  1.22300284e-02  6.06048219e-02  8.42816383e-02
  3.25443447e-02 -1.00935563e-01 -1.51516479e-02  3.33382771e-03
 -9.25478414e-02  1.81602612e-02 -1.90572441e-02 -1.03617124e-02
  2.17283890e-02 -9.73504689e-03 -2.92010251e-02  9.19577181e-02
  1.90746486e-02  1.48213699e-01 -6.46077394e-02 -1.00573068e-02
 -4.09857370e-02  2.95466520e-02 -2.04274394e-02 -1.93263814e-02
 -4.51569892e-02  5.24077006e-02  6.50231317e-02  6.05853349e-02
  1.59221496e-02 -3.17609236e-02 -7.19617009e-02  3.08643486e-02
  6.75602211e-03 -1.14435460e-02  9.37545374e-02 -2.68517807e-02
  6.44299313e-02  2.43711546e-02  7.12595955e-02  2.36653797e-02
  2.37399843e-02 -1.39227472e-02  4.74994741e-02 -4.03785100e-03
  3.61372679e-02 -6.10235482e-02  7.10586235e-02 -2.50811428e-02
  2.65926570e-02  3.16682942e-02  1.90654676e-02  6.81062862e-02
 -9.15489867e-02  7.14244395e-02 -2.28231307e-02 -2.09790957e-03
 -2.17471402e-02 -5.42871878e-02 -8.07402506e-02 -2.55947057e-02
 -1.15293702e-02 -7.77763501e-02  5.06450124e-02  1.55592943e-02
 -8.05334970e-02 -7.89687485e-02 -7.23083466e-02 -7.61212632e-02
 -2.58327071e-02  2.56955475e-02 -1.02774739e-01 -8.58740732e-02
  5.80697693e-02  4.82647866e-02 -2.21405900e-03  2.60913912e-02
  3.29128876e-02 -9.60722798e-04  5.16515709e-02 -1.85345300e-02
 -7.83254132e-02 -6.42613322e-02  3.14675085e-02 -5.85587583e-02
  5.48413657e-02 -2.56354585e-02  2.10946128e-02 -3.10422461e-02
  8.32092687e-02 -1.00868996e-02 -1.94695480e-02  4.13714272e-34
  7.80081749e-02 -5.94950691e-02 -1.92998890e-02 -4.29806113e-02
 -2.73005702e-02  9.93902162e-02 -2.85623036e-02  5.44904247e-02
 -1.23319486e-02 -1.04386263e-01 -3.58521976e-02 -4.03945222e-02
  7.47023895e-03  1.00331701e-01  4.06811610e-02  9.82448980e-02
  8.82660300e-02 -1.11140199e-01  8.24488997e-02  1.28173502e-02
  1.87517181e-02 -3.77139412e-02 -2.89057624e-02 -1.01473778e-02
  5.70295453e-02 -1.47938216e-03 -1.27484530e-01 -5.35822026e-02
  8.55278131e-03  3.11692376e-02  6.56564254e-03 -2.61630099e-02
 -2.92316228e-02  2.06830155e-04  2.65173744e-02  1.23664357e-01
  5.38199954e-02 -1.50477921e-03 -4.93567586e-02 -5.62112890e-02
  5.53796962e-02 -2.02536453e-02 -8.08415283e-03 -5.05250134e-02
  5.06127998e-02 -4.37200908e-03 -2.19343640e-02 -6.28640726e-02
 -3.65917198e-02 -4.91852686e-03  2.99191382e-02 -3.77017073e-02
  6.66269958e-02 -5.20212315e-02  3.72696444e-02  3.93266678e-02
  1.07747857e-02 -4.33102529e-03 -2.12208964e-02  4.37407708e-03
 -3.71220708e-02  3.37117054e-02  2.55491268e-02 -6.32179156e-02
  1.31556168e-01 -7.91120678e-02 -8.89918115e-03 -4.34243195e-02
 -1.02582045e-01 -6.74258694e-02 -3.59039083e-02  5.43981679e-02
 -6.45837709e-02 -6.03850111e-02 -2.15143431e-02 -2.34700702e-02
 -3.36789675e-02  2.66164560e-02  3.98081280e-02  4.86977287e-02
 -3.19081284e-02  7.42593594e-03  5.38889505e-02 -1.06758196e-02
 -3.85983847e-03  7.94384852e-02  8.76031145e-02 -2.48999298e-02
 -1.42495958e-02  3.14790569e-02  1.13274716e-01 -9.53762420e-03
 -3.91623713e-02 -1.17844446e-02  5.52383624e-02 -2.71928706e-33
 -4.74709272e-02  1.25516448e-02 -5.30713145e-03  6.53114123e-03
 -4.58012410e-02  4.09604684e-02  5.31086624e-02  1.23300865e-01
 -7.74379894e-02 -3.01557174e-03 -2.33798027e-02 -3.03154830e-02
  3.21716722e-03 -1.29326172e-02  6.00561965e-03 -4.57098298e-02
 -3.48272100e-02  3.68626006e-02  2.52654776e-02 -1.16450772e-01
 -8.89306664e-02  1.78810749e-02 -1.42583111e-02 -1.85550388e-03
  3.04425764e-03 -1.41762523e-03 -2.57260762e-02  8.13806728e-02
 -3.04732844e-02  1.60685331e-02  3.76310647e-02  1.11784786e-01
 -1.46509362e-02 -5.79155274e-02  3.63290384e-02  6.97027296e-02
  3.07927448e-02 -3.42115089e-02  2.41611339e-02 -1.71754733e-02
  6.50379062e-02 -2.18232479e-02 -4.61297482e-02 -2.36542355e-02
  4.81399568e-03  1.43185392e-01 -3.37417424e-02 -1.25125526e-02
 -4.28713597e-02 -7.73780607e-03  7.35121444e-02  3.30621861e-02
 -5.86133674e-02 -1.16002090e-01  4.60374244e-02 -5.23760635e-03
  2.06874516e-02 -1.26453966e-01  6.74926937e-02 -7.29391798e-02
 -4.35806252e-02 -2.74712238e-02 -8.25088173e-02  1.99589841e-02
  2.18316112e-02  7.41362050e-02  1.04299784e-02  2.76975501e-02
  3.53856906e-02 -2.06880532e-02 -2.37901285e-02 -2.23148130e-02
  2.43164897e-02 -1.63054895e-02  8.77296925e-03 -3.68693620e-02
  9.89162270e-03  2.62400154e-02  6.91780970e-02  5.29919229e-02
  5.06161824e-02 -5.06270714e-02  8.14850405e-02  3.58614996e-02
  9.19435024e-02 -3.22222561e-02 -3.23186330e-02  1.54895673e-03
 -5.20622842e-02 -1.13708060e-02 -5.91807812e-02  6.73570409e-02
  1.42844934e-02 -9.71791372e-02  1.68345831e-02 -2.76652941e-08
  2.59260572e-02 -2.09344719e-02  2.45933980e-02 -4.62576710e-02
  4.05144133e-02  7.64710382e-02  4.51979088e-03 -1.72082540e-02
  5.16478419e-02  2.84147616e-02 -1.37816608e-01 -3.18222269e-02
  5.30864522e-02  2.66527664e-02  8.42044130e-02  7.37602171e-03
  8.94140974e-02 -9.69227776e-02 -1.11174602e-02 -5.68818413e-02
 -9.16007757e-02 -1.74044929e-02 -4.60741334e-02  4.42504399e-02
  6.40516821e-03 -7.15305582e-02 -3.38574536e-02 -2.39098929e-02
  2.03354750e-02  1.17762797e-02 -9.06097144e-02 -3.61888460e-03
 -2.53160689e-02  6.91441074e-02  5.64431995e-02 -3.88213471e-02
  2.42689364e-02 -9.49660316e-02  4.77539524e-02 -3.04274854e-05
  5.67343235e-02  7.68875629e-02 -6.15690183e-03  2.68529193e-03
 -2.12259591e-03 -1.11211278e-02  2.18929145e-02 -2.58501936e-02
 -6.21480402e-03 -1.81072224e-02 -4.34373580e-02 -4.26825099e-02
  3.85566317e-02 -4.04573232e-02 -7.56944194e-02 -9.43393409e-02
  1.10929944e-02 -1.92108918e-02 -6.49654958e-03 -3.30484398e-02
 -1.07091600e-02  4.89021987e-02  1.80195048e-02  3.05129439e-02]"
How do healthcare workers protect themselves from Onchocerciasis?,"Healthcare workers in endemic areas protect themselves by using insect repellent and protective clothing to prevent blackfly bites, and through community health strategies to reduce the prevalence of the disease.",Healthcare workers use insect repellent and protective clothing to avoid blackfly bites and engage in community health efforts.,"How do healthcare workers protect themselves from Onchocerciasis? Healthcare workers in endemic areas protect themselves by using insect repellent and protective clothing to prevent blackfly bites, and through community health strategies to reduce the prevalence of the disease.","[-2.15963349e-02  1.08260401e-01  3.99084985e-02  7.97457248e-02
  4.83278222e-02  6.93540052e-02  1.08962022e-01  7.19706388e-03
 -8.21127221e-02 -2.53458358e-02  3.73622999e-02 -2.94164401e-02
 -4.10244614e-02  2.84757484e-02 -8.88680667e-02  2.97550987e-02
  7.41922185e-02  4.49058693e-03 -4.48294096e-02 -2.74474584e-02
 -6.92437589e-02  8.26360062e-02  2.88884360e-02  4.55691516e-02
 -1.01065055e-01 -1.13213658e-02 -2.41714977e-02 -6.51465654e-02
 -1.68683697e-02 -4.16954234e-02 -1.89617332e-02 -8.01448524e-02
 -1.12977196e-02  3.69184837e-02 -3.02651599e-02 -1.71134411e-03
  1.89416353e-02  6.46146089e-02  1.29505002e-03  5.80624901e-02
 -4.67215702e-02 -4.83647473e-02 -4.93243635e-02 -7.92431366e-03
 -6.12837076e-02 -3.22679169e-02  2.70946976e-02  6.88024536e-02
  5.55036590e-02 -1.50515772e-02 -4.98239940e-04  4.04233821e-02
  2.12324709e-02  9.84316766e-02  1.82804093e-02 -3.20784077e-02
 -3.65182124e-02 -1.06593939e-02 -1.31712049e-01  8.04534927e-03
  3.46884271e-03 -5.43885753e-02  1.83721036e-02  4.15572077e-02
 -1.91515937e-04 -3.15124318e-02 -5.06053120e-02  3.75309512e-02
  3.26899178e-02  1.41424797e-02  4.32868823e-02 -5.37590720e-02
  6.21006675e-02  1.00987338e-01  7.24388063e-02  3.94556485e-02
 -1.93948597e-02 -6.36160374e-02  1.11122765e-01 -8.53009894e-03
 -3.60553735e-03 -4.78543267e-02  6.29283339e-02  8.64969417e-02
  4.01538759e-02 -1.02343690e-02  1.15394266e-03  1.97971426e-02
  3.43874283e-02  1.67942066e-02  7.28572393e-03 -1.19790742e-02
  1.64786540e-02 -4.42458764e-02 -2.91003622e-02 -3.42531167e-02
  2.17778469e-03 -2.95071844e-02  6.28046272e-03  1.33379428e-02
 -3.45614925e-02 -1.58549294e-01  3.89025360e-02  1.36310831e-02
 -5.10845631e-02 -3.17526609e-02 -5.26729189e-02 -1.26675934e-01
  4.13594432e-02  2.76210345e-02  5.80596365e-02  5.15213013e-02
 -1.06990384e-02  3.97662856e-02 -7.15550259e-02 -3.27763893e-02
  1.21320188e-02 -2.59405077e-02  1.35209842e-03  1.36695653e-02
  4.77383435e-02 -2.42462289e-02 -1.22406818e-02 -8.06102306e-02
  5.30146211e-02  1.14600398e-02 -4.01858687e-02  3.51383243e-35
  6.04852922e-02  1.15041584e-02 -2.68478692e-02 -1.30972099e-02
 -3.33599038e-02  1.01160118e-03 -3.22823375e-02  1.03213377e-02
 -5.51652745e-04 -2.02901177e-02  1.64954159e-02 -5.14334515e-02
  6.59858510e-02  8.34243298e-02 -7.21355574e-03  4.12352048e-02
  7.88442604e-03 -7.84584656e-02 -1.75206456e-02  4.47874293e-02
 -3.18266638e-02 -8.37637782e-02 -5.36431409e-02  4.47999015e-02
 -1.75169148e-02  5.30171059e-02 -2.54146047e-02 -1.15788495e-02
 -1.78095959e-02  5.99546246e-02  7.89470077e-02  2.43136846e-02
 -4.14601006e-02 -2.05846899e-03 -2.42142775e-03  1.59004062e-01
  8.40964075e-03  1.90235786e-02 -3.72989886e-02 -7.78537914e-02
 -6.84777871e-02 -2.93066408e-02  3.71383429e-02 -4.15505357e-02
  1.00697786e-01 -4.89853835e-03 -4.60742936e-02 -4.41155620e-02
 -2.36162841e-02  2.06192993e-02  2.78002527e-02 -4.73817578e-04
  1.08518235e-01 -9.73313861e-03  3.49438563e-02 -3.91089432e-02
 -1.28685590e-02  1.10796671e-02  1.23994220e-02 -2.61789504e-02
  3.20657976e-02  3.27976234e-02 -1.21373702e-02 -2.98286378e-02
  8.40884969e-02 -1.01873808e-01  7.41885789e-03 -4.28212322e-02
 -4.21558544e-02 -7.85111710e-02  1.21379811e-02  6.29646108e-02
 -7.62891024e-03 -2.16050092e-02 -1.20742783e-01 -4.67922306e-03
 -4.47812714e-02  1.88757163e-02  2.39821207e-02  2.30341088e-02
  3.55355702e-02 -5.87438093e-03  6.28464818e-02  1.49556966e-02
  1.52172092e-02  5.56783862e-02  5.98821752e-02  5.95218576e-02
  5.76523971e-03 -5.82488850e-02  4.54283506e-02 -5.26158931e-03
  4.39335518e-02  3.52975018e-02 -2.90803076e-03 -1.21759725e-33
  3.11174430e-02 -9.24907066e-03  4.61347215e-03  2.61650071e-03
 -3.74758504e-02  4.64798417e-03 -1.14495400e-02  1.32133095e-02
 -8.38491991e-02 -5.39465919e-02 -6.12918884e-02  3.29875527e-03
 -2.35102139e-02  3.00014298e-02  3.10828090e-02  6.86693750e-03
 -5.77679239e-02  4.05134819e-02 -2.53244638e-02 -3.56020294e-02
 -4.26901802e-02  4.82588001e-02  6.40473049e-03  8.94713551e-02
 -4.41050977e-02  2.16493327e-02 -2.20209043e-02  2.01059859e-02
  2.66429912e-02 -2.99994312e-02 -5.29457591e-02  7.51976818e-02
  8.86075664e-03 -6.60209581e-02 -2.11795289e-02  1.00376075e-02
 -6.81375489e-02 -1.77689493e-02  2.93503571e-02 -8.09400622e-03
  1.15890883e-01 -5.74725978e-02 -1.63857620e-02 -7.09595680e-02
  1.81469116e-02  3.12746167e-02 -3.84991094e-02 -1.82184353e-02
 -4.93692309e-02 -4.10558842e-02  7.67567307e-02  1.47017613e-02
 -3.98284495e-02 -1.05011864e-02  4.46167849e-02 -3.53360921e-02
 -2.45264191e-02 -1.01599559e-01 -4.27633002e-02 -3.05046812e-02
 -4.54456471e-02 -4.36433926e-02 -4.61988039e-02  1.30311623e-01
 -1.29198739e-02  6.76229447e-02 -8.05697497e-03  8.37875828e-02
  3.49134468e-02 -7.92357773e-02 -6.50106147e-02 -4.72642668e-02
  1.60099436e-02 -1.64875817e-02 -3.11182886e-02 -9.33346897e-02
 -1.92944314e-02  3.12953889e-02  3.82898189e-03  1.17980406e-01
  1.53339673e-02 -1.18948832e-01  3.60051468e-02  3.07472162e-02
  6.78194612e-02  2.78263576e-02 -6.51276857e-02 -5.70272207e-02
 -8.42544287e-02 -1.07767126e-02 -1.04310185e-01  6.81279972e-02
 -7.54935592e-02 -1.88445821e-02  1.59667116e-02 -3.01063956e-08
  1.27541021e-01 -5.03599569e-02  6.72101378e-02 -3.88217270e-02
  7.08143320e-03 -6.23952076e-02  4.40403447e-03  6.24487503e-03
  5.59496209e-02  7.89942667e-02 -6.35669902e-02  4.52947523e-03
  1.03285469e-01  6.01357482e-02  1.01038814e-01  5.89792281e-02
  6.22757990e-03  2.25335602e-02 -9.44592878e-02 -5.61920144e-02
 -4.79889624e-02 -1.67076346e-02  8.51876510e-04  1.46885021e-02
  8.96364450e-03 -5.00841811e-03 -3.41482572e-02 -6.68160766e-02
  4.89427373e-02  1.18630275e-01 -9.66702178e-02  4.30788919e-02
 -1.78487375e-02  1.18866749e-03 -9.79306176e-03 -3.81658524e-02
  9.37497765e-02 -8.97839442e-02  9.95445475e-02 -8.22279137e-03
  6.07166765e-03  6.49672598e-02  4.12440021e-03  7.28063239e-03
  9.79596190e-03 -1.10574327e-01  3.89784051e-04  4.89942059e-02
 -4.34440635e-02 -2.20737532e-02  3.26053426e-02 -9.85065009e-04
  8.15403014e-02  6.48354664e-02 -1.24425463e-01 -4.17470224e-02
  9.52977240e-02 -2.43241452e-02  4.10038512e-03  8.74082558e-03
  7.96102639e-03 -3.81367877e-02 -1.53758097e-03  1.81162301e-02]"
What role do environmental factors play in the spread of Onchocerciasis?,"Environmental factors, especially proximity to fast-flowing rivers where blackflies breed, play a significant role in the spread of Onchocerciasis. Changes in land use and water projects can also impact blackfly populations.",Proximity to rivers and environmental changes affecting blackfly habitats significantly influence Onchocerciasis spread.,"What role do environmental factors play in the spread of Onchocerciasis? Environmental factors, especially proximity to fast-flowing rivers where blackflies breed, play a significant role in the spread of Onchocerciasis. Changes in land use and water projects can also impact blackfly populations.","[ 6.90076351e-02 -8.92866310e-03  7.19675869e-02  4.88987938e-02
  4.93903346e-02  4.76252139e-02 -1.93805732e-02 -2.46004928e-02
 -3.52628380e-02 -1.04503389e-02  3.84963788e-02 -1.06450394e-01
 -3.39716785e-02  2.70166472e-02 -7.49296322e-02  6.64164275e-02
 -2.21648663e-02 -4.31164689e-02 -1.57957062e-01 -1.16280057e-02
 -6.68715686e-02  7.02968379e-03  4.17125784e-02 -2.05004271e-02
 -9.13691670e-02 -1.43954633e-02 -6.47171363e-02 -3.45418341e-02
 -3.92331593e-02 -7.32699931e-02 -1.40087940e-02  8.44174773e-02
 -3.67752556e-03 -4.77120727e-02 -1.59262698e-02 -2.00593169e-03
 -2.32435875e-02  7.30807632e-02  2.35854294e-02  3.06949671e-02
  4.32996117e-02 -3.00171487e-02 -1.69240881e-03  3.05334460e-02
 -6.38698414e-02 -5.79585321e-02  6.59429803e-02  1.77865922e-02
 -3.81350741e-02 -2.84454320e-02  2.16301321e-03  2.71854531e-02
 -1.34425294e-02  1.59512818e-01 -1.34949842e-02  2.52288096e-02
 -1.15193613e-02  1.81441419e-02 -5.40121458e-02 -1.04368022e-02
 -1.49832983e-02  4.79766391e-02 -6.12977259e-02 -1.90736819e-03
  4.73049060e-02 -1.91534963e-02 -2.91800052e-02  5.20470366e-02
 -2.52601933e-02  7.65066640e-03  1.35226369e-01  4.29397374e-02
  1.44886319e-02 -1.95860825e-02  3.49283293e-02  2.38879304e-02
 -3.12331114e-02 -2.99462322e-02  7.13085979e-02 -6.21151598e-03
  8.68227482e-02 -6.69488013e-02  6.37442153e-03 -7.42900837e-03
  3.89268585e-02 -7.57819936e-02  5.68411164e-02 -4.41664495e-02
 -3.86588573e-02  4.40315753e-02  1.97210852e-02 -3.14932913e-02
  9.45859961e-03 -5.78527376e-02 -6.31977096e-02  1.73836928e-02
  2.57080626e-02 -1.00952484e-01  8.80321041e-02 -1.30644366e-02
 -6.86275735e-02 -1.35538965e-01  1.16249593e-02 -5.57059143e-03
 -2.54371879e-03 -4.71471362e-02 -7.13931993e-02 -3.85414623e-02
  7.97148049e-02  4.68759499e-02  4.62724417e-02  5.31831011e-03
  2.23323628e-02  1.01397268e-01  3.37065496e-02 -1.72011387e-02
  1.52558517e-02 -2.83433143e-02  2.03080531e-02 -8.82446095e-02
  2.74691842e-02 -2.55846903e-02 -6.94658160e-02 -2.21493803e-02
  4.83567379e-02  5.45159765e-02 -1.16511524e-01 -4.47106485e-34
  3.55702415e-02 -1.21803991e-01 -2.09182408e-02  8.93478934e-03
  2.38851607e-02 -2.79501770e-02 -4.60530259e-02  6.47645816e-02
 -2.05390826e-02 -1.03368253e-01 -2.47390121e-02 -2.20107064e-02
 -2.85451282e-02  7.75196627e-02  1.34121437e-04  2.43958365e-03
  5.79775237e-02 -1.74532849e-02  4.43892889e-02  1.09760314e-02
 -4.64279391e-02 -6.06102943e-02 -8.19408074e-02 -4.43957709e-02
  3.51482145e-02 -2.77256723e-02 -3.80641147e-02  5.75287594e-03
 -9.08152312e-02  3.24145444e-02  9.24566910e-02 -7.56513774e-02
 -7.04376698e-02 -2.90380232e-02  1.37195110e-01  1.13584802e-01
 -9.65966005e-03  6.69052964e-03 -2.76930239e-02 -8.74784030e-03
 -8.47107694e-02 -2.54013278e-02 -5.95404766e-02 -4.41246442e-02
  7.16931745e-02 -4.52633500e-02 -1.46483285e-02  1.84238758e-02
  5.80971688e-02  4.29260582e-02  1.19347386e-02 -6.50813617e-03
  1.10069796e-01 -1.56106241e-02  5.20355999e-02  3.19952033e-02
  2.29809824e-02 -6.93210959e-02 -5.58720306e-02 -3.48957814e-02
 -4.65887450e-02  4.50154796e-04 -2.32030135e-02 -5.36362007e-02
  1.51096016e-01 -3.33758481e-02  4.19819430e-02  2.69646551e-02
 -5.57571203e-02 -8.36953893e-02 -4.97392602e-02  3.44328396e-02
 -9.50212777e-02  1.15271965e-02 -4.78673652e-02  1.06127420e-02
 -6.14877008e-02  2.36699935e-02  5.24794459e-02  7.18231797e-02
  8.34410731e-03 -2.44045183e-02  2.46393774e-02 -1.77720084e-03
 -5.20270690e-02  3.81417833e-02  7.09531233e-02 -4.82316595e-03
 -1.70078631e-02 -1.99918146e-03  1.22199975e-01  3.94300045e-03
  3.14645353e-03  1.90424882e-02  1.04868971e-01 -1.41556630e-33
 -2.84392964e-02 -5.13055362e-03 -1.18220095e-02 -6.61993679e-03
  7.59607553e-03  1.77741481e-03 -1.54043511e-02  4.15204465e-02
 -1.87596236e-03 -5.88798635e-02 -9.22410116e-02  1.16883412e-01
  1.20223407e-02  1.66501594e-03  4.45119441e-02 -6.59609511e-02
 -2.90783793e-02  9.02712718e-02  7.39453882e-02 -6.32178858e-02
 -5.67288361e-02 -7.64687918e-03  2.70805918e-02  6.69194805e-03
 -4.48957682e-02 -1.69386864e-02 -5.31130061e-02  2.68286280e-02
  3.16022430e-03  6.41917363e-02 -1.34973815e-02  7.52562732e-02
  2.56526992e-02 -6.15201630e-02 -3.43055166e-02  1.09254166e-01
 -2.91747693e-02 -5.21787293e-02  5.10445386e-02  2.83011422e-02
  6.13764413e-02 -3.27454545e-02  5.58521636e-02 -9.11453888e-02
  9.99004766e-03  1.03818431e-01  1.61514841e-02  6.75754473e-02
  2.94327419e-02 -4.42513917e-03  8.38260651e-02  8.10330734e-02
 -2.32257303e-02  2.55852528e-02  7.96056017e-02 -4.27052304e-02
  5.09856567e-02 -4.50260192e-02 -1.65256746e-02 -4.42311987e-02
 -5.18237874e-02  4.56468463e-02 -2.93172039e-02  2.80548371e-02
 -4.87431698e-02  1.18371984e-02 -2.19308380e-02  3.40700708e-02
  1.05095971e-02 -6.76366240e-02 -7.34009072e-02 -5.27078137e-02
 -1.30610156e-03  4.00361754e-02 -8.53235722e-02 -4.62232940e-02
 -3.89131270e-02  5.33568151e-02  4.55009006e-02  1.35845363e-01
  2.74019092e-02  2.26149126e-03  5.58846369e-02 -4.82222959e-02
 -2.83017084e-02  3.14483494e-02 -1.83575395e-02 -9.78032649e-02
  1.65057611e-02  1.32181998e-02 -5.30801788e-02  4.11982834e-02
 -7.34212920e-02 -1.53943496e-02 -9.01056174e-03 -2.97498275e-08
  6.28471598e-02 -2.15937439e-02  6.66345283e-02 -1.60254445e-02
  5.27577102e-02 -4.89632003e-02  9.68279615e-02  7.83663765e-02
  4.90292311e-02  7.09648281e-02 -8.10245648e-02  2.53346693e-02
  6.84673637e-02  1.73267107e-02  6.04068413e-02 -2.81236339e-02
  6.78204224e-02 -1.24428816e-01 -7.55723715e-02 -1.85280740e-02
 -4.86104414e-02 -2.29238346e-02 -1.16124963e-02  4.19265330e-02
  1.15435971e-02 -5.08933663e-02  4.29078517e-03 -1.66137032e-02
  3.96912545e-02  1.48196481e-02  1.47601133e-02  6.57384563e-03
  7.70761259e-03  1.85465459e-02  9.69835091e-03  1.75143257e-02
 -2.33054329e-02 -4.43129241e-02 -2.29161652e-03  4.43032719e-02
 -7.36530917e-03  4.88681160e-02  1.95780881e-02  6.17681630e-03
  1.93859600e-02 -8.99604801e-03 -2.87574846e-02  5.83596854e-03
  9.23062116e-03 -1.12311998e-02 -2.59713139e-02 -3.98605987e-02
  2.21156813e-02  1.78989911e-04 -4.93026860e-02 -5.02139446e-04
  2.49390099e-02  1.73895173e-02  3.20857600e-03 -2.13883794e-03
  8.33929516e-03  4.87070307e-02 -2.69847121e-02  3.09191067e-02]"
How is the international community responding to Onchocerciasis outbreaks?,"The international community, including the WHO and NGOs, is involved in large-scale ivermectin distribution programs and efforts to monitor and control blackfly populations.",The WHO and NGOs conduct mass ivermectin distribution and blackfly control to combat Onchocerciasis.,"How is the international community responding to Onchocerciasis outbreaks? The international community, including the WHO and NGOs, is involved in large-scale ivermectin distribution programs and efforts to monitor and control blackfly populations.","[-1.17371734e-02 -1.26566617e-02 -9.92282107e-03  5.29729836e-02
  3.91301587e-02  1.91266125e-03 -2.16501411e-02  3.32188495e-02
 -4.19243192e-03  7.56905787e-03  1.66929886e-02 -6.24920204e-02
 -4.28263433e-02  1.04438737e-01 -1.17092825e-01  2.78366916e-02
 -1.83463059e-02 -2.88770106e-02 -7.42661953e-02 -6.51608631e-02
 -6.36978447e-02  9.41061974e-02  6.04529865e-02  3.14548649e-02
 -1.11035503e-01 -2.54129041e-02 -8.57124627e-02 -6.68793172e-02
 -2.33670119e-02 -1.30427303e-02 -1.42889759e-02  1.46483711e-03
  1.07698655e-02  1.86680853e-02  3.99763919e-02  2.04456728e-02
  3.29684950e-02  2.26485841e-02  2.95124482e-02 -2.43614372e-02
  6.19718060e-02 -7.25320876e-02  4.00744118e-02 -2.13672612e-02
 -8.77829641e-02 -3.91028486e-02 -4.94625717e-02  1.51389213e-02
  1.40155153e-02  1.56196849e-02  2.25865040e-02 -4.66721095e-02
  2.00196803e-02  1.08750738e-01  3.42266634e-02  1.13111660e-02
 -3.25387809e-03  1.44940652e-02 -4.73506451e-02 -5.25988452e-02
 -5.33033395e-03  4.36764359e-02  1.11381495e-02  4.17361818e-02
 -4.76835743e-02 -1.05980812e-02  4.35947999e-02  5.16488552e-02
  2.42194161e-02 -7.78262541e-02  9.78181288e-02 -1.13733634e-02
  1.85948256e-02  1.24042869e-01  3.24957334e-02  3.16098630e-02
  3.10460068e-02  7.93407671e-03  8.90458971e-02  7.03869434e-03
  1.17298886e-01 -6.38960972e-02  1.19901195e-01  1.25074452e-02
  6.33743554e-02 -8.62323865e-02  2.74630673e-02  3.87632661e-02
  4.20092531e-02  8.65908712e-02 -1.54019855e-02 -7.58404238e-03
  8.36804733e-02 -1.08107748e-02 -2.00650264e-02 -1.64312180e-02
  7.25484341e-02 -6.98853284e-02  3.48622985e-02  5.54696694e-02
 -6.41275346e-02 -1.27838045e-01  1.81545541e-02 -4.35223095e-02
 -1.07892394e-01 -3.53173353e-02 -7.96706304e-02 -6.37001693e-02
  6.51874691e-02  4.67215553e-02 -2.40364838e-02  3.08311954e-02
  6.85055852e-02  2.49764435e-02  2.02154983e-02 -2.16626693e-02
  5.44993356e-02  1.90680753e-02  3.18011418e-02 -6.64208159e-02
  2.13267319e-02 -4.37396169e-02 -1.31999319e-02 -4.41976488e-02
  4.57702689e-02  8.93517211e-02 -7.28368387e-02 -2.19532625e-33
 -2.81319283e-02 -5.45074092e-03  1.56680942e-02  2.10870747e-02
 -4.52339575e-02 -2.94917151e-02 -6.61546811e-02  8.71401727e-02
 -2.28315201e-02 -1.35916904e-01 -1.15957763e-02  7.45398458e-03
  3.78563814e-02  1.58862829e-01  2.05438510e-02 -4.33701053e-02
  2.83370707e-02  7.07243290e-03 -1.40253073e-02  4.21026088e-02
  7.93213770e-03 -1.24872275e-01 -1.23853590e-02  6.26311302e-02
  8.19031149e-02  3.79874110e-02 -2.00747084e-02  4.81947092e-03
  1.23166330e-02  1.58085506e-02  5.35764210e-02 -3.28106172e-02
 -7.18313605e-02 -8.74657482e-02  4.20678407e-02  1.07517458e-01
  6.20682463e-02 -1.80608798e-02 -7.31689259e-02 -2.44167820e-02
 -2.34724022e-02  3.52302380e-02 -4.78471182e-02 -1.63611192e-02
  1.19003884e-01 -8.17352813e-03 -4.82977517e-02 -1.18577620e-02
  1.39682470e-02  1.49101932e-02  1.75557546e-02 -5.59478365e-02
 -6.84400601e-03 -1.72103792e-02  8.50358307e-02  5.69217205e-02
 -2.01479699e-02  1.45924930e-02  2.78321505e-02 -8.19786191e-02
  5.59983142e-02 -2.90818438e-02 -2.82262713e-02 -6.82192994e-03
  1.03295751e-01 -1.58431847e-02  1.80170918e-03 -3.80997621e-02
 -8.49796608e-02 -5.89608550e-02 -2.13733073e-02  5.27053215e-02
 -4.36233021e-02 -2.28541158e-03 -8.61763358e-02 -2.75770463e-02
 -5.63426279e-02  3.07967775e-02  6.83310255e-02  6.44949451e-03
  2.99482904e-02 -7.29692169e-03  8.67974535e-02  3.64846513e-02
 -2.27032639e-02 -2.47692708e-02  1.69158112e-02  1.25909746e-01
  6.48561679e-03 -3.26986983e-02 -8.13448895e-03 -2.06728932e-02
 -2.19199061e-02  4.79735136e-02  6.60269894e-03  6.52247377e-34
 -1.89056527e-02 -1.35412207e-02  1.36690587e-02  1.97310690e-02
 -3.38251144e-02  4.28252369e-02  4.87148482e-03  5.29329032e-02
  4.35591526e-02 -7.21676722e-02 -4.87708561e-02 -1.55103141e-02
  6.40725344e-02  5.25797457e-02 -1.41106127e-03 -4.37007938e-03
  4.95985290e-03  2.73250192e-02 -1.51341560e-03 -1.69559214e-02
 -6.39079139e-02 -1.27358316e-02  1.22097488e-02  5.28684352e-04
 -4.83520068e-02 -3.18891108e-02  6.23061918e-02  2.57959962e-02
 -3.05259936e-02 -1.61201414e-02 -1.67162418e-02  4.45492901e-02
 -4.81655784e-02 -4.30962723e-03 -9.04486403e-02  9.38465670e-02
  8.75188224e-03 -5.08375727e-02 -3.53161581e-02 -2.47345157e-02
  6.17877394e-02  1.98004320e-02 -1.16426334e-01 -3.64802964e-02
 -6.25280589e-02  1.24896161e-01  9.79510718e-04  5.58343455e-02
  1.91611294e-02 -5.38255051e-02 -4.01047356e-02  6.57322875e-04
 -1.97084956e-02 -3.06494534e-02  1.66107193e-02 -3.86255160e-02
  1.95709746e-02 -9.24520344e-02 -4.78202477e-02 -3.05300765e-02
 -5.79456910e-02  2.83027161e-03 -4.03041504e-02  7.54191205e-02
  3.87014672e-02  2.76029408e-02  3.67378704e-02 -6.73600938e-03
  3.92159559e-02 -1.00150332e-01  5.74921034e-02 -5.73922396e-02
 -4.36618701e-02 -1.79234408e-02  3.48904878e-02 -1.20423853e-01
 -4.67339940e-02  2.55661886e-02  1.48816751e-02 -1.90520547e-02
  7.71048367e-02 -6.46423772e-02  6.55024946e-02 -8.80456716e-02
  6.06253222e-02  4.28648964e-02  1.79400686e-02  1.27470493e-02
  5.13776205e-03  3.98313962e-02 -8.09920356e-02  2.90413555e-02
 -7.64558390e-02 -1.84638761e-02  4.72751074e-02 -2.89244433e-08
  1.07586347e-01 -1.09988851e-02  6.05922081e-02  2.22384725e-02
  4.66707647e-02  1.31677662e-03 -2.84388047e-02  5.53012937e-02
  1.66455712e-02  9.21046361e-02 -2.34212149e-02  2.58422736e-02
  4.79953317e-03  1.16334278e-02  7.11757615e-02 -8.43269750e-04
  4.53346549e-03  4.87367623e-02 -5.33670001e-02  2.17043385e-02
 -5.29832691e-02  3.34734917e-02  4.20458242e-03 -4.81797718e-02
  8.62735137e-02 -5.80339804e-02 -4.36124392e-02  1.80452014e-03
  2.45639421e-02 -4.89973798e-02 -8.62673894e-02  4.28449921e-02
 -4.93801944e-02  2.14428212e-02 -8.11249167e-02 -3.27778906e-02
  2.41523376e-03 -1.81434117e-02  9.66177210e-02 -7.24304989e-02
 -1.91127993e-02  9.39382687e-02 -2.88908108e-04 -1.53125376e-02
 -2.13817991e-02 -1.58014558e-02 -7.22122714e-02  3.49526443e-02
 -4.64894855e-03 -7.82413408e-02  9.27137677e-03 -5.17397635e-02
  3.52240540e-02  6.70086741e-02 -5.33768907e-02 -1.74038429e-02
  2.14092173e-02  3.95551510e-03  1.71735082e-02  6.18834468e-03
  3.18518616e-02 -1.08525939e-01 -3.58259343e-02 -3.07159349e-02]"
What vaccines are available for Onchocerciasis?,"As of my last update, there were no vaccines available for Onchocerciasis. The primary control strategy is the mass distribution of ivermectin.",There are no vaccines for Onchocerciasis; control relies on ivermectin distribution.,"What vaccines are available for Onchocerciasis? As of my last update, there were no vaccines available for Onchocerciasis. The primary control strategy is the mass distribution of ivermectin.","[-1.32016409e-02 -5.68106137e-02  2.11537294e-02  8.97889491e-03
 -5.02155907e-02  4.10266593e-02 -2.51097996e-02  6.67972267e-02
 -1.24080116e-02  1.65972058e-02  4.86498848e-02 -5.57738431e-02
  9.40832309e-03  8.09738860e-02 -4.76310812e-02  2.58291271e-02
  5.39486073e-02  9.42535419e-03  3.67112607e-02 -3.68680805e-02
 -6.90681487e-02  7.98419863e-02  3.16781737e-02  4.09175903e-02
 -6.87601864e-02 -5.70103750e-02 -5.35881557e-02 -6.26400560e-02
 -9.82034504e-02 -9.66722593e-02 -3.30275781e-02 -1.12293467e-01
  2.27950960e-02 -8.14673379e-02  1.26868812e-02 -8.09907690e-02
 -1.12781134e-02  8.61142129e-02  2.65240464e-02  2.95260325e-02
 -5.15851239e-03 -1.16949314e-02  2.82320920e-02 -9.60906222e-03
 -9.57420003e-03  1.09551838e-02 -6.14444874e-02  8.04037601e-03
  6.05378039e-02  9.27198902e-02 -2.80087925e-02 -3.22182551e-02
  2.22639982e-02  1.53158143e-01 -9.44482815e-03 -1.00695588e-01
 -7.52080530e-02  7.36801848e-02  2.48312689e-02  4.41182181e-02
 -8.84353146e-02 -1.91284604e-02  1.26110911e-02  4.40201834e-02
 -1.26707152e-01  6.69077113e-02 -9.33530927e-03  4.67721708e-02
 -1.23714712e-02 -2.77867890e-04  7.51415119e-02  1.95944570e-02
  6.96706697e-02  7.94354603e-02  3.25972550e-02 -1.66931213e-03
  6.78100511e-02 -2.09353529e-02  9.06590819e-02 -2.50906684e-02
  2.84992568e-02 -3.96889541e-03  8.98628403e-03  1.43915433e-02
  2.12654136e-02 -3.10788620e-02 -2.09466405e-02  5.20569645e-02
  3.85879725e-02  6.31730258e-02  1.74640846e-02 -1.67756174e-02
  1.06063695e-03 -3.13026011e-02 -1.50573049e-02 -4.94088121e-02
 -1.50978854e-02 -3.30699757e-02  4.16708402e-02 -4.20853123e-02
 -1.08793303e-02 -1.63820878e-01  5.61499633e-02 -1.58677902e-02
 -2.42219623e-02  4.12861407e-02 -9.65231359e-02 -1.08670525e-01
  6.02330267e-02  9.11102910e-03  3.32108699e-02  4.05717716e-02
  3.43330093e-02 -3.06622833e-02  1.25066079e-02  9.49027166e-02
  2.86403578e-02 -5.27229011e-02  3.82898897e-02 -7.53187984e-02
  2.12614238e-02 -8.31517652e-02 -1.40970480e-03 -6.14912584e-02
 -2.21251510e-02  7.63283148e-02 -6.41404046e-03  7.77788337e-34
  1.39465760e-02 -5.54907843e-02  4.50864099e-02  4.94779013e-02
 -4.24019098e-02  9.02411155e-03  7.91673958e-02  1.02847353e-01
 -8.85691941e-02 -1.82459772e-01  3.41694430e-02 -1.46373315e-02
 -4.53654490e-02  1.24289893e-01  3.82837914e-02 -5.97815998e-02
  5.22136241e-02 -2.09675655e-02  1.72838345e-02 -2.11940426e-02
  2.61051506e-02  3.28901894e-02 -8.98925960e-03  1.74429342e-02
  5.81384227e-02  2.47722715e-02  9.78757441e-03  2.49347929e-02
 -8.42308924e-02  1.74567457e-02  3.21699344e-02 -5.76745458e-02
 -8.67222250e-02 -9.94029827e-03  2.57913135e-02  4.79510501e-02
 -1.15799047e-02 -3.82006243e-02 -4.06318493e-02 -1.23380572e-02
  5.45662176e-03  2.41617616e-02 -4.25809845e-02 -2.40213517e-02
  5.15358709e-02 -6.53882846e-02 -3.60811800e-02 -4.25734557e-02
  3.21769305e-02  1.83266215e-02  5.35655841e-02  9.60225472e-04
 -9.59800370e-03 -8.26871917e-02  2.85722362e-03  3.88710424e-02
 -6.39668256e-02  5.83122149e-02  1.70008130e-02 -3.51136215e-02
  4.37086858e-02  1.23364190e-02  2.04748716e-02 -4.07577828e-02
  1.23958550e-02 -1.00727156e-02 -4.71359268e-02 -1.24669664e-01
 -8.01620036e-02 -4.15355042e-02  4.01678421e-02  1.36994412e-02
 -3.31569724e-02 -9.03310627e-03 -1.20690139e-02  2.42809448e-02
 -2.73849554e-02  1.10048195e-02  7.23601505e-03  1.61882434e-02
  3.54503691e-02  6.82489621e-03 -6.89593237e-03  1.24418803e-01
 -2.74698716e-03 -3.59170809e-02  3.39023136e-02  1.85867269e-02
 -1.82036925e-02  1.44661090e-03  8.13079346e-03  1.98360551e-02
 -1.53528024e-02  4.51280549e-02  4.66947332e-02 -2.06295659e-33
  2.85546556e-02 -1.42540364e-02  5.55575229e-02  7.97484443e-02
 -6.34221062e-02  7.16451705e-02  5.71288727e-02  8.64861086e-02
  1.25706149e-02 -1.51918665e-01 -3.61308306e-02 -4.70022066e-03
  2.25806050e-02  4.04950371e-03 -4.19648029e-02  1.52337682e-02
 -1.26858264e-01 -2.00323062e-03 -5.00013167e-03 -2.78880447e-03
 -2.60282513e-02  4.62819673e-02  2.84098182e-02  2.04071756e-02
  5.49801365e-02 -1.10615492e-02 -3.57296132e-02  7.04679340e-02
 -6.04374055e-03  8.88118818e-02 -6.95804954e-02  5.12366779e-02
  4.25362177e-02  2.26150136e-02 -6.72135279e-02  9.49887484e-02
  1.84022225e-02 -4.02166061e-02 -4.03561220e-02 -9.13719833e-03
 -2.09446601e-03 -1.54207991e-02  3.09142843e-02  5.46893431e-03
  1.71172284e-02  7.28732497e-02  3.51757184e-02  5.78172505e-02
  6.19609393e-02  5.26874252e-02 -2.53666844e-02 -4.60932851e-02
 -2.63706688e-02 -1.17765479e-02  1.62359588e-02 -5.81794530e-02
 -6.12689592e-02 -6.53525293e-02 -3.19752060e-02 -5.68012409e-02
 -6.52755350e-02 -3.32285054e-02 -4.91859578e-02  2.49460433e-03
  5.90006262e-02  1.18730426e-01  8.17390997e-03 -3.89813841e-03
 -3.31394039e-02 -8.48043859e-02  1.27558364e-02 -4.06593047e-02
  7.72740841e-02 -1.00758765e-03  2.28688028e-02 -3.62614207e-02
  2.47304910e-03  2.76583638e-02  4.37120199e-02  7.83277079e-02
  1.11594960e-01 -5.28306663e-02  6.01530038e-02  6.91542169e-03
  8.69285539e-02  6.76549971e-02  1.51159558e-02 -3.31137180e-02
 -2.98859086e-02  5.18918857e-02 -4.89656068e-02  3.62834111e-02
  9.55699105e-03  1.11886347e-02 -1.24626269e-03 -2.98645411e-08
  1.91285789e-01 -4.98656742e-02  7.55563080e-02 -5.07678725e-02
  1.75486468e-02 -6.10146932e-02  2.66814958e-02 -7.04476284e-03
 -1.87070984e-02  4.26656790e-02 -4.14141230e-02  6.72345310e-02
  4.87851575e-02 -3.74467298e-02  5.42678609e-02 -3.94157600e-03
 -3.15413885e-02  1.45463422e-02 -5.08455411e-02  2.18846276e-02
 -1.15850121e-02 -2.30215173e-02 -3.36934216e-02 -2.54575722e-03
  5.31348772e-02 -2.69661397e-02 -7.83867985e-02 -4.71383072e-02
  5.11903912e-02 -1.48832090e-02 -4.54742983e-02 -3.50577459e-02
 -5.30870371e-02 -8.51029009e-02  2.09892895e-02  4.36556265e-02
 -4.59061041e-02 -1.50785157e-02  5.06956689e-02 -2.93621421e-03
 -5.55675710e-03  2.30760910e-02  3.05342283e-02 -1.90065894e-02
 -6.01840541e-02  1.64249260e-03 -1.04079083e-01 -3.55875716e-02
 -1.16262278e-02 -3.16013768e-02 -5.38250878e-02 -6.06055334e-02
  7.24986196e-02 -7.91017257e-04 -8.53993893e-02  4.63728681e-02
  2.93624401e-02 -2.10950021e-02 -5.13683399e-03 -5.00911400e-02
 -4.40988224e-03 -2.05281191e-02  1.63797140e-02  3.40348817e-02]"
How do cultural factors influence Onchocerciasis transmission?,Cultural practices related to water use and personal protective measures can influence the risk of Onchocerciasis. Communities with limited knowledge of transmission may have higher exposure risks.,Cultural practices and knowledge about disease transmission can affect Onchocerciasis risk levels.,How do cultural factors influence Onchocerciasis transmission? Cultural practices related to water use and personal protective measures can influence the risk of Onchocerciasis. Communities with limited knowledge of transmission may have higher exposure risks.,"[ 8.85682479e-02  6.95585236e-02  3.46784890e-02  8.14067647e-02
  2.85696574e-02  1.23657184e-02  4.33056466e-02  1.45841967e-02
 -2.99660545e-02 -5.18825129e-02  6.38111159e-02 -1.19849518e-01
  6.62470004e-03  1.12182043e-01 -9.48501006e-02 -5.13145030e-02
  2.90385634e-03  7.70920888e-03 -9.84975174e-02  1.47953881e-02
 -3.27892452e-02 -1.53793646e-02  7.21327215e-02 -8.62901844e-03
 -6.26726896e-02 -3.07413712e-02  4.92251888e-02 -1.41073670e-02
  2.03112178e-02  2.61291862e-02 -2.71785595e-02  5.12462519e-02
  1.98986400e-02 -1.00141995e-01 -3.39730978e-02  4.78010327e-02
  2.85872389e-02  2.17527486e-02  3.15162130e-02  5.07861190e-02
 -2.47990317e-03 -6.91777170e-02  6.73733726e-02  3.28103639e-02
 -7.07437545e-02 -2.17936914e-02 -8.77224468e-03  2.66004037e-02
 -1.02712661e-01  7.51861185e-02 -1.36330286e-02  7.16439933e-02
  6.59266263e-02  7.36436397e-02 -4.95964549e-02 -5.71145266e-02
 -2.54032556e-02 -1.94982090e-03 -8.18200260e-02  5.50516099e-02
 -5.83884902e-02 -1.08694714e-02 -7.12114722e-02  1.28665091e-02
  3.36086899e-02  1.05613763e-04 -7.44360536e-02  7.02294558e-02
  2.52935477e-02 -5.16313948e-02  8.70754123e-02 -3.38057354e-02
  5.48333861e-02  5.46678677e-02  2.36305548e-03 -1.56195033e-02
  6.47441309e-04 -7.90121183e-02 -1.30059086e-02 -3.28382105e-02
  8.00246224e-02 -2.49305852e-02  1.06788196e-01 -3.99174280e-02
  3.17123495e-02 -2.14122632e-03  2.04830989e-02 -4.14032228e-02
 -3.98558564e-02  6.55524880e-02  8.99856258e-03 -3.48632857e-02
  3.04764956e-02 -4.24209312e-02 -2.59063691e-02  4.95338626e-02
 -4.11598124e-02 -3.28780599e-02  2.38367785e-02 -2.47057080e-02
 -1.59202795e-02 -5.71883060e-02 -6.16744682e-02  1.49450479e-02
  1.59612447e-02 -5.82601726e-02 -1.00264452e-01 -4.44382243e-02
  3.39773577e-03 -5.58479130e-03  5.89163415e-03  5.08249216e-02
 -2.22404897e-02  1.63126420e-02  2.68050190e-02 -1.02203544e-02
 -1.20950546e-02 -6.93447888e-02 -3.44707891e-02 -8.69704038e-02
  1.44331297e-02 -6.18469380e-02  8.34822189e-03 -4.10328321e-02
  7.49499165e-03 -1.10569661e-02 -2.22060978e-02  8.39520157e-34
  2.10610870e-02 -6.36831522e-02 -9.94455349e-03 -4.67479648e-03
  4.99200225e-02 -4.01100405e-02 -3.55018582e-03  1.53237581e-02
  2.44413111e-02 -1.24216057e-01  6.41505495e-02  4.38383892e-02
 -5.09194434e-02  5.18165492e-02  2.35479735e-02  1.09157145e-01
 -1.44895061e-03 -3.14531587e-02  1.26097444e-02  5.00366390e-02
  3.25159878e-02 -9.90149528e-02 -3.27460445e-03  8.66894517e-03
 -1.90909021e-02 -8.23710859e-02 -6.15026467e-02 -2.84550269e-03
 -2.72598304e-02  3.56409438e-02  6.88556349e-03 -5.95453195e-02
 -8.83964263e-03 -8.55529681e-02  6.57858551e-02  1.33876190e-01
  6.76429570e-02 -9.40273143e-03 -5.43769412e-02 -5.04878815e-03
 -6.90869167e-02 -3.89100239e-02 -3.47398245e-03  2.28262432e-02
  7.26075992e-02  1.68900639e-02  4.65474762e-02 -7.09541813e-02
 -8.10412988e-02 -5.48917567e-03 -1.49702383e-02 -7.50228157e-03
  8.11568126e-02  9.95366275e-03  2.77889017e-02  3.47133838e-02
  3.56525443e-02 -4.18560626e-03 -9.78558138e-03 -6.64097890e-02
 -7.28660226e-02  5.10641560e-02 -7.14083016e-03  8.69005546e-03
  1.02399945e-01 -6.07796349e-02  5.81705086e-02 -7.58240372e-02
 -1.76242925e-02 -5.10283187e-02 -6.66317642e-02  2.65913587e-02
 -8.88395458e-02  1.93303917e-02 -4.99813668e-02 -1.23403622e-02
 -9.34539810e-02 -1.41237732e-02  5.38108088e-02  5.39822131e-02
 -5.78996204e-02 -4.64425742e-04 -3.80357984e-03  6.08019792e-02
 -2.18967721e-02  1.02291502e-01  7.31576756e-02  1.12592280e-02
  1.63955595e-02  4.03808504e-02  1.11809351e-01 -4.75190638e-04
  8.70446116e-02  2.46270150e-02  4.46665548e-02 -2.76528177e-33
 -5.66695910e-03 -3.52085009e-02 -2.22899988e-02  2.27663736e-03
  2.60204617e-02 -4.16458994e-02  3.41385230e-02  9.27310213e-02
  2.80572828e-02 -6.27801344e-02 -1.19412336e-02  2.66583599e-02
  1.61120128e-02  3.09438854e-02  1.87544208e-02 -3.13605927e-02
  3.25412005e-02  1.16793945e-01 -2.97651999e-03 -6.80983812e-02
 -6.38209796e-03  1.27372546e-02 -2.78943833e-02  7.32534677e-02
 -5.90658113e-02 -1.08419210e-02 -9.08041894e-02 -5.32268621e-02
 -3.29378881e-02  4.69134524e-02 -3.10049094e-02  1.39043033e-01
  6.98450580e-02  1.53578036e-02 -9.57616046e-03  1.19824477e-01
 -5.97114628e-03 -2.57410239e-02 -3.06725278e-02  1.00429133e-02
  1.25339313e-03  1.79459713e-02  2.45454032e-02 -6.08883537e-02
 -5.44974580e-02  1.14282072e-01  3.33215818e-02 -6.98033124e-02
 -2.48956904e-02 -6.45753648e-03  9.98213515e-02 -1.87606197e-02
 -3.00405044e-02 -3.76718529e-02  5.86960204e-02 -5.19831367e-02
  1.79279111e-02 -1.33193910e-01 -1.21392971e-02  3.98849184e-03
 -5.15479920e-03  2.42676772e-02 -8.11899677e-02 -2.31706500e-02
  2.58813403e-03  3.73945087e-02  1.09044136e-03  1.03277430e-01
  6.17194884e-02 -4.70632389e-02 -1.94305591e-02 -3.91968787e-02
  2.44042240e-02 -4.38430123e-02 -2.30265800e-02 -4.27664965e-02
 -5.46398051e-02  6.69551119e-02 -1.14354985e-02  6.56605810e-02
  3.57593335e-02  1.41038594e-03 -2.30911560e-02 -2.42948364e-02
  9.20539275e-02  2.73980964e-02 -6.34460300e-02 -3.93047370e-02
 -2.50150729e-02  2.30195709e-02 -1.38346598e-01  1.98792648e-02
 -1.74566060e-01 -4.27870974e-02  1.80617608e-02 -2.81920052e-08
  2.08922643e-02 -6.73344210e-02  4.96882536e-02  6.59903139e-03
 -8.32377293e-04 -1.45382350e-02  1.69332828e-02  6.24456257e-02
  8.93376488e-03  3.35766226e-02 -1.15377247e-01  6.19167238e-02
  7.18753710e-02  5.08221425e-02 -1.77019108e-02 -2.68096793e-02
  7.79892057e-02 -1.55731197e-02 -6.67892992e-02 -6.61853096e-03
  1.51969865e-03 -5.44321984e-02  4.11901996e-02  3.93378101e-02
 -2.55642552e-02 -6.48379838e-03 -5.98682498e-04 -2.85241604e-02
  3.25690173e-02 -1.55741116e-02  2.98131979e-03 -5.28418422e-02
 -7.84045532e-02  1.07779510e-01  3.40588540e-02  2.86809038e-02
 -1.89337488e-02 -7.33217597e-02  1.42108556e-02  6.78657070e-02
  1.80403311e-02  4.42286301e-03  2.31287479e-02  8.81909132e-02
 -1.42640406e-02 -2.95389984e-02 -5.91287203e-02  4.21075597e-02
 -2.38888077e-02  1.64043326e-02 -2.18266528e-02 -4.26043309e-02
  2.11253520e-02  3.71768773e-02 -4.07661870e-02 -3.29098525e-03
  7.74411112e-02  5.17245233e-02  1.05585810e-02 -6.36366662e-03
  2.43351534e-02  6.18336461e-02 -7.98240025e-03 -1.46754226e-03]"
What is the economic impact of Onchocerciasis outbreaks?,"Onchocerciasis can have an economic impact due to loss of productivity, especially in agricultural communities, and the costs associated with treatment and prevention efforts.",Onchocerciasis affects economic productivity and incurs costs for treatment and prevention.,"What is the economic impact of Onchocerciasis outbreaks? Onchocerciasis can have an economic impact due to loss of productivity, especially in agricultural communities, and the costs associated with treatment and prevention efforts.","[ 3.52434926e-02 -3.61281796e-03  2.85955593e-02  7.24273250e-02
  6.38754666e-02  5.52807152e-02 -1.34696038e-02  6.21014759e-02
  1.55961874e-03 -2.16953699e-02  3.25518698e-02 -1.66946892e-02
  2.48596594e-02  3.33767235e-02 -1.17891245e-01  5.50302211e-03
  3.03618219e-02  8.42692098e-04 -9.73885953e-02 -5.81981912e-02
 -1.22875124e-02  2.43801381e-02  1.71772968e-02 -8.85630306e-03
 -6.10327944e-02 -6.22568950e-02 -3.42198275e-02 -4.24458459e-02
 -7.17855617e-02  3.72868148e-03 -8.10034499e-02 -8.17392208e-03
  7.13514239e-02 -3.66983302e-02  1.49590932e-02 -4.37059626e-02
  7.86128640e-02  9.17157009e-02  2.47294363e-02  5.49364798e-02
  1.68211735e-03 -5.69437854e-02 -1.13434829e-02 -3.74566007e-05
 -9.37103555e-02 -1.02283090e-01 -4.61270660e-02  1.63919441e-02
 -3.55718508e-02  5.45514701e-03 -2.43588947e-02 -1.17109278e-02
  3.18189412e-02  6.10835217e-02 -4.09229472e-02  1.16618220e-02
  1.55648878e-02 -2.75578387e-02 -6.10279180e-02  7.34008104e-02
 -4.57170904e-02 -4.16997820e-02 -2.89419275e-02 -1.51203703e-02
  3.99061665e-02 -4.44322228e-02 -9.17974021e-03  1.08027952e-02
 -4.37070876e-02  4.44428101e-02  7.82929361e-02 -2.39485689e-02
  5.35378046e-03 -3.59415114e-02  1.52480882e-02  8.24682880e-03
  3.99263240e-02  2.49235537e-02  1.20699212e-01 -4.19576466e-03
  1.24610789e-01 -8.34395960e-02  2.37727482e-02 -2.99979430e-02
 -1.38721969e-02 -7.23692030e-02  2.52330340e-02 -2.49332283e-02
  5.45503162e-02  7.21932352e-02  3.18806544e-02 -4.25657555e-02
  1.61455460e-02 -2.52811890e-02 -3.20377983e-02  3.69442143e-02
 -2.05594897e-02 -5.77335469e-02  7.68721998e-02 -1.21405348e-02
 -3.61962467e-02 -1.24040283e-01 -8.57872516e-03 -5.63158430e-02
 -2.18145046e-02 -2.97665838e-02 -9.48285237e-02 -9.57437977e-02
  1.79626383e-02  3.35982330e-02  4.53169011e-02  5.23627847e-02
  2.04336252e-02  9.27278679e-03  1.39708910e-02  8.23904797e-02
  5.49626946e-02 -8.88197720e-02 -3.95618714e-02 -1.44114336e-02
  4.57739197e-02 -6.92952126e-02 -5.34935556e-02  4.64366423e-03
 -2.47603953e-02  3.48401628e-02 -8.54747295e-02 -1.88832257e-33
 -2.91360896e-02 -8.97045732e-02 -7.13750571e-02 -4.30503599e-02
 -2.25771568e-03 -2.89870575e-02 -1.70395989e-02  1.69108305e-02
 -2.24236064e-02 -1.30815327e-01  3.03403325e-02  1.68664027e-02
  6.67272508e-02  6.84200451e-02  4.39635068e-02  9.06752597e-04
  3.84662338e-02  6.28093332e-02  1.81849813e-03  1.86428875e-02
 -2.51317471e-02 -7.29971007e-02 -8.06887727e-03  9.16029140e-02
  3.46967876e-02  4.81751561e-03 -5.49158715e-02 -5.76145910e-02
 -8.35792255e-03  1.02208592e-02  8.35986435e-02 -4.13562544e-02
 -1.17215859e-02 -5.49768209e-02  1.45816617e-02  9.11290497e-02
  4.71486934e-02 -5.21735847e-03  1.76685629e-03  1.76541992e-02
 -8.96484479e-02  2.41279304e-02 -2.80627459e-02 -1.19422702e-03
  6.05975762e-02 -3.96634005e-02  5.20231463e-02  1.36915930e-02
  2.95785572e-02 -2.39752531e-02 -5.72900893e-03 -4.37966693e-04
  3.75609174e-02 -4.95506786e-02  3.94609058e-03 -1.77386664e-02
 -1.29420208e-02 -3.47186066e-02  1.46245016e-04 -3.44416164e-02
  1.44747924e-02  1.29410205e-02  4.91119958e-02 -4.21205685e-02
  4.58672084e-02 -3.64787057e-02  6.96182400e-02 -2.83417124e-02
 -6.29178062e-02  3.30100581e-02  5.87322703e-03  1.29550379e-02
 -4.27981019e-02 -9.87843238e-03  6.96020247e-03  2.85574961e-02
 -6.00964688e-02  2.19800416e-03  2.02193111e-02  7.48356879e-02
 -1.97796840e-02 -4.77519445e-02  2.31214520e-02 -8.31220951e-03
 -8.03189445e-03  3.25483195e-02  8.11658707e-03  5.58926836e-02
  2.47174595e-02 -2.68270038e-02  5.84992953e-02  6.09420612e-02
 -4.45024930e-02  7.95479566e-02  7.21752048e-02 -5.35883354e-34
 -4.28932197e-02  5.31049296e-02 -2.15846337e-02  4.48158709e-03
 -3.08688805e-02  1.82432048e-02 -4.18617669e-03  7.14455098e-02
 -3.28178331e-02 -1.22114286e-01 -9.67194438e-02  5.08993492e-02
  8.98623187e-03  3.22284251e-02 -1.45254983e-03 -3.27095985e-02
 -3.06254365e-02  2.35993881e-02 -1.28686363e-02 -3.35545503e-02
 -6.18561208e-02 -1.06832394e-02  5.05903549e-03  6.18434548e-02
 -4.56795022e-02  4.01505977e-02 -8.63521397e-02  3.17171812e-02
 -1.28874360e-02  2.42878925e-02 -3.87803558e-03  9.16366875e-02
  2.21768338e-02  1.86235309e-02 -2.22926717e-02  1.62063956e-01
 -1.53433364e-02 -7.24361837e-02  1.81387700e-02 -4.97618988e-02
  5.23562469e-02 -1.95335667e-03  1.12517672e-02 -2.36284994e-02
  3.37532051e-02  7.42401481e-02  1.61589459e-02  6.35031313e-02
  1.07656173e-01 -1.35657459e-03  1.37120530e-01  5.53665198e-02
 -5.84489219e-02 -2.60716546e-02 -2.45213807e-02 -6.37375936e-02
 -4.86444011e-02 -1.23576328e-01 -1.37917921e-01 -8.07876512e-03
 -8.04593712e-02  1.93751883e-02 -8.19700956e-02  7.92979002e-02
  3.15104872e-02  3.56194042e-02  6.42838851e-02 -3.35320756e-02
  7.51692653e-02 -1.23972006e-01 -2.08203867e-02  1.97369251e-02
 -5.80373965e-03  1.67977288e-02 -4.61050533e-02  4.42067049e-02
  1.49615854e-02  3.35122012e-02  3.05187479e-02  1.15772687e-01
 -1.41508374e-02 -4.60117459e-02  7.90302083e-02 -1.21704556e-01
 -6.85940310e-03 -8.37090239e-03 -8.69676564e-03  6.10406930e-03
 -5.52423634e-02  5.31980433e-02 -1.38016433e-01  2.42014341e-02
 -3.89534421e-02 -7.22509399e-02  4.04149741e-02 -2.99569791e-08
  1.42467290e-01 -4.98800427e-02  6.31877109e-02  3.16263251e-02
  4.66217101e-02 -1.01200461e-01  3.04099340e-02  8.07690993e-02
  4.82575670e-02  1.30511507e-01 -1.10554300e-01  8.37334543e-02
  1.42111946e-02  8.22991356e-02  8.62174388e-03  1.45396804e-02
 -1.51727430e-03  7.01902807e-03 -3.86220664e-02 -1.93819087e-02
 -1.73695963e-02 -3.82109778e-03  2.38503772e-03 -6.68656430e-05
  1.39780240e-02 -1.36504602e-02  2.04334855e-02 -1.44130150e-02
  2.22509019e-02  1.93124416e-03 -6.07230552e-02 -3.56523059e-02
 -2.62550395e-02  5.37389442e-02  4.62363809e-02 -1.10621303e-02
 -6.67862147e-02 -5.21518402e-02  5.74488528e-02  1.75777618e-02
  3.90857458e-02  4.42297943e-02 -5.70421480e-03  3.58652547e-02
 -4.09317948e-03 -5.72504327e-02 -9.87545028e-02  3.19383992e-03
 -4.70455643e-03 -7.24732503e-02 -1.04548992e-03 -9.54919495e-03
  6.95817322e-02 -1.04325982e-02 -6.40161037e-02 -2.13710312e-02
  7.83797354e-02  3.62332398e-03 -3.88377113e-03 -2.18991842e-02
  1.01913977e-02 -7.69551173e-02 -1.81683153e-02 -1.33544812e-02]"
Can Onchocerciasis be sexually transmitted?,There is no evidence to suggest that Onchocerciasis can be sexually transmitted. The infection is acquired through the bite of infected blackflies.,Onchocerciasis is not sexually transmitted; it spreads through infected blackfly bites.,Can Onchocerciasis be sexually transmitted? There is no evidence to suggest that Onchocerciasis can be sexually transmitted. The infection is acquired through the bite of infected blackflies.,"[-3.28365117e-02  2.43502799e-02 -5.60420528e-02  7.12248683e-02
 -6.36045933e-02  4.39858139e-02  3.01611535e-02  1.71050262e-02
 -4.61172797e-02  1.80402212e-02  4.41394411e-02 -6.07056320e-02
 -5.15781762e-03  8.42812881e-02 -5.82612976e-02  8.46541487e-03
  2.90023796e-02 -5.06495945e-02  1.32542783e-02  5.36157340e-02
  2.22471589e-03  8.29196274e-02  1.35170761e-02 -5.36058992e-02
 -2.64450982e-02 -1.55455936e-02 -6.07051365e-02 -7.49720447e-03
 -7.73360208e-02  1.45855092e-03 -7.16197938e-02 -3.14887017e-02
 -5.08221611e-03 -3.56484950e-02  2.94135809e-02 -1.43592833e-02
 -5.25411777e-02  6.15370609e-02  9.72035378e-02  6.99688420e-02
  1.57543439e-02 -4.53388467e-02 -7.52871530e-03  3.23819742e-02
 -9.80995968e-02  3.31599340e-02  3.75831686e-02 -2.49557868e-02
 -2.76937578e-02 -3.11407037e-02  2.61827800e-02 -7.60626141e-03
  6.43123686e-02  1.58911839e-01 -2.25059576e-02 -1.76935531e-02
 -2.71409899e-02 -1.66766290e-02 -3.11879367e-02  1.41973458e-02
 -3.64623554e-02  3.01706027e-02  2.01089326e-02  5.53219346e-03
 -3.52271236e-02  2.13230066e-02 -6.63603246e-02  6.84128376e-03
  4.69237156e-02  5.89434616e-02  8.49285051e-02  2.75266767e-02
  2.89304815e-02  4.09751339e-03  7.17265978e-02  3.65725858e-03
  3.18415537e-02  4.65631299e-03  3.77739966e-02  1.47648361e-02
 -2.30230913e-02 -4.48296368e-02  6.03748895e-02 -7.39850476e-02
 -2.70070378e-02 -4.55453508e-02  5.15274107e-02  2.41617002e-02
 -7.06343427e-02  9.22329277e-02 -5.72069222e-03  3.47747244e-02
  5.05532138e-03 -5.22894561e-02 -5.74841537e-02 -1.73655432e-02
 -8.50483961e-03 -1.09881543e-01  3.15701291e-02 -9.51265544e-03
 -8.79952982e-02 -5.70411235e-02  3.09467549e-03 -2.23817695e-02
 -8.11250657e-02  2.79296469e-02 -7.39184693e-02 -1.17778398e-01
  4.41254564e-02  1.30016562e-02  2.35966593e-02  3.08332816e-02
  9.51943994e-02 -1.32284071e-02  8.70426092e-03 -5.68063557e-02
 -1.75038818e-02 -1.06218262e-02  4.43648845e-02 -3.01755965e-02
  3.83582525e-02 -7.80888051e-02  2.99756955e-02 -3.98671217e-02
  2.95568374e-03 -4.44203801e-02 -2.18834877e-02 -1.33415064e-33
  4.65951450e-02 -6.38991147e-02 -2.12631430e-02 -6.57497644e-02
 -2.03712955e-02  1.08628444e-01  4.43242677e-02  6.82661906e-02
 -3.27131860e-02 -1.51822180e-01  5.77963367e-02 -3.70316878e-02
 -9.69318859e-03  4.26139198e-02  8.47299770e-02  1.26089603e-01
  7.77812079e-02 -6.36938885e-02  1.71870142e-02  3.53376977e-02
  3.13671231e-02 -9.06432979e-03 -3.13487882e-03 -9.04391780e-02
  1.21412771e-02  3.39690521e-02 -6.60621896e-02 -3.94156203e-02
 -1.43722352e-02  3.91807780e-02  3.40571627e-02 -4.70268689e-02
 -2.05187201e-02  1.00840889e-02  8.74651074e-02  1.84164211e-01
  3.94099876e-02  4.08016257e-02 -3.50616798e-02 -5.02130240e-02
  4.09598742e-03 -5.46471104e-02 -6.54878020e-02 -1.36391670e-02
  1.27116870e-02  2.36320700e-02 -7.02996999e-02 -6.41740635e-02
  1.21267764e-02  3.38353366e-02  5.97474305e-03 -1.78335495e-02
  5.22836894e-02 -2.23672949e-02  3.33102047e-02  4.06811386e-02
  3.14647183e-02  1.21551901e-02 -1.98212545e-02 -4.82134856e-02
 -2.40619443e-02  7.12976754e-02  3.47314887e-02 -1.05899528e-01
 -1.04622757e-02 -6.92358613e-02  1.48954093e-02 -3.07983421e-02
 -8.36562812e-02 -1.15975454e-01 -4.57904451e-02  6.00567274e-02
 -3.26395445e-02 -3.98374423e-02 -3.95046957e-02 -6.40722783e-03
 -5.92076704e-02  3.25651048e-03  9.21978280e-02  1.47454552e-02
  2.32391385e-03 -1.39258076e-02  8.76366794e-02 -3.40751372e-02
 -1.10356538e-02  6.31790012e-02  6.60158917e-02  4.39364240e-02
 -1.96172334e-02  2.94781309e-02  7.63780251e-02 -3.94368134e-02
 -2.07738928e-03 -1.84360873e-02  6.04143851e-02 -1.18504745e-33
 -2.54577715e-02 -1.40202101e-02 -8.55198968e-03  3.84767656e-03
 -4.05174494e-02  4.85109575e-02  5.26958629e-02  7.86936209e-02
 -1.26759142e-01 -5.74085675e-02 -5.83097199e-03 -2.47180518e-02
 -4.54310887e-02 -1.09684537e-03  6.19292893e-02  3.33947167e-02
 -7.52564669e-02  5.10471761e-02  3.17080282e-02 -4.92727198e-02
 -7.34140798e-02  4.71663997e-02 -1.29470993e-02  3.34462710e-02
 -1.25596514e-02 -2.00137254e-02  6.09854385e-02  6.73515946e-02
 -4.97890003e-02  7.77178928e-02  4.03528586e-02  8.94573480e-02
 -9.07356478e-03  3.84351355e-04 -2.06618290e-02  4.69144881e-02
  2.76065562e-02 -8.65809992e-02  7.37930685e-02 -4.07104241e-03
  1.13985904e-01 -1.67023260e-02 -2.46336348e-02 -5.53474762e-02
 -1.66581273e-02  1.03557900e-01  7.76583853e-04  1.14985563e-01
  2.89265774e-02  1.57148559e-02  3.24637294e-02  2.80900598e-02
 -5.14226742e-02 -1.18487567e-01  1.65817868e-02 -9.15241539e-02
 -4.28892449e-02 -4.21769619e-02 -2.14580465e-02 -4.20553349e-02
 -5.29618002e-02 -4.00261208e-02 -7.28799030e-02  5.04730605e-02
  7.14763775e-02  5.27376086e-02 -4.96795215e-02  5.31951850e-03
  1.20123830e-02 -2.11367030e-02 -6.17264062e-02 -6.09008893e-02
 -8.17119959e-04  1.72403408e-03  1.62248276e-02 -8.37455839e-02
 -1.75936166e-02  2.83737499e-02  4.01455462e-02  6.67335317e-02
  3.36908810e-02 -4.52408306e-02  1.23494215e-01  4.62449342e-02
  6.45724684e-02 -4.47450131e-02 -2.24112384e-02 -5.47338761e-02
 -8.34740847e-02 -2.49517802e-02 -4.57939841e-02  7.05578402e-02
 -2.36789193e-02 -6.34495169e-02  4.46421020e-02 -2.45857592e-08
  7.59709477e-02 -3.93280052e-02  2.75889076e-02 -3.74169871e-02
  6.95467442e-02  9.00157634e-03  5.56314364e-02 -1.12840952e-02
  9.42566693e-02  4.92857173e-02 -9.98544022e-02 -3.06366347e-02
  5.80928959e-02  7.42177898e-03  1.46837682e-02 -1.67961698e-02
  6.08838722e-02 -4.83695678e-02 -1.90527588e-02 -7.11588860e-02
 -4.87865545e-02 -2.24247314e-02 -2.45664734e-02  3.19472142e-02
 -1.75599288e-02 -2.17542541e-03  1.06606735e-02 -3.41706760e-02
  2.06394009e-02  8.61662347e-03 -2.89330799e-02 -2.09211577e-02
 -1.98162999e-02  5.37350550e-02  4.06276025e-02 -5.47045432e-02
  3.63611281e-02 -3.80286127e-02  6.38692677e-02 -4.18210179e-02
  4.79074642e-02  2.19930783e-02  4.09298092e-02  2.85228007e-02
 -3.50826383e-02  2.08887644e-02  2.28143460e-03 -4.02085260e-02
  2.58341897e-02 -2.61195265e-02 -7.25990385e-02  5.64041995e-02
  2.35759951e-02 -6.15571998e-03 -1.12055063e-01 -8.48895907e-02
  4.67115566e-02  1.54957166e-02 -7.07805604e-02 -5.46795735e-03
 -3.23483497e-02 -4.58922908e-02  4.31355014e-02  4.50862609e-02]"
What research is being done on Onchocerciasis?,"Research focuses on developing new treatments, understanding the biology of the blackfly and the parasite, and finding ways to interrupt transmission. Efforts also include researching potential vaccine candidates.","Research aims at new treatments, understanding blackfly and parasite biology, interrupting transmission, and vaccine development.","What research is being done on Onchocerciasis? Research focuses on developing new treatments, understanding the biology of the blackfly and the parasite, and finding ways to interrupt transmission. Efforts also include researching potential vaccine candidates.","[-3.21785957e-02 -1.10571622e-03 -2.14762390e-02  5.09059578e-02
 -1.84786804e-02 -6.22013677e-03 -1.54900923e-02  4.89398241e-02
 -1.20704509e-02  2.93674432e-02 -1.50065334e-03 -3.22103985e-02
 -4.33891751e-02  5.55020459e-02 -1.51461303e-01  5.58141619e-02
  5.89165948e-02 -2.05544941e-02 -4.23162431e-02 -4.02609147e-02
 -6.99391812e-02  1.95495505e-02  1.39884755e-01 -1.37569904e-02
 -7.33457729e-02 -2.41427077e-03 -5.75953946e-02 -8.30557346e-02
 -5.35833016e-02 -4.93061803e-02 -5.87951727e-02  1.12379948e-02
  4.27689077e-03 -4.70205657e-02  2.69344933e-02  5.69988566e-04
  3.37862317e-03  1.27180398e-01  3.60041447e-02  1.88374873e-02
 -1.36354882e-02 -6.82147816e-02  3.14914472e-02  5.01610525e-02
 -6.53215200e-02 -8.76724496e-02 -2.55895872e-02 -1.98598001e-02
  2.42172461e-02  2.34112795e-02 -6.39572367e-02 -4.22516987e-02
  4.41433415e-02  9.83331576e-02 -3.21037248e-02  4.22469489e-02
 -3.60068083e-02  5.61666973e-02 -1.59205478e-02 -4.84753139e-02
  2.07025893e-02  3.56706716e-02 -4.90492359e-02  2.09275261e-02
 -1.71614205e-03 -1.91999171e-02 -1.33625173e-03 -2.34675757e-03
  2.95058452e-03 -4.31891829e-02  7.90977627e-02  2.91273445e-02
  5.77291958e-02  7.09607527e-02  6.99790418e-02  1.92602128e-02
  8.68236553e-03 -1.08980145e-02  1.18792303e-01 -1.50380107e-02
  1.05233833e-01 -6.60174116e-02  3.64809632e-02  3.88287045e-02
  1.79291048e-04 -6.02871850e-02  3.96458711e-03  4.49655727e-02
 -2.43958142e-02  5.64214177e-02  2.26568198e-03 -2.02676281e-02
 -4.30191010e-02 -3.83927114e-02 -1.15799792e-01  2.73112743e-03
  9.45582893e-03 -7.25532323e-02  1.10316128e-01  2.58278307e-02
 -3.61560248e-02 -9.34855267e-02  3.27957682e-02 -5.82117327e-02
 -6.42032325e-02  3.96352075e-03 -6.70689121e-02 -7.64331669e-02
  7.92303458e-02  1.25658597e-04  2.06388105e-02  4.18227129e-02
  5.09609235e-03  6.72811493e-02  4.42985594e-02  4.25777584e-02
  6.50242483e-03 -3.17047276e-02  8.60558357e-03  2.21467949e-03
  2.18262877e-02 -5.77086918e-02  2.63507268e-03 -7.54189491e-02
  9.49822424e-04  5.43974340e-02 -1.03594199e-01 -2.00209371e-33
  3.85867357e-02 -2.28723455e-02 -1.72698218e-02  9.15471241e-02
 -7.68119376e-03  5.25020994e-04 -7.66581157e-03  9.40138921e-02
 -8.45810473e-02 -1.53158337e-01  5.23649491e-02 -5.61532788e-02
  1.46316765e-02  9.24756303e-02 -4.00715601e-03 -2.86087636e-02
  1.50034204e-02 -3.48226838e-02 -1.85113084e-02 -3.05328406e-02
 -5.66778379e-03 -4.14051302e-02  3.06704380e-02  6.38365420e-03
  4.20849882e-02  2.51971767e-04 -6.31239191e-02 -3.52590531e-02
 -3.06617226e-02  3.68288048e-02  3.78042124e-02  1.68176275e-02
 -1.16633520e-01 -3.91838402e-02  3.59543264e-02  1.33924127e-01
  7.52534568e-02 -1.92359407e-02 -3.90479825e-02 -1.52420094e-02
 -4.26663384e-02  1.80299440e-03 -2.59433575e-02 -5.92373535e-02
  5.37361391e-02 -1.62289497e-02 -3.32715474e-02 -3.37556340e-02
  3.52036022e-02  2.23565195e-02  7.79796317e-02 -1.65156759e-02
  6.96005896e-02 -6.07081875e-02  5.47584184e-02  1.06024712e-01
 -5.70413247e-02 -2.18164758e-03  8.82565882e-03 -4.53921035e-02
  7.81056955e-02  1.14717009e-02 -6.90641701e-02 -6.75568432e-02
  3.67923565e-02  8.71727150e-03 -2.39939559e-02 -9.54261869e-02
 -6.33160621e-02 -2.77463514e-02 -4.28773500e-02  2.88605839e-02
 -4.19872105e-02 -3.10741812e-02 -5.81604317e-02 -2.55448744e-03
 -3.61498035e-02  4.15706635e-02  1.59683754e-03  4.98156659e-02
  6.91351891e-02 -1.93581562e-02  2.40642242e-02  3.79243195e-02
 -6.46686107e-02  5.54748159e-03  2.16887444e-02  5.90067878e-02
 -6.23159250e-03  1.39827689e-03  5.86459264e-02  1.21070314e-02
 -4.38753925e-02  1.39714964e-02  6.21309131e-02  5.10504523e-34
 -5.13768829e-02 -5.46161979e-02 -1.74109377e-02  7.03283474e-02
  1.42543055e-02  3.60989831e-02 -3.25791314e-02  1.11115603e-02
 -2.37694439e-02 -7.02478960e-02 -4.54663206e-03  1.83054935e-02
  7.57852849e-03  3.65063138e-02 -4.73131575e-02 -2.11192425e-02
 -8.40983465e-02 -3.12304939e-03 -6.28572609e-03 -1.52880587e-02
 -2.63659991e-02  5.90125099e-02 -2.07528602e-02  1.15338368e-02
 -1.29552381e-02  1.11607406e-02  4.45537455e-02  3.97554226e-02
 -3.71806659e-02  3.77081335e-02 -2.18234174e-02  4.25198972e-02
 -1.07394252e-02 -9.68851149e-03 -2.91501656e-02  1.36068001e-01
  4.83586937e-02 -1.62565317e-02  3.86913233e-02 -5.11041731e-02
  7.60132223e-02 -2.46718489e-02 -1.96249429e-02 -7.01134130e-02
  3.12240701e-02  8.03701505e-02 -5.70399016e-02  1.14386596e-01
  3.45075391e-02 -3.34973074e-02  8.84545967e-02  1.62361767e-02
 -2.29017902e-02 -5.45536093e-02  9.04673263e-02 -3.97185683e-02
 -4.99719791e-02 -1.14471011e-01 -3.58114652e-02 -8.22025165e-03
 -5.79227209e-02  1.50877908e-02 -1.05145410e-01  7.89427087e-02
  4.87051345e-02  8.06877613e-02 -4.08700947e-03  3.47411893e-02
  1.34551087e-02 -8.91322419e-02  8.61713104e-03 -3.24690193e-02
  1.08038662e-02  2.72159316e-02  6.29531918e-03 -3.17687094e-02
  4.91427118e-03  1.95460208e-03  5.18842749e-02  1.03596777e-01
  1.24347489e-02 -8.02065283e-02  8.10161009e-02  1.17216930e-02
  8.82662460e-02  2.36459505e-02 -4.49725129e-02  2.78123580e-02
 -6.17768541e-02 -3.93783487e-02 -6.26026988e-02 -2.22984981e-02
 -7.29858652e-02 -4.32815664e-02  6.75127730e-02 -3.03786081e-08
  1.59857243e-01 -6.52864799e-02  8.87197927e-02 -1.70831606e-02
  5.19027449e-02 -1.30719168e-03 -7.74679193e-03  1.12420181e-02
  9.84831527e-03  1.12256128e-02 -9.51593369e-02  3.28896269e-02
  6.39422387e-02  7.20338970e-02  5.66412620e-02 -2.92202029e-02
  7.42667913e-02 -2.48808004e-02 -5.54807112e-02 -3.80352736e-02
 -5.29678166e-02  4.83407202e-04  8.96939635e-03  1.34527814e-02
  3.25646698e-02 -2.00424921e-02 -5.82177797e-03 -1.87224541e-02
  2.30535604e-02 -2.23143660e-02 -1.03602864e-01  3.66899744e-02
 -2.87444796e-02 -5.15220389e-02  4.70553674e-02 -2.44614724e-02
 -1.51642663e-02 -5.58532923e-02  5.07945046e-02  1.62485975e-03
  1.55438865e-02  1.05676711e-01 -2.95745488e-03  1.18025569e-02
 -4.68030460e-02  1.14050303e-02 -4.36003245e-02  1.88671350e-02
 -2.05311161e-02  4.78427298e-03 -1.08097382e-02 -1.61718857e-02
  5.20951115e-02  3.54861952e-02 -1.00469582e-01  4.11178693e-02
  5.49976379e-02 -1.39481826e-02 -5.30246869e-02 -5.12854904e-02
  1.21023573e-01  2.55289283e-02 -5.12450077e-02  3.42744626e-02]"
How does Onchocerciasis affect children?,"In endemic areas, children can be exposed to Onchocerciasis from an early age, leading to skin diseases and potential vision impairment or blindness, which can impact their education and future opportunities.","Early exposure in endemic areas can lead to skin diseases and vision problems in children, affecting education and development.","How does Onchocerciasis affect children? In endemic areas, children can be exposed to Onchocerciasis from an early age, leading to skin diseases and potential vision impairment or blindness, which can impact their education and future opportunities.","[ 7.90893808e-02  6.63973466e-02  7.81541020e-02  9.98669267e-02
  4.24572937e-02  4.78220135e-02  2.31615175e-02  9.23363566e-02
 -4.97072227e-02  3.71236540e-02  7.81726167e-02 -2.72857398e-02
 -1.61197092e-02  9.05131027e-02 -9.20572132e-02  3.21167372e-02
  4.88543622e-02  5.42382989e-03 -2.91769020e-02 -7.31246397e-02
 -4.16670926e-04  8.41532424e-02  1.72452629e-02  1.65338684e-02
 -6.86884001e-02  3.61862630e-02 -1.23662241e-02 -4.50929627e-02
 -7.80453011e-02 -7.02833990e-03 -5.35322726e-02 -4.15338725e-02
  2.74962112e-02 -2.07002517e-02 -2.87224166e-02 -6.40409114e-03
  3.23884189e-02  1.21727645e-01 -2.94791739e-02  3.09013519e-02
 -4.26354222e-02 -5.46578765e-02 -7.38924220e-02 -4.52613831e-02
 -2.28901394e-02 -1.33243397e-01 -1.41786551e-02 -3.40647772e-02
  1.68019831e-02  2.91031580e-02 -2.24194191e-02  5.30103082e-03
  4.17444035e-02  6.38804585e-02 -6.79194182e-02  3.58454175e-02
 -8.81752968e-02  4.40293588e-02 -1.87121853e-02  1.27726775e-02
 -4.08457592e-02 -3.47219184e-02 -6.48446381e-02  1.25140101e-02
 -4.00161743e-02 -3.31908800e-02  2.06575524e-02 -3.88909839e-02
  4.81610224e-02  8.11484549e-03  9.28412750e-02 -6.48929039e-03
  1.11601308e-01  2.38454086e-05  7.11433310e-03  2.01671608e-02
 -1.87724009e-02 -2.35308260e-02  7.81467557e-02 -4.59986553e-02
  5.50428480e-02 -8.80891271e-03  3.31745297e-02 -8.03274512e-02
  2.49929093e-02 -3.25723179e-02  1.10858981e-03 -5.23661524e-02
 -7.66179040e-02  5.67196868e-02  3.72534990e-02 -3.98155972e-02
  5.06487936e-02  8.57832667e-04  9.58108809e-03 -4.12567817e-02
  3.29924864e-03 -6.13644719e-02 -4.08995571e-03 -7.35685155e-02
 -4.75494564e-03 -1.02553084e-01 -4.22996394e-02  4.50734496e-02
 -2.71884315e-02 -1.71312261e-02 -5.95691688e-02 -1.28590345e-01
 -2.77017877e-02 -2.97033954e-02  7.48912543e-02  2.84272730e-02
  7.11432621e-02  3.24232392e-02 -3.81719917e-02  8.56375555e-04
  7.32521787e-02 -7.92071000e-02 -8.47118944e-02 -4.02729958e-02
  2.06159614e-02 -4.79514338e-02  3.66687216e-02 -2.56601851e-02
 -2.47932505e-02 -3.20966393e-02 -5.63112907e-02 -5.76609412e-34
 -2.07005404e-02 -1.04481746e-02 -6.84302151e-02  4.86856559e-03
 -7.03569874e-03  2.29158439e-02  1.24876007e-01  1.36106163e-02
 -8.64428282e-02 -7.31450617e-02  2.67866291e-02 -1.17673650e-02
  4.01786640e-02  8.66609737e-02  3.57318185e-02  9.77842882e-02
  6.97223330e-03  6.08513132e-04  1.07966503e-02  6.36388361e-02
 -5.33006825e-02 -4.85606343e-02 -9.94238351e-03  7.54063725e-02
  1.55918794e-02  6.28166944e-02 -8.23792517e-02 -1.54627692e-02
 -4.09617536e-02  4.09987904e-02  4.63001840e-02  6.41145860e-04
 -1.01857692e-01 -2.61437763e-02  1.65506024e-02  1.00109302e-01
  1.08425856e-01  3.07662990e-02 -3.72701623e-02  1.15481243e-02
 -6.19061626e-02 -4.55784872e-02 -2.16344614e-02 -1.79943684e-02
  8.86660963e-02  4.55101803e-02  1.35766426e-02 -1.64642502e-02
 -9.84851085e-03  3.19760777e-02 -3.40659893e-03 -1.69608928e-02
 -1.98537745e-02 -1.57904103e-02  2.51228195e-02  7.98364952e-02
 -3.13288420e-02  1.70914643e-02 -2.15462390e-02 -4.95738797e-02
  4.80110385e-02 -2.95004565e-02 -2.97602303e-02 -5.70294596e-02
  1.89079903e-02 -5.93399704e-02  7.22778514e-02 -3.56632546e-02
 -8.05530027e-02 -1.04579791e-01 -5.55217918e-03  1.62296295e-02
 -6.98330104e-02  2.40911022e-02 -2.58240551e-02  5.46878204e-03
 -3.07158753e-02  4.27048840e-02  2.23145075e-02  7.28676245e-02
 -1.64348222e-02 -1.05946036e-02  3.52042317e-02 -3.90634872e-02
  2.54336512e-03  1.52452169e-02  4.31506746e-02 -4.03325394e-04
 -3.78983729e-02 -7.44188726e-02  1.15040042e-01 -3.87175530e-02
 -2.27665007e-02  3.60449180e-02  3.56082432e-02 -1.84508899e-33
 -9.58819059e-04 -1.00343125e-02  3.53151793e-03 -3.69980410e-02
 -7.35650584e-02 -2.06128880e-02  1.99623276e-02  9.39192623e-02
 -3.35263205e-03 -1.13071866e-01 -4.34675477e-02  2.11057905e-02
 -4.94190902e-02 -3.21579799e-02  5.83891477e-03 -2.57827621e-02
 -2.61096582e-02  8.06465670e-02 -7.44838361e-03 -2.97407955e-02
 -3.01423133e-03  3.25438604e-02 -6.86924681e-02  5.31576127e-02
  1.29263736e-02 -5.23538142e-03 -5.59751168e-02 -7.03085661e-02
 -4.60218824e-02  7.78081045e-02  6.79731742e-02  1.00990430e-01
  4.47041392e-02  4.53743972e-02 -1.61490105e-02  5.20473160e-02
 -7.55588487e-02 -3.68413478e-02 -4.22915816e-02  2.11948939e-02
  8.30536857e-02 -3.96855883e-02  4.59889099e-02 -1.75880324e-02
 -3.69880232e-03  7.94550478e-02  2.47495547e-02  3.80093530e-02
 -9.42203682e-03 -3.42202187e-03  8.93070549e-02  7.10463002e-02
 -1.49504617e-02 -4.15556207e-02  4.68831807e-02 -2.12163012e-02
 -7.21789710e-03 -7.43261650e-02  1.79887973e-02  3.24124359e-02
  2.04722118e-03 -6.02198988e-02 -9.06496793e-02  2.06539407e-02
 -2.39161495e-02  4.87238280e-02 -1.06332310e-01  3.87790054e-02
  6.47515804e-02 -5.16670495e-02  2.97773052e-02 -4.50396016e-02
 -6.73401915e-03 -4.02732342e-02 -4.54548262e-02 -3.09826005e-02
 -4.19052094e-02  1.29368201e-01 -1.03972154e-02  1.43249795e-01
  3.65829952e-02 -6.08203225e-02  6.62507340e-02 -2.46251537e-03
  4.12181541e-02 -5.40127344e-02 -2.21867878e-02 -5.84392175e-02
 -6.54341429e-02  3.23230736e-02 -8.50820541e-02  5.39152957e-02
 -9.76217836e-02 -6.53917566e-02  2.19661184e-02 -3.00936058e-08
  1.38879970e-01 -4.68191318e-02  4.12404314e-02 -9.11942404e-03
  6.48934674e-03 -7.49157183e-03  3.44018154e-02  6.63322881e-02
  3.27878888e-03  8.30434039e-02 -1.42441079e-01  7.52408653e-02
  6.85361773e-02  2.82285567e-02  5.77696450e-02  2.93990783e-02
  5.53357601e-02  1.36433518e-03 -1.25938468e-02  4.51769229e-05
 -1.16963135e-02  1.38245421e-02  4.81743030e-02  2.49272194e-02
  9.78338625e-03 -9.56751108e-02  2.40701926e-03 -3.32902409e-02
 -3.88083793e-02  2.03424823e-02  1.76283419e-02 -3.06271687e-02
 -2.00338271e-02  8.56791437e-02  6.04922324e-02 -6.88396990e-02
 -4.04684171e-02 -1.36786525e-03 -2.92936759e-03  4.77155335e-02
 -3.74030210e-02  5.22183031e-02  4.63871844e-02  3.22344713e-02
 -2.99940836e-02 -8.64518136e-02 -1.85621679e-02 -3.43548954e-02
  2.30377782e-02  2.24751960e-02 -9.26782340e-02 -1.86090097e-02
  3.00987344e-03 -1.29471244e-02 -2.73596924e-02 -5.83942141e-03
  6.93180040e-02  1.06655108e-02 -1.00205922e-02  2.20924895e-03
  4.43635229e-03  4.74556610e-02 -1.17298197e-02  1.55797089e-02]"
Are there any natural remedies for Onchocerciasis?,There are no known effective natural remedies for Onchocerciasis. The recommended treatment is the pharmaceutical drug ivermectin. Reliance on unproven natural remedies can delay effective treatment.,No effective natural remedies exist for Onchocerciasis; ivermectin is the recommended treatment.,Are there any natural remedies for Onchocerciasis? There are no known effective natural remedies for Onchocerciasis. The recommended treatment is the pharmaceutical drug ivermectin. Reliance on unproven natural remedies can delay effective treatment.,"[-2.42224000e-02 -3.34379897e-02  7.69684389e-02  6.78989738e-02
 -4.90947627e-02 -4.01760265e-03 -5.29820137e-02  9.44556147e-02
 -8.85115587e-04 -3.78813744e-02 -1.46898860e-03 -2.46425308e-02
 -1.10856919e-02  6.92126006e-02 -7.65043050e-02  4.95041683e-02
  3.25018875e-02  1.23897560e-01  1.48241548e-02 -2.67313235e-02
 -6.27222359e-02  9.05724913e-02  5.38291335e-02  5.83331324e-02
 -4.43247706e-02 -7.00266808e-02  1.20154268e-03 -8.32346007e-02
 -6.50441945e-02 -8.72764066e-02 -1.40121847e-03 -9.55431629e-03
  1.72120817e-02 -8.69150236e-02  1.45998653e-02  3.14557813e-02
 -3.69955301e-02  8.42126757e-02  6.77485368e-04  1.21488944e-02
  4.56330404e-02 -2.83065028e-02  2.00119969e-02 -3.34577821e-02
 -1.65459719e-02 -9.44410339e-02 -4.93480042e-02 -4.37788218e-02
  4.53188121e-02  9.77697596e-02 -2.11725701e-02  5.86871430e-02
  2.09474172e-02  1.16317257e-01 -6.66044871e-05  6.94290400e-02
 -3.95777859e-02  1.02501571e-01 -1.27792833e-02  5.26533946e-02
  2.30693370e-02  5.52286953e-03 -1.45862956e-04 -2.87052933e-02
 -1.04973346e-01  3.96131277e-02  1.46873547e-02  5.39293922e-02
 -1.27766728e-02  4.05828319e-02  1.33036003e-01 -2.19525266e-02
  1.19669758e-01  1.76661201e-02  7.30770966e-03  1.04809403e-02
  4.33226712e-02 -5.65003380e-02  2.69629117e-02  1.65392905e-02
  3.12569365e-02 -1.16483700e-02  4.12307903e-02  1.69888698e-02
  3.65905426e-02 -3.33346501e-02  2.85893655e-03 -1.18129887e-02
 -6.12910837e-03  7.10401088e-02  2.14865282e-02 -3.78963128e-02
 -1.47669194e-02 -4.27013375e-02  5.42079844e-03 -9.29304585e-02
 -1.51904970e-02 -7.82051086e-02  2.06540562e-02 -3.69171202e-02
 -7.00960830e-02 -9.30165350e-02  7.09057087e-03 -5.97545765e-02
 -4.03950252e-02  8.44831467e-02 -7.20837712e-02 -8.53722245e-02
  4.07627225e-02 -2.00412963e-02  5.73349968e-02  3.12790158e-03
  3.94864790e-02  1.63833592e-02 -1.40219107e-02  7.10061118e-02
  6.73045740e-02  1.84399430e-02  5.89439063e-04 -4.71720360e-02
  5.20407967e-02 -3.91204283e-02  4.47971001e-02 -6.37402833e-02
 -4.19638492e-02  4.86087687e-02  6.29191399e-02  5.64763138e-33
 -1.69303678e-02 -2.19674651e-02 -4.07970734e-02 -1.10997166e-02
 -1.87423043e-02  1.06277084e-02  1.51449619e-02  7.93597102e-02
 -9.05257091e-02 -1.76450506e-01  7.52659068e-02  2.71389745e-02
 -6.33760763e-04  6.55968189e-02 -7.18504936e-02 -6.83424622e-02
  2.18315739e-02 -5.03952950e-02  5.10030240e-02 -3.26515436e-02
  5.22367284e-02 -5.62973805e-02 -4.80771698e-02  4.00510430e-02
  3.99559885e-02 -4.43341248e-02  2.00380050e-02  7.02735735e-03
 -5.80784567e-02  1.28577575e-02  5.00152819e-02 -2.70966142e-02
 -4.99278642e-02 -3.97965424e-02 -1.42119471e-02  7.61526749e-02
  8.96973256e-03  2.95166834e-03 -2.50268299e-02  2.65653227e-02
 -4.36924547e-02  1.32119404e-02 -5.89711480e-02 -4.36037295e-02
  5.97872175e-02 -1.94410924e-02 -7.52096623e-02 -1.29489526e-02
 -1.70068424e-02  4.06490192e-02  2.12310404e-02 -2.37413254e-02
 -1.36614814e-02 -2.75190342e-02 -2.84506902e-02  3.35260923e-03
 -6.67166710e-02  2.98161209e-02  2.77684070e-02 -5.54017387e-02
 -3.79065095e-05  9.43779759e-03  1.71202677e-03 -4.00225520e-02
 -1.69056766e-02 -3.03805582e-02 -3.99383977e-02 -1.29695654e-01
 -1.27805486e-01 -1.05803609e-01 -4.51032631e-02  8.84903073e-02
 -1.46086263e-02  1.65056884e-02 -5.21720275e-02 -6.37017861e-02
 -3.88765782e-02  3.51963453e-02 -3.78318201e-03 -2.97206388e-05
  6.54819682e-02  1.16524929e-02  6.00592815e-04  8.03036392e-02
  7.23266378e-02  7.39279063e-03 -3.68360020e-02  7.51448572e-02
  4.77795722e-03 -1.16888778e-02  2.91884132e-02 -6.07250743e-02
 -1.43727483e-02  3.54195796e-02  6.79344535e-02 -6.10845786e-33
  6.41911849e-02 -6.26785457e-02  6.65042698e-02  1.21140398e-01
 -6.11941330e-02  3.44940200e-02  3.19829583e-02  1.01494104e-01
 -3.74179594e-02 -1.88918099e-01 -3.71447727e-02  1.63169429e-02
  1.23836929e-02  3.25320922e-02 -2.15436220e-02  1.96117014e-02
 -8.12315568e-02  4.78984863e-02 -1.56659763e-02  3.81110460e-02
  5.72431786e-03  4.89743724e-02 -3.98254618e-02  5.04183508e-02
  5.49456365e-02 -2.31442060e-02 -4.94126081e-02 -1.89475957e-02
 -1.81135312e-02  1.39453813e-01 -3.40138525e-02  2.97101550e-02
 -2.17047259e-02 -8.65749791e-02 -2.05751625e-03  1.00383982e-01
  2.89426651e-02 -7.82354325e-02 -6.71471581e-02  8.04301426e-02
  3.03325653e-02 -4.45223181e-03  3.05374730e-02 -4.53154035e-02
 -4.18525096e-03  8.89672264e-02 -1.60553921e-02 -2.06155702e-02
 -1.18751135e-02  1.31911635e-02  4.74965610e-02 -2.04057377e-02
 -2.75484435e-02 -8.64880451e-04  8.96783248e-02 -8.80106315e-02
 -6.32516816e-02 -6.88216537e-02 -4.68491875e-02 -3.81609686e-02
 -7.02486560e-02 -1.38003360e-02 -1.38866100e-02 -4.61084349e-03
  6.16421178e-02  5.01469038e-02 -1.73850227e-02  2.01085191e-02
 -2.63826782e-03 -1.01238452e-01 -1.53610529e-02 -4.83948067e-02
  2.86878832e-02  6.53032735e-02  2.36259457e-02 -3.66496444e-02
 -4.16424051e-02 -2.69368142e-02 -1.08060744e-02  5.24802208e-02
  7.04855546e-02 -3.66851315e-02  6.22132234e-02 -7.64374956e-02
  4.45843711e-02  7.40699247e-02 -1.60458311e-02  4.67150994e-02
 -4.42089401e-02  6.48275018e-02 -7.49527737e-02 -2.94779846e-03
 -5.74748702e-02  1.57105196e-02  5.97649775e-02 -3.65002997e-08
  1.01814546e-01 -7.21026808e-02  6.63541853e-02  1.15287760e-02
  1.00914715e-02 -9.54656601e-02  2.16405038e-02  5.31013645e-02
 -2.46428326e-02 -2.42747031e-02 -1.02324471e-01  5.24389371e-02
  5.91372736e-02  6.25705197e-02  2.83224713e-02 -2.28470564e-02
  9.34946164e-02  3.43652144e-02 -5.07182218e-02  4.45648981e-03
 -4.53433245e-02  6.02895254e-03  1.59825813e-02 -6.40382292e-03
  1.89636555e-02 -1.22377556e-02  1.65472198e-02 -6.16716072e-02
  1.28876604e-02 -1.49742290e-02 -3.69440839e-02 -1.99177917e-02
  1.75072737e-02 -3.72607969e-02  4.62495461e-02  1.97403803e-02
  4.40019369e-02 -1.59449112e-02  3.07637025e-02  1.52413184e-02
 -2.51471618e-04  4.01040614e-02  3.44739715e-03  2.19710972e-02
 -3.10668070e-02 -9.62285474e-02  5.88243734e-03  6.33599423e-03
 -2.69862022e-02 -1.25169652e-02 -7.73071218e-03  1.94864292e-02
  8.64450354e-03  2.10077895e-04 -1.40940435e-02 -4.41181147e-03
  7.02023059e-02 -7.26902799e-04 -2.38155909e-02 -5.77638000e-02
 -4.19156775e-02 -2.05276869e-02  3.73916887e-03 -4.11268882e-02]"
How does Onchocerciasis impact mental health?,"The chronic itching and visible skin lesions caused by Onchocerciasis can lead to social stigma and mental health issues, including depression and anxiety.",Chronic symptoms and social stigma from Onchocerciasis can lead to depression and anxiety.,"How does Onchocerciasis impact mental health? The chronic itching and visible skin lesions caused by Onchocerciasis can lead to social stigma and mental health issues, including depression and anxiety.","[ 8.71715620e-02  8.26195329e-02  3.36102732e-02  9.44479778e-02
  4.55469592e-03  5.40848747e-02  9.17588770e-02  1.03851147e-01
 -5.99706592e-03 -3.03007960e-02  3.43974903e-02 -3.87225486e-02
 -1.97035763e-02 -1.98709611e-02  1.34666814e-02  3.72331664e-02
 -6.05332805e-03 -4.37394716e-02 -3.73080894e-02  3.26600224e-02
 -5.56873344e-02  4.14969698e-02  5.09300735e-03  1.74881872e-02
 -6.27844185e-02  9.76919383e-03 -3.10478937e-02 -7.68277198e-02
 -5.76551370e-02  5.66606820e-02 -3.21440995e-02 -1.66159011e-02
  1.80295575e-02  4.40924056e-02  4.11709510e-02 -7.10670874e-02
 -1.27883209e-02  1.21609583e-01  2.29397770e-02  5.34258957e-04
 -6.43765330e-02 -4.49160598e-02  2.06929669e-02  1.22429868e-02
 -5.92046194e-02 -1.09659031e-01  3.74810956e-02  8.68445437e-04
 -1.49148926e-02 -4.90664653e-02 -2.29073092e-02  3.28156315e-02
  7.92648569e-02  1.37829343e-02 -7.57526681e-02  3.89571190e-02
  2.26783566e-02  5.81984073e-02 -8.47952440e-02  1.07392341e-01
  8.23603757e-03 -5.44460304e-02  1.49984118e-02  1.81111023e-02
  7.98598826e-02  3.31887533e-03  1.19423205e-02 -2.78541967e-02
 -3.00318236e-03 -1.44977486e-02  3.84987444e-02 -3.32107022e-02
  8.22083354e-02 -3.71645205e-04  1.03458710e-01  7.47927725e-02
 -1.09858170e-01 -1.69296209e-02  5.75103201e-02 -1.99559927e-02
  4.67587225e-02  7.46353343e-02  7.70353824e-02 -7.15723336e-02
 -1.65470634e-02 -1.16224788e-01  3.22016776e-02 -9.10348201e-04
 -3.67460474e-02  1.06758371e-01  1.65715534e-02 -5.06448783e-02
 -4.24592979e-02  1.30607821e-02 -6.23018742e-02  4.10293862e-02
 -2.04870775e-02  3.61241288e-02  2.60887318e-03 -3.03237457e-02
 -3.72538343e-02 -7.23824278e-02 -7.07892925e-02  1.60241127e-02
 -1.92527790e-02  3.97302173e-02 -1.94696561e-02 -1.18296571e-01
 -3.51085328e-02 -5.29726557e-02 -3.68260294e-02 -2.07515676e-02
 -1.38828671e-02 -1.93198733e-02 -3.09847370e-02  2.90284678e-02
  2.52326895e-02 -9.68225021e-03 -1.91852022e-02 -7.63351470e-02
  3.64986993e-02 -7.27869570e-02  1.30685912e-02  8.51743370e-02
 -3.73322852e-02  3.58800441e-02 -8.34482536e-02  9.36412024e-34
  2.78199315e-02 -2.50533633e-02 -3.11006010e-02 -4.51837517e-02
  2.27139760e-02  1.62579399e-02  4.86965925e-02 -3.82431522e-02
 -5.61520271e-02 -5.11021353e-02  2.20866054e-02  2.50949292e-03
  1.08135529e-02  6.05811700e-02 -5.01079224e-02  3.15206237e-02
  6.90797111e-03 -4.11727205e-02  6.99186698e-02  6.60974113e-03
  1.05883423e-02 -2.14393288e-02 -3.76466885e-02  5.68297580e-02
 -3.93161066e-02  3.92237566e-02 -2.97388509e-02 -2.95142941e-02
 -4.34130728e-02  5.05129769e-02  2.31460650e-02  4.35448252e-02
  2.30066804e-03 -4.10555415e-02  7.42031038e-02  8.84390548e-02
  8.76650065e-02  4.03002389e-02 -3.48090380e-02 -6.79306462e-02
  1.53556978e-02 -6.23568706e-03 -2.28724275e-02  1.55714981e-03
  9.95649025e-03  5.62536195e-02 -3.23482752e-02 -6.07378557e-02
 -7.96836466e-02  4.71463427e-02 -1.07262675e-02  4.15822007e-02
  3.43997031e-02  5.12900017e-02  1.60861351e-02 -4.32945788e-02
 -1.25385374e-02 -8.99734572e-02  2.04861909e-02 -1.23817241e-02
  4.27918183e-03  1.15377121e-02 -1.49026467e-02 -7.76982531e-02
  5.32255918e-02 -3.76937608e-03  5.06944507e-02 -7.54830763e-02
 -8.73092189e-02 -1.83854846e-03  8.18941928e-03  9.09365937e-02
 -6.83954963e-03 -4.65040235e-03  4.66784760e-02  2.61737499e-02
 -9.28511098e-02 -1.38857616e-02 -1.12600558e-01  3.07160094e-02
  3.90369408e-02  4.44460707e-03 -2.79753022e-02 -1.42436195e-02
 -9.52926930e-03  8.25790167e-02  1.98413897e-02 -3.82084143e-03
  1.56833418e-02 -3.52741256e-02  9.28243846e-02  1.70831159e-02
  5.54761998e-02  5.58577739e-02 -6.28577694e-02 -2.62549382e-33
  1.73537731e-02  1.89628396e-02 -1.37676774e-02 -3.44681963e-02
 -1.27693443e-02  1.78722274e-02  3.57761905e-02  4.58194055e-02
 -6.11369759e-02 -3.25196162e-02  3.54734948e-03 -6.30097166e-02
 -2.52056010e-02  3.53215560e-02 -1.39110973e-02 -1.32295303e-02
 -1.05534494e-02 -5.50039997e-03 -3.25080715e-02 -7.22722933e-02
 -3.12641039e-02  3.45802344e-02 -3.42033692e-02  5.04710935e-02
 -2.17133239e-02 -1.19010434e-02 -2.34855860e-02 -3.35443392e-02
  2.88362317e-02  2.70033162e-02  5.04901633e-02  1.13239594e-01
  2.13038940e-02 -8.49077851e-02  3.49296629e-02  1.01149417e-02
 -5.50324284e-02 -9.56851766e-02 -1.68712102e-02 -4.93959486e-02
  4.66855019e-02 -7.89630488e-02 -4.43220697e-03 -4.37027328e-02
  1.38135357e-02  5.78999184e-02  2.45007072e-02  1.37149775e-02
 -2.71178409e-02 -2.36210786e-03  7.54108950e-02 -1.43406149e-02
 -1.67583525e-02 -1.20171849e-02  8.59514549e-02 -7.37534538e-02
 -9.34816301e-02 -6.79035261e-02 -1.25279784e-01  4.73118387e-02
 -5.19141480e-02 -1.36776641e-03 -1.02424435e-01 -6.09457446e-03
  3.46560590e-02 -1.06741292e-02 -2.68412605e-02 -1.12618906e-02
  2.58240141e-02  8.81117489e-03 -1.77680682e-02 -8.71715993e-02
  5.72791137e-03  8.75649322e-03 -5.17171733e-02  2.06870791e-02
  2.74288794e-03  5.70084080e-02 -1.36165665e-02  1.40280575e-01
 -3.24426144e-02 -7.56628141e-02  6.43281117e-02 -2.69671679e-02
  2.68082488e-02 -2.53318623e-02 -5.07463142e-02  8.44879672e-02
 -1.13286734e-01  3.48862484e-02 -8.26391131e-02  4.75729555e-02
 -9.77278873e-02 -7.32862875e-02  1.68370921e-02 -3.02093284e-08
  6.33023679e-02 -1.15791760e-01  6.85969442e-02  2.06862558e-02
  9.50217899e-03  5.89647889e-02  8.70583355e-02  8.71919319e-02
 -1.47623681e-02  1.77193638e-02 -9.11211669e-02 -4.27403115e-02
 -1.90821011e-02  7.55131021e-02 -3.51771787e-02 -1.61848180e-02
  6.46150112e-02  3.83701622e-02  1.58138871e-02 -5.77074066e-02
 -1.07427813e-01 -5.16697317e-02  2.31455229e-02  5.74139412e-03
 -5.63531108e-02 -4.07439433e-02 -7.80099118e-03 -1.49269737e-02
 -4.27457653e-02  1.35105383e-02  3.49913836e-02 -5.01123257e-02
  3.64377685e-02  6.99928701e-02  1.10843480e-01 -6.17698506e-02
 -3.56735848e-02 -7.50563517e-02  1.01502292e-01  6.48231432e-02
  3.55539694e-02  1.09820269e-01  7.32004642e-03  6.32153079e-02
 -2.06963737e-02 -2.70277448e-02 -1.17988149e-02 -1.32265287e-02
 -3.14895846e-02 -4.35590893e-02 -6.82712952e-03  7.09765032e-02
 -1.13493139e-02  5.72114289e-02 -5.08736148e-02  6.67068362e-02
  9.90489870e-02  8.98155570e-02 -3.46837342e-02 -4.53625545e-02
  5.75668477e-02 -3.26234922e-02 -2.94983052e-02  7.63186719e-03]"
Can Onchocerciasis be eradicated?,Eradication efforts focus on interrupting transmission through mass drug administration of ivermectin and controlling blackfly populations. Complete eradication is challenging but achievable in certain areas.,Eradication is challenging but possible through mass drug administration and blackfly control.,Can Onchocerciasis be eradicated? Eradication efforts focus on interrupting transmission through mass drug administration of ivermectin and controlling blackfly populations. Complete eradication is challenging but achievable in certain areas.,"[-2.09902823e-02  3.52609083e-02 -9.58823878e-03  4.23010811e-02
  1.55175268e-03  1.78335961e-02  2.12972369e-02  1.60705727e-02
 -4.45238501e-02 -3.18161286e-02  5.09150736e-02  1.68993194e-02
  2.26851311e-02  5.56689128e-02 -1.46142229e-01  1.03913926e-01
  4.13519703e-02 -4.09699194e-02 -2.12078579e-02  4.11264552e-03
 -3.86793353e-02  1.13545835e-01  1.66934188e-02  3.44085172e-02
 -8.55193064e-02 -7.88170472e-03 -8.97439048e-02 -6.75625876e-02
 -4.27730046e-02 -6.99379221e-02 -1.40803838e-02  2.23463345e-02
  5.42437937e-03 -2.40113493e-02  3.37744765e-02 -5.53329401e-02
 -2.07125358e-02  5.07243276e-02  2.45077778e-02 -2.03073695e-02
  6.17840812e-02 -8.64194483e-02 -5.54429553e-02 -2.83521460e-03
 -1.10675842e-01 -8.21477398e-02 -8.02965462e-02 -4.70505767e-02
  3.86681035e-02  1.59760397e-02  4.50724885e-02 -7.66751729e-03
 -1.09681049e-02  1.96423158e-01  1.52642177e-02  5.99449687e-03
 -1.94733031e-02  5.97367138e-02 -4.70919237e-02 -3.21837440e-02
 -1.76414438e-02  5.49767315e-02  2.50819959e-02 -4.57772473e-03
 -1.02897808e-02  2.16619298e-03  3.62535845e-03 -3.46057974e-02
  5.13410680e-02  5.19555202e-03  1.26893774e-01  1.61038281e-03
  5.37304990e-02  4.87923659e-02  2.94983424e-02  4.42389250e-02
  1.37053439e-02 -2.58438047e-02  6.84217513e-02  4.70763706e-02
  5.87222353e-02 -9.53252167e-02  8.25356618e-02 -1.33994259e-02
  2.43848432e-02 -8.34818408e-02 -3.48456055e-02  4.52396367e-03
  4.39273380e-02  5.89780696e-02  1.06074978e-02  9.46962461e-03
  6.86633587e-02 -2.86344420e-02  4.03078832e-03 -8.21073130e-02
  3.18943686e-03 -9.75683033e-02  2.41883434e-02  2.14966573e-02
 -8.12756121e-02 -1.09120898e-01 -2.92954203e-02 -9.07875225e-02
 -1.05303749e-01  1.56192563e-03 -6.05458692e-02 -5.63380942e-02
  6.87369257e-02 -3.87208983e-02  7.62272626e-03 -9.89101827e-04
  8.79651159e-02  7.43121430e-02  9.87456366e-03  5.30749336e-02
  9.07317549e-02  1.40128424e-02  2.31725890e-02 -4.66403961e-02
  1.75248664e-02 -3.51810642e-02  2.07995046e-02 -4.57579195e-02
  2.70343386e-02  6.61325753e-02 -4.15957943e-02  3.93866464e-33
 -5.29060662e-02 -6.42317981e-02 -3.74828801e-02 -2.24726014e-02
 -7.21756322e-03 -6.97498256e-03 -1.77635662e-02  8.34739953e-02
 -1.33114606e-02 -1.53549656e-01 -1.05776209e-02 -6.31574243e-02
 -4.67744879e-02  1.07345946e-01  6.37928694e-02 -4.67495956e-02
  1.15079083e-01  5.00254380e-03  4.83622178e-02 -5.92268631e-02
  1.11807873e-04 -5.74083924e-02 -8.12618136e-02 -1.87997390e-02
  1.33896461e-02  6.42435178e-02 -3.82870361e-02  1.89348999e-02
 -8.03486165e-03  1.48975905e-02  7.80403316e-02 -3.29717286e-02
 -8.28228369e-02  2.00135354e-03  3.22321318e-02  8.56932774e-02
  4.91182469e-02  1.48522097e-03 -3.87421623e-02 -6.24675723e-03
 -3.57708111e-02  1.00269057e-02 -4.07375023e-02 -6.46129549e-02
  1.00743480e-01 -6.86980784e-02 -7.21879900e-02 -4.93592061e-02
  2.51667816e-02  5.06703854e-02  2.99809221e-02 -4.80790511e-02
  3.39415558e-02 -4.40259241e-02  2.30875146e-02  5.61243258e-02
 -3.64568494e-02  1.30603125e-03  1.74942538e-02 -6.09119870e-02
  1.79964639e-02  2.53045037e-02 -1.74665321e-02 -6.45387247e-02
  1.14661545e-01 -4.20800969e-02 -3.29184048e-02 -6.75011426e-02
 -1.49793074e-01 -7.27926567e-02 -1.81068331e-02  5.19886985e-02
 -4.61513437e-02 -3.41585390e-02 -7.65673071e-03 -3.02435253e-02
 -7.95698073e-03  7.15114102e-02  3.73290777e-02  1.56796444e-02
  4.99787070e-02  2.45942298e-04  8.97320174e-03  7.18778223e-02
  5.87299187e-03 -1.15074646e-02  6.18255585e-02  3.53876874e-02
 -1.29892593e-02 -4.63151373e-03  4.93979901e-02 -1.85629576e-02
 -8.51639360e-02  1.49829267e-02  1.59509443e-02 -4.88740172e-33
  2.10024714e-02  1.87468249e-02  1.91114824e-02  4.01746146e-02
 -2.57817190e-02  6.22781850e-02  4.20907959e-02  8.26923549e-02
 -5.88029549e-02 -1.29111886e-01 -3.92937362e-02  6.34358898e-02
  7.20806718e-02  2.58842967e-02 -7.68200355e-03  6.25027670e-03
 -6.15930110e-02  3.66995335e-02 -6.21160418e-02  4.42064879e-03
 -6.66534379e-02  1.77934393e-02 -7.26121769e-04 -5.46195917e-03
 -5.63411303e-02 -4.36163433e-02 -1.67980511e-03  5.87228574e-02
 -4.40680393e-04  7.29106739e-02 -1.44462753e-02  4.73647714e-02
 -1.96317420e-03 -9.07618180e-02 -3.70564573e-02  5.72007746e-02
  4.22954150e-02 -3.66126187e-02  6.17747614e-03  1.71959959e-02
  6.04619384e-02 -1.35573288e-02 -9.19630751e-02 -2.17288267e-02
 -1.49207562e-02  1.13702334e-01  1.76771302e-02  7.25576058e-02
  5.16144708e-02 -3.17666493e-03 -1.06216744e-02  6.44486025e-02
 -1.74301933e-03 -3.44619378e-02  3.45598049e-02 -6.29239306e-02
  2.61238869e-02 -8.92667994e-02 -1.73720736e-02 -4.81441244e-02
 -1.93561632e-02  4.19936255e-02 -6.61696494e-02  6.60742819e-02
  7.04977363e-02  5.52109443e-02  2.01888829e-02  6.09936938e-02
  6.20829500e-03 -1.49777606e-01  3.83518934e-02 -4.84395921e-02
 -4.36142366e-03  2.58843862e-02  2.16452368e-02 -9.93129089e-02
 -6.99713547e-03  2.80127954e-02  3.81305441e-02  1.92184355e-02
  4.43909205e-02 -8.09134170e-02  7.05810636e-02 -8.14790204e-02
  5.84030896e-02  7.30189029e-03 -2.96212677e-02 -2.71850694e-02
  1.54653180e-03 -4.28406522e-03 -3.56714092e-02 -4.49769665e-03
 -3.35807092e-02  2.61512399e-03  1.02497051e-02 -3.16158513e-08
  1.16560318e-01 -3.08763906e-02  5.78490905e-02 -1.27861584e-02
  6.67238757e-02  1.33317998e-02  1.34633640e-02  4.08222824e-02
  2.88557708e-02  1.89380860e-03 -4.61123176e-02  8.31947569e-03
  9.02898982e-03  8.18603300e-03  6.79137260e-02  9.33408272e-03
  4.00422327e-02 -1.79025605e-02 -3.17717269e-02  3.65542546e-02
 -7.28656650e-02 -4.10906831e-03 -9.46343411e-03 -2.92893015e-02
  5.58724999e-02 -4.14391607e-02  1.86327696e-02 -4.56292555e-03
  2.21064761e-02 -2.17804476e-03 -7.29988888e-02  5.03483452e-02
  8.35302286e-03  2.66602580e-02 -1.76537223e-02 -3.92929316e-02
  2.19652746e-02 -1.43723786e-02  4.24149670e-02 -1.78969745e-02
 -3.08202468e-02  1.36026770e-01 -5.93449082e-03 -1.83183029e-02
 -6.02535158e-03 -5.56063987e-02 -2.31111981e-02  4.46498487e-03
 -1.32445833e-02 -4.05318812e-02 -2.54881335e-03  3.36792233e-04
  1.09242704e-02  1.89043563e-02 -5.11700474e-02 -3.98183949e-02
  5.97604215e-02 -1.60766970e-02 -9.01168436e-02 -2.65883226e-02
  5.71629703e-02 -5.78373112e-02 -7.89718609e-03 -2.89199371e-02]"
How does Onchocerciasis affect pregnancy?,"There is limited research on the direct impact of Onchocerciasis on pregnancy. However, general ill health due to Onchocerciasis could potentially affect pregnancy outcomes. Ivermectin is not recommended during pregnancy.","The impact on pregnancy is not well-studied, but general ill health from Onchocerciasis may affect it. Ivermectin is not advised during pregnancy.","How does Onchocerciasis affect pregnancy? There is limited research on the direct impact of Onchocerciasis on pregnancy. However, general ill health due to Onchocerciasis could potentially affect pregnancy outcomes. Ivermectin is not recommended during pregnancy.","[-2.10798942e-02 -1.21882120e-02  3.25793847e-02  7.62714818e-02
  5.37322462e-02  3.50820571e-02 -4.04127799e-02  1.07378155e-01
 -8.18356127e-03  1.79393589e-02 -2.72866432e-02 -1.14463167e-02
 -5.20837754e-02 -1.73842441e-02 -3.63695137e-02  7.28536919e-02
  6.45859465e-02 -2.20495812e-03  1.85643844e-02  8.62129219e-03
 -3.78219262e-02  6.24527968e-03  2.30060387e-02  2.91139223e-02
  1.59721880e-03 -3.80542092e-02 -1.24946060e-02  3.61871347e-02
 -9.22751874e-02 -2.77665164e-02 -5.90022057e-02  2.48887353e-02
 -2.91541722e-02 -9.58546400e-02 -3.43558937e-02  2.63747647e-02
 -7.70333596e-03  8.21584985e-02  4.67765294e-02 -2.03239080e-02
  3.19268107e-02  4.06357944e-02 -4.75361608e-02  1.97464321e-02
 -3.99276353e-02 -7.53199905e-02 -1.38846422e-02 -3.56581211e-02
 -6.20115064e-02  8.76087025e-02 -3.77673060e-02 -7.84731936e-03
  3.23141925e-02  9.20079276e-02 -3.88003364e-02 -4.53173183e-02
 -6.36172220e-02  1.69292260e-02 -1.54911941e-02  1.24082090e-02
 -4.84419651e-02  4.97104935e-02  2.37786304e-02 -3.88163440e-02
  4.79939133e-02  4.09025513e-02  5.03911711e-02 -1.27938483e-02
 -4.04429361e-02 -7.21019208e-02  1.24705955e-01  3.95304374e-02
  1.10305019e-01  8.31046775e-02  5.80810793e-02  6.34028167e-02
  2.41340939e-02  1.21671762e-02  3.92103866e-02 -4.79859114e-02
  2.76391674e-02  4.11302363e-03  3.56553011e-02 -1.97859332e-02
 -4.85388003e-02 -5.39348312e-02  3.06890663e-02 -3.93115580e-02
  2.03330070e-02  8.25890005e-02  6.58714473e-02 -7.97238648e-02
  4.10306044e-02 -3.96567360e-02  1.10762026e-02 -5.01492471e-02
 -6.89165965e-02 -9.03748199e-02  3.12351733e-02 -3.03258691e-02
 -2.05197725e-02 -1.68386139e-02 -7.66434241e-03  5.41956350e-02
 -1.49810417e-02  7.20781609e-02 -1.17131762e-01 -1.02544159e-01
 -1.78950652e-03 -8.95806868e-03  3.31173791e-03 -8.19032546e-03
  9.75380614e-02  5.18314019e-02 -4.01378563e-03  7.40371644e-02
  1.71853025e-02  2.30548568e-02 -6.37230230e-03 -4.42971736e-02
  5.63701265e-04 -5.54976873e-02  3.80188674e-02 -7.48827355e-03
 -6.27697110e-02 -6.96655735e-02 -1.15115801e-02  2.36414854e-33
  1.32903913e-02 -1.21758424e-01  2.61897501e-02  5.08345256e-04
 -2.17321631e-03  6.82484508e-02  4.17113937e-02 -1.00869965e-02
  3.84948179e-02 -1.28073797e-01  2.48189643e-03 -3.28515135e-02
  5.46551794e-02  1.55396098e-02  8.49701092e-03  4.57770340e-02
  3.23858969e-02 -1.99666601e-02  1.80967171e-02  1.26010150e-01
  4.08829330e-03 -1.08864896e-01 -4.88060080e-02 -4.67974357e-02
  9.22131911e-03 -1.46284103e-02  5.03036240e-03  4.23637033e-02
 -1.36878788e-01  1.21612791e-02 -4.04050499e-02 -4.40649912e-02
 -5.07449545e-02 -6.45650625e-02  5.36197498e-02  1.23412095e-01
  2.85878754e-03 -3.28011662e-02 -4.05660868e-02  6.73412681e-02
 -7.83037618e-02 -6.05608057e-03 -3.39283748e-03 -7.45042637e-02
  6.38182685e-02 -9.15146805e-03 -6.44241795e-02 -5.84311523e-02
 -1.03865061e-02 -1.63818151e-02 -8.04433785e-03 -8.24126750e-02
 -2.77592079e-03  5.76253682e-02  4.43608267e-03  6.54396787e-02
 -1.35571603e-02 -4.82458696e-02 -5.68008237e-03 -8.28540996e-02
 -3.93413492e-02 -3.83559950e-02 -8.06829985e-03 -1.00386307e-01
 -4.49299701e-02 -6.43133447e-02  1.79870818e-02 -6.05094247e-02
 -7.77196214e-02 -5.18063679e-02 -4.54207361e-02  2.41541117e-02
 -2.53559351e-02  1.74386222e-02 -5.12347035e-02  3.03325541e-02
 -4.39394452e-02  7.84018412e-02  5.37342019e-02 -4.11453843e-02
  4.80625331e-02 -1.95525941e-02  6.99834600e-02  2.11927127e-02
  3.88372391e-02  5.28447777e-02  8.46763626e-02  8.17634985e-02
  1.52030252e-02 -5.18510491e-02  1.04844160e-01  2.26128977e-02
 -4.03059460e-02 -2.26337812e-03  7.03581274e-02 -2.91045312e-33
 -2.66489666e-02  1.91647969e-02  3.20083238e-02  4.37760307e-03
 -7.03879967e-02  2.46288790e-03  4.72591482e-02  5.87179735e-02
 -1.10349804e-01 -1.44449219e-01  3.53167877e-02 -2.49200054e-02
  2.26676520e-02  5.00801206e-03  6.61273748e-02  6.19264273e-03
 -3.00676897e-02 -3.95532744e-03  5.02081178e-02  4.29090001e-02
 -4.88060825e-02 -7.46272132e-02 -6.12608716e-02  2.94754114e-02
  2.83163060e-02 -5.38227931e-02 -4.11127992e-02 -4.37831768e-04
  6.91540772e-03  6.13817275e-02 -1.02155749e-02  1.23540215e-01
  1.58910416e-02 -1.34710846e-02  8.40433463e-02  4.21765968e-02
 -1.28589720e-02  2.66766194e-02 -1.38264690e-02 -8.28186870e-02
  4.03746702e-02  2.45403778e-02  1.95177495e-02 -1.06540527e-02
 -7.89600313e-02  6.49525300e-02  7.75171742e-02  1.56095745e-02
  4.84840646e-02  5.00065200e-02  2.98122801e-02 -4.13785726e-02
 -6.70370385e-02 -9.85540450e-03  4.01985087e-03 -4.12429795e-02
  5.29421531e-02 -9.03137326e-02  6.71138754e-03 -4.21865331e-03
 -8.91385227e-02  6.43090382e-02 -3.45280617e-02 -5.75288348e-02
  5.72850276e-03 -5.24329254e-03 -3.29335555e-02  1.35511067e-02
  6.74849898e-02 -9.29322168e-02  4.18507569e-02 -5.82527593e-02
  9.41455439e-02  1.13109797e-02 -1.00419708e-02 -7.70520642e-02
 -2.28982302e-03  5.10699153e-02  2.33276002e-02  1.31773949e-01
  3.06081269e-02  3.85687849e-03  3.70031819e-02 -6.82978630e-02
  1.32662263e-02  4.17122804e-03 -3.47818099e-02  3.68406922e-02
 -6.03230931e-02  1.80282828e-03 -3.45700756e-02  6.18020780e-02
 -3.07391342e-02 -5.05562760e-02  7.99771622e-02 -2.92963556e-08
  1.09119512e-01 -4.91431467e-02  4.19587716e-02  1.19468905e-02
 -1.92445144e-02 -1.37946948e-01  1.02341630e-01 -1.06383590e-02
 -3.41256447e-02  1.28483074e-02 -9.87782925e-02  7.85732120e-02
 -2.34535560e-02  3.90267819e-02 -3.79960686e-02  9.85674933e-02
  5.42665944e-02  3.80299725e-02 -1.58496778e-02  4.80092354e-02
  1.69271883e-02 -6.31844252e-03 -6.61382452e-03  2.46318709e-02
  4.64975135e-03  4.35806550e-02  3.95665120e-04  1.17496513e-02
  5.06724678e-02 -3.50361690e-03  8.12990032e-03 -1.23718521e-03
  4.67241742e-02 -2.74430541e-03  3.89532559e-02  1.30567921e-03
 -2.04487965e-02 -5.71959428e-02  2.65887100e-02  3.32825556e-02
  4.00725799e-03  3.59868631e-02  5.99995740e-02 -1.00787282e-02
  3.68990150e-04 -1.18825838e-01  7.12897861e-03 -8.42723716e-03
 -3.36377025e-02 -2.83058509e-02 -8.89110640e-02 -5.11941835e-02
  2.46036984e-02  1.62026398e-02  4.19259034e-02  4.40991707e-02
  3.85256819e-02 -5.65685192e-03 -2.78221938e-04 -1.50687490e-02
 -4.36001159e-02 -5.52694201e-02  6.54508024e-02 -5.47966547e-02]"
What is the role of sanitation in Onchocerciasis control?,"Improved sanitation does not directly affect Onchocerciasis transmission, as the disease is vector-borne. However, better overall health and hygiene can contribute to reducing the risk of various infections.",Improved sanitation indirectly contributes to overall health but doesn’t directly impact Onchocerciasis transmission.,"What is the role of sanitation in Onchocerciasis control? Improved sanitation does not directly affect Onchocerciasis transmission, as the disease is vector-borne. However, better overall health and hygiene can contribute to reducing the risk of various infections.","[ 4.37615886e-02  2.66094990e-02  5.14090024e-02  2.80447304e-02
 -3.90645256e-03  4.16156352e-02  6.90866960e-03 -6.05352735e-03
  1.31022651e-02 -2.44234540e-02 -1.54326120e-02 -4.18150276e-02
  2.52043121e-02  6.85353056e-02 -9.21238214e-02 -3.12250536e-02
  2.28509717e-02  6.04558289e-02 -5.09930812e-02 -4.03557671e-03
 -2.00176332e-02  2.21818257e-02  1.07303135e-01 -5.19112311e-02
 -1.47156253e-01 -1.87029131e-02  2.86099524e-03 -8.80096480e-02
 -5.53192906e-02 -5.33400252e-02  2.09649876e-02 -6.66158125e-02
  5.39113693e-02 -5.14849536e-02 -8.80634189e-02  7.26052851e-04
  5.82119823e-02  3.30535024e-02  6.04246929e-02  5.62964380e-02
 -2.26645302e-02 -4.93138656e-02 -4.47563045e-02  1.76312383e-02
 -3.98414992e-02 -3.44120637e-02 -2.69079059e-02 -4.67359982e-02
 -4.00314741e-02 -3.42900269e-02  1.67071521e-02  5.89723215e-02
  4.47032303e-02  9.75584239e-02 -4.69301566e-02  2.99867652e-02
  1.79901216e-02 -1.97467655e-02 -5.96098900e-02 -2.97642015e-02
 -4.81967553e-02 -2.29003020e-02  8.78801290e-03  1.34637663e-02
 -3.34682204e-02 -5.47544956e-02  7.92480446e-03  3.71332988e-02
 -6.59040213e-02  4.40633856e-03  6.05546217e-03  9.42965038e-03
  7.17401952e-02  1.11636734e-02  4.72081304e-02 -4.17953217e-03
 -8.28693714e-03 -7.57700391e-03  3.56500484e-02 -3.17964107e-02
  1.44511402e-01  1.50034567e-02  6.21904507e-02  3.15557048e-02
 -2.27690637e-02 -6.13059066e-02 -2.89632529e-02 -8.59474838e-02
  1.05747990e-02  4.43136431e-02  3.12231630e-02 -1.14957346e-02
  6.63945600e-02 -1.08166806e-01 -3.19581106e-02 -2.54460145e-02
  3.67917642e-02 -2.09980626e-02  5.14537133e-02 -2.90223993e-02
 -6.00231439e-02 -1.01895258e-01 -4.12869379e-02 -4.80130501e-02
  5.90273589e-02 -5.24571922e-04 -5.13661951e-02 -6.37347028e-02
  5.46105690e-02 -2.54070386e-02  6.83187023e-02  7.27574602e-02
 -4.44139616e-04  2.78768223e-02  1.17204934e-02  6.67318702e-02
  2.13493556e-02 -6.40599206e-02 -1.37933316e-02 -1.89299528e-02
 -5.70217706e-03 -1.26487881e-01 -2.26167552e-02 -1.35791907e-02
 -3.17347646e-02  1.90154314e-02 -6.55331975e-03  6.22176446e-36
 -6.67931959e-02 -7.37490505e-02 -3.98833379e-02 -4.42444719e-02
 -1.17625622e-02 -3.14335376e-02  3.24713886e-02  6.16802871e-02
 -1.18782064e-02 -8.89403522e-02  7.06655085e-02 -8.40541720e-02
 -1.44328559e-02  9.71381664e-02  2.86446754e-02  6.03189133e-02
  2.82363407e-02 -1.59852132e-02 -7.47643551e-03  2.74052713e-02
  2.78598070e-02 -6.28687069e-02  1.17044756e-03 -1.21004134e-02
  5.48702292e-02 -3.65681835e-02 -5.35100251e-02 -1.91108342e-02
 -7.28501379e-02  1.21891210e-02  3.24597508e-02 -2.17385758e-02
 -6.09247796e-02  4.27439809e-02  1.62014570e-02  1.17055893e-01
 -8.09173845e-03 -3.59694794e-04 -6.19129799e-02 -3.28521132e-02
 -5.20734154e-02 -1.23705855e-02 -3.85403335e-02  6.40857546e-03
  2.84209289e-02 -2.26910934e-02 -9.13989637e-03  2.59912849e-05
  4.34932159e-03  7.19926357e-02  2.00486518e-02  1.83490589e-02
 -1.53871523e-02 -4.56637852e-02  2.97774915e-02 -5.76090114e-03
  5.89786842e-03 -5.37047461e-02 -6.01368882e-02 -5.40189333e-02
 -1.01656257e-03  5.57579147e-03 -4.27801386e-02 -6.30865395e-02
  7.09134713e-02 -6.42058328e-02  9.54598188e-02 -5.42029105e-02
  1.37484949e-02 -5.29958345e-02 -1.26014218e-01  3.61258797e-02
 -1.50537983e-01  3.41367051e-02 -6.22433200e-02  2.04510594e-04
 -6.38188049e-02 -5.28377900e-03  2.62747239e-03  7.70872757e-02
 -2.45551094e-02 -3.25596258e-02  4.88616936e-02  3.10927946e-02
 -6.27793930e-03  3.76452431e-02  7.38996118e-02  4.30282913e-02
  8.61517619e-03 -3.16388793e-02  1.38447911e-01  1.63597297e-02
 -3.15885656e-02  9.79707465e-02  5.40967956e-02 -2.57076408e-33
  6.15740269e-02 -1.47241624e-02 -4.68770862e-02  4.80704457e-02
 -4.88361269e-02  2.25810446e-02  1.38279349e-02  3.27103399e-02
 -8.49898010e-02 -7.05680326e-02 -4.00861613e-02  5.05468659e-02
  5.99090848e-03 -4.08543386e-02  4.98792455e-02  1.53386723e-02
 -5.11728227e-02 -1.96404085e-02 -7.10139647e-02 -3.21500413e-02
 -2.60134414e-02  5.74615262e-02  3.98830548e-02  1.77212227e-02
 -7.85246268e-02  1.32259103e-02 -7.51206055e-02  6.00111671e-02
 -2.08155271e-02  7.24121630e-02 -2.39866273e-03  1.08265340e-01
  5.60980439e-02  2.57710665e-02 -1.20590804e-02  3.45522910e-02
 -6.37683924e-03 -4.96856831e-02 -1.51145672e-02  3.61803323e-02
  5.60837016e-02  1.57284755e-02 -2.45935470e-02 -3.60601844e-04
 -2.08872594e-02  1.52712598e-01  1.63897183e-02  1.49912825e-02
  1.47564542e-02 -1.42065091e-02  1.15084916e-01  3.45400833e-02
 -1.84255578e-02 -2.16965321e-02  7.48204067e-02 -1.75174773e-02
 -5.04237972e-02 -1.17935315e-01  1.99736375e-03 -4.62744273e-02
 -6.97637126e-02  8.27530548e-02 -5.01773059e-02  3.65360416e-02
  2.40134038e-02  2.37464178e-02  1.26519818e-02  3.67991887e-02
  9.57961380e-02 -1.01491861e-01 -1.02399299e-02 -8.67685527e-02
  5.88994883e-02  1.59620922e-02 -6.54321536e-02 -6.53719455e-02
 -4.65451591e-02  3.14019434e-02  1.16586424e-02  1.02309234e-01
 -6.60520885e-03  5.10864612e-03  5.28671853e-02 -2.37095505e-02
  4.31125797e-02 -5.24486974e-03 -4.23084907e-02 -3.40115204e-02
 -1.43550886e-02  2.81584635e-02 -6.97873980e-02  6.81129098e-02
 -5.18689081e-02 -5.45028923e-03  5.94467036e-02 -3.56344465e-08
  1.10584088e-01 -6.17719553e-02  1.19975572e-02 -1.13051096e-02
  1.06007643e-02 -3.48966494e-02  2.70010135e-03  7.41144195e-02
 -2.12711631e-03  1.20012119e-01 -6.05151057e-02  8.27928111e-02
  5.94845824e-02  5.13458299e-03  4.97365966e-02  2.90640853e-02
 -4.68981452e-03 -6.04099818e-02 -4.31680642e-02 -6.14624005e-03
  2.30699475e-03 -4.42172326e-02 -2.56085750e-02  7.66103566e-02
  9.08169299e-02 -4.04134244e-02 -1.14364596e-02  2.04934943e-02
  1.28749954e-02 -5.87472925e-03  6.80696126e-03 -4.85191755e-02
 -6.97463825e-02  1.21524990e-01  6.34981394e-02  5.78022487e-02
 -6.06020493e-03 -1.05775081e-01  9.39611420e-02  4.96890862e-03
  2.31396146e-02  5.99439070e-02 -2.13098638e-02  3.61399800e-02
 -4.35720868e-02 -6.01497805e-03 -6.05239235e-02  2.06618216e-02
  7.12421956e-03 -3.75631191e-02 -6.59474134e-02 -1.81503722e-03
  5.33495322e-02  6.96452335e-02 -8.41497108e-02  3.62995150e-03
  7.18335211e-02 -1.24070626e-02  7.33504631e-03 -6.27980568e-03
 -2.93876790e-03  7.37744346e-02  8.97417217e-03 -8.61610994e-02]"
How does climate change affect Onchocerciasis?,"Climate change can influence the distribution and breeding patterns of blackflies, potentially expanding the geographic range of Onchocerciasis or altering transmission dynamics.","Climate change may alter blackfly habitats, potentially expanding or changing Onchocerciasis transmission patterns.","How does climate change affect Onchocerciasis? Climate change can influence the distribution and breeding patterns of blackflies, potentially expanding the geographic range of Onchocerciasis or altering transmission dynamics.","[ 6.35194452e-03  2.82560457e-02  9.29355249e-02  6.05342425e-02
 -3.27881635e-03  2.96618566e-02 -2.68725064e-02 -6.06615767e-02
 -7.24111963e-03 -2.95119616e-03  1.61190294e-02 -9.64097232e-02
 -3.62243280e-02 -7.78981950e-03 -5.81651665e-02  6.19896837e-02
 -5.77813573e-03 -3.26137245e-02 -8.47437307e-02 -2.65277270e-02
  1.02513368e-04  2.53290422e-02 -2.05568392e-02  2.01956425e-02
 -7.12875724e-02 -3.10489591e-02 -1.01024278e-01  2.92613059e-02
 -7.38480985e-02 -3.26558277e-02 -1.08678900e-01  7.62634650e-02
 -4.17826958e-02  4.24471311e-03  1.04207359e-02 -9.38574132e-03
 -1.84498373e-02  9.02835503e-02 -1.17652295e-02  4.71021868e-02
  3.39933597e-02 -1.27891069e-02 -1.83011722e-02  8.66325572e-03
 -8.54035690e-02 -1.99327506e-02  3.16649117e-02  1.16776824e-02
 -2.07697283e-02 -1.77582018e-02 -1.05947601e-02  2.20900998e-02
 -2.72332821e-02  9.18118060e-02 -2.44826023e-02  6.29187524e-02
  3.85420285e-02  5.75658940e-02 -1.75880007e-02 -2.06244062e-03
 -6.00451929e-03  2.05306839e-02 -1.95525289e-02  5.96235180e-03
  5.24756275e-02  1.01366481e-02 -3.63869220e-02  4.00968045e-02
  3.34760286e-02 -7.62640685e-02  8.01702961e-02  1.06165193e-01
  2.42107287e-02 -2.49777380e-02  3.94656286e-02  9.27326828e-03
 -5.81458993e-02  2.99923010e-02  1.31871089e-01 -2.31737681e-02
  8.42598677e-02 -5.32191582e-02  1.79120749e-02 -1.72747131e-02
  4.88077402e-02 -1.03348985e-01  5.66436537e-02  8.34453851e-04
 -2.04293281e-02  6.35884926e-02  2.08450537e-02 -3.50405835e-02
  6.11239672e-03 -1.54687995e-02 -1.53319791e-01  2.04463955e-03
  3.83422226e-02 -6.69201985e-02  6.94873482e-02 -1.76938120e-02
 -2.56960131e-02 -1.09935828e-01  1.70723535e-03 -4.98216180e-03
 -5.67463739e-03 -3.07558142e-02 -4.54908758e-02 -8.71421397e-02
  9.99363256e-04  8.10979865e-03 -2.42287721e-02  3.68839386e-03
  3.30796540e-02  5.81337065e-02 -1.30803194e-02  3.80600058e-03
 -3.20721418e-02  3.35338935e-02 -2.59392578e-02 -2.16657072e-02
  9.07294452e-03 -5.66723291e-03 -1.54739404e-02 -1.11555122e-02
 -8.75904877e-03  3.59570086e-02 -8.78355727e-02  3.59366215e-35
  9.39210579e-02 -6.91062286e-02 -3.65264937e-02  1.87469814e-02
  1.01505481e-01 -4.95167151e-02 -3.87420245e-02  3.44575569e-02
 -4.01991382e-02 -1.40715808e-01  2.60653794e-02  2.72724535e-02
 -2.08372474e-02  8.50643516e-02  6.54338375e-02  7.23135173e-02
  1.98059380e-02 -2.35771872e-02  7.48624355e-02  6.02898300e-02
 -9.63446647e-02 -1.14866253e-02 -3.78822200e-02 -1.63299982e-02
  2.42150147e-02  7.16285605e-04 -3.58306617e-02  2.45511271e-02
 -1.13191791e-01  1.36541165e-02  9.48109627e-02 -8.50012526e-02
 -6.99510574e-02  5.09442901e-03  1.35385439e-01  8.36762190e-02
  5.86701818e-02 -3.41796242e-02 -4.56754379e-02  2.18812879e-02
 -2.81928610e-02 -2.98412517e-02 -3.50788534e-02 -5.24022728e-02
  9.08807367e-02 -2.29235496e-02  2.11829897e-02  2.40530483e-02
  3.10195386e-02  5.13314158e-02 -1.51419574e-02  1.86542049e-02
  1.02683380e-01 -2.74198484e-02  4.87493724e-02  5.55888042e-02
  1.71266366e-02 -6.14275075e-02 -1.70556288e-02 -1.03058666e-01
  1.36390491e-03 -3.19841132e-02  4.09638062e-02 -7.85756856e-02
  1.84386477e-01  1.04790367e-02 -3.99680883e-02  5.45005128e-03
 -1.04283348e-01 -7.34286979e-02 -9.85231949e-04 -5.04125794e-03
 -5.55234477e-02 -1.65221444e-03 -3.53310741e-02  5.51370196e-02
 -5.25961146e-02  1.44145750e-02 -2.62003615e-02  1.92447007e-02
  2.20504566e-03  1.31584741e-02  3.06799561e-02 -5.15296543e-03
 -4.95327674e-02 -1.11263348e-02  1.12443276e-01  3.94404046e-02
  5.32732755e-02 -1.40956389e-02  1.07218020e-01 -1.46126021e-02
  1.86885409e-02  1.42369012e-03  8.10763314e-02 -1.32079978e-33
 -7.34346658e-02 -1.95016433e-02 -3.03998981e-02  2.44742837e-02
 -4.61410433e-02 -3.53813265e-03 -3.85078485e-04  7.44819120e-02
 -4.91801575e-02 -1.10306419e-01 -3.84214446e-02  4.57388349e-02
 -2.74772141e-02 -2.04503238e-02  3.48189399e-02 -1.01280764e-01
 -4.78648487e-03  7.92305097e-02  3.11303921e-02 -4.96040359e-02
 -4.73764502e-02  6.63042627e-03 -3.11839581e-02  2.40106136e-02
 -1.03625789e-01 -3.44582759e-02  3.41659412e-02  5.07066697e-02
 -8.01535882e-03  3.36653031e-02 -3.30086462e-02  7.46095404e-02
 -1.85766127e-02  3.18004563e-02 -2.29389989e-03  1.00048363e-01
 -2.98645142e-02 -7.57450014e-02  2.31939834e-02  2.28625443e-02
  5.40467277e-02 -6.70450032e-02  3.65018100e-02 -9.88165215e-02
  6.46171793e-02  3.73205990e-02 -5.06869657e-03  3.93094346e-02
  2.96068899e-02 -3.50960605e-02  1.22799315e-01  3.10713407e-02
 -3.69977728e-02 -1.79022625e-02  5.93112409e-02 -6.92287609e-02
 -7.65618030e-03 -8.11271667e-02  8.80411267e-03 -1.73375439e-02
 -1.18159942e-01 -1.35225570e-02 -1.94332507e-02  5.59053756e-02
 -2.90045179e-02  1.25987804e-03 -6.25908449e-02  1.26459717e-03
  3.62033993e-02 -1.87581107e-02  3.33762206e-02 -6.82059601e-02
  1.44849345e-02 -1.61320493e-02 -6.15525385e-03 -3.99437584e-02
 -2.28579342e-02  6.25989884e-02  4.13218588e-02  1.02412783e-01
 -2.24478785e-02 -2.15553083e-02  6.10792860e-02 -7.92427082e-03
  3.53019163e-02  1.09440321e-02 -3.78233455e-02 -2.72718407e-02
  1.39640784e-02  3.96964364e-02 -2.88012773e-02  5.26092760e-02
 -5.10754697e-02 -3.90178002e-02 -4.40600514e-03 -2.53597392e-08
  8.34840089e-02 -1.08630466e-03  9.06443894e-02  4.64226417e-02
  6.71088248e-02 -1.53273102e-02  5.70085198e-02  5.66740334e-03
  4.63601537e-02  3.51297967e-02 -2.00801566e-02  4.89006042e-02
  1.32485017e-01  2.63077263e-02  7.20520914e-02  1.26508530e-02
  1.08401127e-01 -6.73684552e-02 -2.65752282e-02  6.72684144e-03
 -1.11936755e-01  9.15291999e-03 -1.34320147e-02  1.90023948e-02
  5.65867573e-02 -6.13710284e-02  1.30112767e-02  4.04168852e-03
  1.90130007e-02  3.51045132e-02 -5.01030311e-02  1.67695340e-04
  4.96063977e-02 -9.08346009e-03  3.49512063e-02 -5.48709556e-02
 -4.98699583e-02 -2.28118943e-03  3.00478768e-02  2.66346429e-02
  2.73488406e-02  8.16994831e-02 -1.71081573e-02  1.37285981e-02
  6.07408257e-03 -5.57583012e-02  2.68913759e-03 -2.39669606e-02
 -7.27408007e-02  2.86849812e-02 -3.02038398e-02  3.65013513e-03
 -3.40837762e-02  6.41662278e-04 -6.98215663e-02 -5.54552451e-02
  4.62094620e-02 -1.30140933e-03  4.79302462e-03  4.63587940e-02
 -1.78652331e-02 -1.61625743e-02 -8.94915238e-02 -2.32326854e-02]"
Is there any resistance to Onchocerciasis treatment?,"There have been some reports of emerging resistance to ivermectin in Onchocerciasis treatment, though it remains relatively rare. Ongoing monitoring and research into alternative treatments are important.","Emerging resistance to ivermectin has been reported, highlighting the need for ongoing monitoring and research.","Is there any resistance to Onchocerciasis treatment? There have been some reports of emerging resistance to ivermectin in Onchocerciasis treatment, though it remains relatively rare. Ongoing monitoring and research into alternative treatments are important.","[-5.96230850e-02 -5.44235669e-02  1.67660266e-02  7.55835697e-02
 -4.13173996e-02 -2.05938984e-02 -1.06833853e-01  1.42895296e-01
 -7.59195397e-03 -2.83857696e-02 -2.61624921e-02 -5.84329553e-02
  1.24841640e-02  1.03842080e-01 -4.24361005e-02 -2.76571745e-03
  4.11721021e-02  3.30028906e-02  3.03407963e-02 -1.86183080e-02
 -1.10774554e-01  8.77930373e-02  4.60456610e-02  5.34574538e-02
 -4.06309180e-02 -6.91383556e-02 -5.10529205e-02 -3.49892415e-02
 -6.89488128e-02 -6.61036074e-02 -5.33539988e-02 -1.67840905e-02
 -3.39547023e-02 -1.45042427e-02  8.34694505e-03 -3.94909531e-02
  2.25647595e-02  4.40507084e-02 -9.08708759e-03  1.05984567e-03
  4.51423563e-02 -6.89581558e-02 -2.13611871e-03 -2.31084786e-02
 -5.56774773e-02 -7.55985826e-02 -7.31512681e-02 -7.70449415e-02
  3.84698063e-02  9.00318027e-02 -2.39994079e-02 -5.68965799e-04
  9.58476588e-02  1.07278958e-01  1.86286010e-02  3.50923203e-02
 -6.12568781e-02  9.38227549e-02  1.22698573e-02  3.61905620e-02
 -8.66956171e-03  6.00585453e-02  5.03597632e-02  2.22309232e-02
 -5.01048826e-02  4.81535308e-02  4.24749963e-02 -2.44552940e-02
  5.61760888e-02 -1.81435270e-03  1.27229542e-01 -3.92396450e-02
  6.45605102e-02  6.42058924e-02  3.82357389e-02  6.05202455e-04
  5.10463156e-02 -5.84377442e-03  1.05489641e-02 -4.42830101e-02
  4.03780490e-03 -1.53932096e-02  5.82457371e-02  3.89886685e-02
 -3.03565580e-02 -1.31250620e-01  1.36925550e-02  2.19910890e-02
  1.62146322e-03  3.20598856e-02  4.40093949e-02 -2.55419910e-02
  9.75376274e-03 -2.13256553e-02  2.46838033e-02 -6.21393956e-02
 -4.34382483e-02 -9.96517539e-02 -1.27698267e-02 -4.79613021e-02
 -3.94140817e-02 -5.66270426e-02  2.51492895e-02 -2.39195302e-02
 -1.24349808e-02 -1.92709528e-02 -9.70225856e-02 -1.46890625e-01
  4.35779803e-02 -1.47780011e-04  6.97997957e-02  3.20169814e-02
  1.03287593e-01  3.47743370e-02  4.29721689e-03  3.43797877e-02
  5.08498326e-02 -3.72934155e-02  2.26777270e-02  4.34521809e-02
  8.64946991e-02 -6.59962520e-02  2.70917937e-02 -1.86085049e-02
 -3.05400807e-02  3.44480723e-02 -3.43970470e-02  8.71635306e-34
  2.04859837e-03 -5.22473045e-02  1.01682907e-02 -1.12797767e-02
 -6.10966124e-02 -6.77758269e-03  4.17850688e-02  5.01868837e-02
 -4.73605841e-02 -2.08333269e-01 -1.05167916e-02  2.06271503e-02
  5.00767026e-03  9.59507450e-02  7.11741764e-03 -5.59713915e-02
  1.70158464e-02 -5.52175455e-02  5.01437532e-03 -2.43036635e-02
 -2.19472009e-03 -3.62035371e-02 -4.48451750e-02  6.36030212e-02
  1.93282738e-02  1.22803142e-02 -2.73563564e-02 -1.09379105e-02
 -4.41324525e-03  4.16227710e-03  4.27210703e-02 -5.74969724e-02
 -5.42637184e-02 -3.14213447e-02  1.20420285e-04  7.60135278e-02
  4.05784622e-02  1.40295411e-02 -5.67079596e-02  3.00403964e-03
 -6.17437698e-02 -1.16169685e-02 -2.15920713e-02 -6.37472421e-02
  9.64033231e-02 -3.91009189e-02 -8.06990638e-02 -7.98103511e-02
 -2.00401936e-02  1.76710282e-02  3.74313840e-03 -4.43134010e-02
 -6.59783632e-02  1.70068312e-02  3.75968181e-02  2.31366940e-02
 -6.13543019e-02 -3.67777713e-04  6.19902164e-02 -1.43660270e-02
  1.89013183e-02  6.54274002e-02 -5.53135499e-02  3.29695968e-03
 -8.06271806e-02 -3.63386236e-02 -5.76215610e-02 -1.23246618e-01
 -1.48811564e-01 -4.62784022e-02 -4.99089882e-02  1.32860681e-02
 -6.62721917e-02 -1.42770261e-02  2.24753302e-02 -6.01511523e-02
 -1.17171668e-02  5.19490689e-02  3.48781459e-02 -1.87782645e-02
  4.10270877e-02  2.43450180e-02  2.46237833e-02  8.87411460e-02
  2.24306453e-02 -1.65800005e-02  3.96017060e-02  1.19819830e-03
  2.09812764e-02 -2.23869812e-02  7.31099173e-02 -6.29297271e-02
 -3.88314389e-02  1.36249270e-02  6.97503313e-02 -3.64975641e-33
  2.93083657e-02 -4.52414118e-02  1.02282554e-01  5.54252826e-02
 -4.35050540e-02  6.59240708e-02  3.54811884e-02  1.16528757e-01
  2.09338889e-02 -1.55662507e-01  4.14449498e-02  3.80233936e-02
 -4.74783505e-04  1.96816809e-02 -1.71389226e-02 -3.79408034e-03
 -8.62801969e-02  1.25613362e-02  2.39723548e-03  3.09585687e-03
  9.56447050e-03  4.62034494e-02 -1.58218201e-02  2.12526899e-02
  2.96032596e-02 -3.61790545e-02  1.14124445e-02 -3.76088684e-03
 -4.56350744e-02  4.86331247e-02 -2.43744645e-02  7.17753023e-02
 -8.98260698e-02 -6.43551573e-02 -1.48906773e-02  7.64607489e-02
  2.42096372e-02 -1.12497248e-02 -8.92315432e-02  3.30671966e-02
  1.96737871e-02 -1.57481972e-02 -1.79122889e-03  9.43096541e-03
 -4.18575853e-02  8.42147097e-02  1.62082836e-02 -4.52258550e-02
  4.87842336e-02  9.07347258e-03  2.89042126e-02  2.44287346e-02
  2.63490230e-02  9.45231877e-03  7.49386474e-02 -8.51639360e-02
 -2.50656307e-02 -5.34818619e-02 -1.02408960e-01  1.59266368e-02
 -3.74107063e-02  4.49644215e-03 -1.11584552e-02 -2.26387102e-02
  1.07884973e-01  7.76404738e-02 -3.12756486e-02  4.56394516e-02
  6.38930574e-02 -9.27757844e-02  8.42816681e-02 -5.82762584e-02
  5.63969240e-02  8.27727187e-03  4.95571271e-02 -9.07356367e-02
 -6.06226660e-02 -4.00272831e-02 -4.78774570e-02 -1.81320719e-02
  7.68665522e-02 -3.28227617e-02  7.95450136e-02 -8.65016729e-02
  5.66363595e-02  2.29396354e-02 -1.79000944e-02  4.96048592e-02
 -2.54131742e-02  5.26732802e-02 -4.56976630e-02  1.04548028e-02
 -3.19544412e-02 -7.06718164e-03  9.21104848e-02 -3.20920499e-08
  7.20130056e-02 -3.65356840e-02  7.68072456e-02 -3.40730604e-03
  4.55476381e-02 -6.87464029e-02  2.75409799e-02  3.51742888e-03
 -6.23846613e-02  5.23549616e-02 -3.83702628e-02  7.12017938e-02
  7.21460432e-02  4.58522104e-02 -1.93821844e-02  1.73224919e-02
  8.91344845e-02 -1.51904076e-02 -1.79238748e-02  8.19920097e-03
 -5.56183383e-02  1.35878883e-02  7.34390458e-03 -3.09590753e-02
  1.21742627e-02  1.31452484e-02  3.16861272e-02 -1.28283035e-02
 -2.74517015e-03 -6.31607398e-02 -4.32442836e-02 -1.59607397e-03
 -2.00144034e-02 -1.09896772e-02 -8.13382305e-03 -4.18819999e-03
  4.19408493e-02  1.63598731e-02 -7.99987931e-03 -2.27588173e-02
 -2.72118822e-02 -5.33458032e-03  2.69268695e-02  4.47514020e-02
  3.47362994e-03 -1.09408004e-02 -2.44868342e-02 -7.52575602e-03
  7.59338588e-03 -8.90492722e-02 -1.12948092e-02  2.22628284e-02
  2.71107275e-02  6.16437150e-03 -4.63786945e-02  2.95626614e-02
  3.80200855e-02  1.81931201e-02 -1.42351743e-02 -3.76190469e-02
 -4.72049369e-03 -9.59097967e-02  8.03215578e-02  2.63232663e-02]"
Can Onchocerciasis reoccur after treatment?,"After treatment with ivermectin, the risk of reinfection exists if individuals continue to be exposed to infected blackflies. Regular treatment is necessary in endemic areas.","Reinfection is possible in endemic areas; hence, regular treatment with ivermectin is necessary.","Can Onchocerciasis reoccur after treatment? After treatment with ivermectin, the risk of reinfection exists if individuals continue to be exposed to infected blackflies. Regular treatment is necessary in endemic areas.","[-5.85969016e-02 -3.00541222e-02  8.69631860e-03  7.82962218e-02
 -5.09044230e-02  2.28007883e-02  2.47205626e-02  4.39412743e-02
 -7.07831681e-02 -3.96859460e-02  6.14299588e-02  1.27772484e-02
  4.80130868e-04  7.53587708e-02 -1.23467229e-01  5.80701642e-02
  4.28973846e-02  6.82795327e-03 -4.14005332e-02  1.08225336e-02
 -6.08566776e-02  7.32790977e-02 -3.29659469e-02 -5.33533702e-03
 -5.15194833e-02 -2.54251603e-02 -7.38352314e-02 -6.11150544e-03
 -1.38392085e-02 -7.16679469e-02 -3.49532180e-02  2.64622364e-03
 -5.26002795e-02 -5.13557978e-02  3.21850926e-02  3.64937820e-02
 -5.75596094e-02  1.37658054e-02 -3.75609323e-02  1.17357243e-02
  5.22829778e-03 -4.39814776e-02 -6.45773113e-02  5.72516676e-03
 -4.72160615e-02 -7.18054250e-02 -3.40863802e-02 -6.46542152e-03
  5.91474213e-02  2.12770421e-02  5.01947217e-02  4.29315958e-03
 -9.93191730e-03  1.51880562e-01  4.70460765e-02  8.53991657e-02
 -2.49212254e-02  4.61187139e-02 -1.47434566e-02 -1.57950018e-02
 -1.32196452e-02  5.54175153e-02  6.90207854e-02  1.57825220e-02
  6.96574920e-04 -8.40771105e-03 -2.63630468e-02 -4.28995602e-02
  5.68488054e-02  2.11462639e-02  1.55333415e-01 -7.26434216e-03
  3.17777395e-02 -1.29347127e-02  2.85893958e-02  5.34269176e-02
 -2.32342631e-02 -4.30468135e-02  3.75899822e-02  2.86598951e-02
  5.63071109e-02 -4.06611301e-02  6.20328411e-02 -1.91285070e-02
  2.91790366e-02 -1.17428765e-01  1.27252452e-02 -3.87618989e-02
  1.70966722e-02  1.05046898e-01  6.08752333e-02  1.81177612e-02
  4.74392064e-03 -3.18750925e-02 -9.34643298e-03 -7.66745955e-02
 -1.29328463e-02 -7.71293789e-02  3.91134620e-02  1.77125800e-02
 -9.20326114e-02 -1.35529041e-01  2.69567681e-04  1.58328214e-04
 -5.41344397e-02 -2.25968845e-03 -4.95049059e-02 -8.88245776e-02
  6.07978478e-02  1.12543888e-02  1.55347381e-02  2.34205015e-02
  1.05084121e-01  4.85212691e-02  3.08430102e-03  1.81236174e-02
 -6.08187809e-04 -1.62870530e-02  1.37384441e-02 -4.02350351e-02
  6.98189735e-02 -5.47614805e-02  7.11111128e-02 -9.03760344e-02
  3.53851765e-02  1.84856984e-03 -2.18084045e-02  1.15660774e-33
  2.73101125e-03 -7.16765299e-02 -5.00339642e-02 -2.18552258e-02
 -2.20192922e-03  7.52383657e-03 -8.13567732e-03  7.63650239e-02
 -1.98972318e-02 -2.14248881e-01  2.52372641e-02 -3.58490869e-02
 -1.20130247e-02  1.08461261e-01  4.08526743e-03  3.81733887e-02
  6.86346367e-02 -4.58291033e-03  1.97493918e-02 -3.64260701e-03
 -1.93631332e-02 -3.18361819e-02 -6.01381212e-02 -2.31967587e-02
  1.69668011e-02  4.68373671e-02 -3.83124128e-02  2.39583086e-02
 -3.43962610e-02  1.73150450e-02  1.11908555e-01  2.88693663e-02
 -8.23807940e-02 -2.20679287e-02 -2.29004235e-03  1.49522543e-01
  9.61008593e-02  2.61670928e-02 -6.83873966e-02 -6.15101755e-02
  1.18656522e-02  2.42721140e-02 -4.78797294e-02 -2.89703105e-02
  9.94397476e-02 -9.38890725e-02 -8.55033249e-02 -1.41446488e-02
 -2.92917341e-02  8.95669777e-03  4.62447032e-02 -1.75696611e-02
 -4.83404566e-03 -3.00032999e-02  2.87708174e-02  7.32278675e-02
 -4.38011475e-02  2.40004752e-02  6.48778817e-03 -4.53268588e-02
  3.02555040e-03  4.72466163e-02 -9.72588640e-03 -1.11951455e-02
  4.67342958e-02 -5.61144622e-03  5.99765219e-03 -7.75474906e-02
 -1.33837685e-01 -1.09261736e-01 -6.00058362e-02  5.59259616e-02
 -6.36445582e-02 -7.19126733e-03 -5.10572866e-02 -2.80962698e-02
 -4.04776447e-02  3.36223505e-02  7.08654616e-03 -3.18338946e-02
  7.18909726e-02 -5.68706430e-02  1.54279834e-02  6.92445189e-02
  5.32898260e-03 -9.89398733e-03  6.33174106e-02  1.73084754e-02
  2.24523786e-02 -1.53592916e-03  1.12026036e-01 -1.19739836e-02
 -2.72162408e-02  9.05259233e-03  3.23166102e-02 -3.71068926e-33
  6.05830923e-03 -1.48808574e-02  2.77061779e-02  2.73277722e-02
 -5.58323450e-02  4.92545813e-02  6.90558460e-03  1.36250004e-01
 -4.90987152e-02 -1.65334404e-01 -7.90899470e-02  3.81291658e-02
  5.52228056e-02  2.49859672e-02 -7.07141776e-03  3.35643091e-03
 -1.03528976e-01  4.01968956e-02 -4.31240499e-02 -1.47786997e-02
 -3.44782434e-02  8.17808975e-03  3.86283360e-02 -1.97716486e-02
 -1.46141024e-02 -2.28374880e-02 -3.17167811e-04  2.66636871e-02
 -4.30579223e-02  3.00397370e-02  1.36373676e-02 -9.07034241e-03
 -3.05083524e-02 -2.09688935e-02  8.74545239e-03  5.42180054e-02
  3.26213241e-02 -1.09365448e-01 -6.10925432e-04  4.40897346e-02
  9.91306677e-02 -1.47752687e-02 -5.25296293e-02 -1.35880280e-02
  1.55867105e-02  6.16314597e-02  7.34844059e-03  3.70620601e-02
  7.81202763e-02 -4.89238650e-02  1.18520362e-02  1.45860026e-02
 -1.90875120e-02 -1.49548594e-02  2.06414573e-02 -6.39838502e-02
  2.38155760e-02 -9.39259231e-02 -4.62484211e-02 -8.50057602e-03
 -3.54983136e-02 -4.28375639e-02 -3.65689285e-02  4.02775481e-02
  5.17049022e-02  5.83675578e-02 -1.48317041e-02  3.94976176e-02
  3.56632695e-02 -1.41080320e-01  4.38249521e-02 -5.50736450e-02
 -2.61195023e-02 -8.38571810e-04  2.32309010e-02 -1.19588390e-01
 -3.28738429e-02  3.53494696e-02  2.54078731e-02  3.35786901e-02
 -3.52306589e-02 -3.61639149e-02  9.02458802e-02 -5.62770851e-02
  8.04218575e-02  3.20558692e-03  8.37091764e-04 -2.10508872e-02
  6.61896076e-03 -2.05867104e-02 -3.23907509e-02  1.86672043e-02
 -6.52011158e-03 -4.05448824e-02  3.67412926e-03 -3.13083319e-08
  9.68879759e-02 -3.92788984e-02  8.00644159e-02  1.66003965e-02
  7.99840093e-02 -5.51078282e-02 -1.51320687e-03  1.24195004e-02
  1.05079031e-02  4.48238477e-02 -4.17579971e-02  6.03425391e-02
  6.73081279e-02 -7.28272367e-03  1.81296878e-02  2.29825657e-02
  7.93762654e-02 -4.26963419e-02 -1.65906567e-02  7.18182232e-03
 -1.06411941e-01  1.07389716e-02  4.51275073e-02  1.52608557e-02
  6.13119104e-04 -1.77107807e-02  5.13157137e-02 -1.03839934e-02
 -3.60374786e-02  3.73313553e-03 -7.59116337e-02  2.90271658e-02
  4.31050137e-02  2.69046463e-02 -2.11622044e-02 -8.31188932e-02
  4.37942110e-02 -1.21993450e-02  8.49319845e-02 -5.91230430e-02
 -1.31495704e-03  8.19960237e-02  3.85671668e-02 -1.59591269e-02
 -4.13229736e-03 -9.90958214e-02  1.08394539e-02 -2.77288761e-02
  1.11583825e-02 -6.10412508e-02 -4.06816863e-02  2.48172022e-02
 -2.71187704e-02 -9.73214209e-03 -2.34234724e-02 -2.50802245e-02
  7.11779371e-02  3.56629305e-02 -5.33431023e-02 -3.25804539e-02
 -9.58113279e-03 -1.89520810e-02 -9.19405895e-04 -3.89137864e-02]"
What are the challenges in Onchocerciasis control?,"Challenges include logistical difficulties in delivering ivermectin to remote areas, the need for sustained treatment efforts over many years, blackfly control, and community education and participation in treatment programs.","Logistical challenges in drug delivery, need for sustained efforts, blackfly control, and community participation are key challenges in control.","What are the challenges in Onchocerciasis control? Challenges include logistical difficulties in delivering ivermectin to remote areas, the need for sustained treatment efforts over many years, blackfly control, and community education and participation in treatment programs.","[-1.23041309e-02 -1.04804328e-02  3.66076939e-02  6.44750968e-02
 -2.65628155e-02  5.96988536e-02 -6.07660525e-02  9.33604315e-02
 -7.79006630e-02 -3.98910744e-03 -1.29517633e-02 -8.71019512e-02
 -2.85511427e-02  7.37760514e-02 -1.04265548e-01  3.22792195e-02
  3.04020382e-02 -4.24152054e-02 -5.45345247e-02 -2.71345135e-02
 -9.90351383e-03  9.56474617e-02  9.25019290e-03  2.51682978e-02
 -1.05875626e-01 -3.41997519e-02 -3.31698619e-02 -8.81101936e-02
 -7.22396933e-03 -9.12816450e-02 -1.56987142e-02 -1.86890122e-02
 -1.98377427e-02 -3.63698117e-02  3.75800468e-02  1.57430731e-02
  1.08848838e-02  4.97314110e-02  6.94337417e-04 -1.98450349e-02
  4.21243347e-03 -1.14364497e-01 -3.63176130e-02 -3.98279913e-03
 -8.67807493e-02 -7.79334903e-02 -2.48190165e-02 -4.73459214e-02
  1.05068116e-02  2.27995124e-03 -3.96588184e-02 -5.20555265e-02
  5.12143597e-02  5.26314080e-02 -2.12253798e-02 -1.03961099e-02
 -5.14035439e-03  5.30636236e-02 -3.41456458e-02 -7.12926267e-03
  2.68104300e-03  8.34090170e-03 -1.50001887e-02  2.59069372e-02
  2.56106840e-03  9.26940423e-03  6.54179789e-03 -1.84272043e-02
  1.45073934e-02 -1.53770186e-02  6.22200817e-02 -1.89810004e-02
  4.47691828e-02  6.49114400e-02  7.61697441e-02  1.54402554e-02
  9.66015365e-03 -8.81517027e-03  8.63821283e-02 -2.00670902e-02
  1.28322423e-01 -6.01420142e-02  1.47551578e-02  6.01753704e-02
  2.61114798e-02 -9.37861800e-02 -1.03475805e-02  1.70926396e-02
  6.26508296e-02  6.73161149e-02  3.34441587e-02 -2.41151731e-02
  5.30203283e-02 -4.80240919e-02  5.48942015e-02 -2.27602106e-02
  2.52373517e-03 -8.03666711e-02  4.60860506e-02 -9.71145090e-03
 -5.23523688e-02 -9.38207284e-02  6.23121113e-02  9.60142072e-03
 -1.78312510e-02 -2.83615161e-02 -4.45816070e-02 -1.46320000e-01
  5.11278845e-02 -1.88735779e-02  4.27612886e-02  4.35181614e-03
  1.31219804e-01  1.81641057e-02  2.56055444e-02  4.50453423e-02
  1.75601449e-02 -4.86766137e-02  3.64632644e-02  5.92271378e-03
  1.83630865e-02 -8.83241966e-02  1.73549335e-02 -6.41086400e-02
  5.95298270e-03  5.14532328e-02 -9.13338810e-02  1.50703950e-33
  4.32047620e-02 -5.02210557e-02 -8.15673992e-02  3.47723998e-02
 -1.92306861e-02 -3.21873114e-03 -3.05884108e-02  7.01285824e-02
 -6.98650926e-02 -1.32281408e-01  3.69375385e-02 -4.68145162e-02
 -4.74376557e-03  7.63635188e-02  6.91576898e-02 -1.11522309e-01
  7.92670355e-04 -9.96216573e-03  1.52834840e-02  3.96243148e-02
 -1.22020459e-02 -1.13375731e-01 -3.55923660e-02  1.52391810e-02
  1.90258622e-02  2.12883856e-02 -2.80803244e-04 -1.32661229e-02
  1.80446729e-02 -6.34423969e-03  5.13597503e-02 -4.51900847e-02
 -6.15535900e-02 -1.37364911e-02  3.54177579e-02  1.47579804e-01
  8.06835443e-02 -3.28112170e-02 -5.02965078e-02  3.57265677e-03
 -9.11656097e-02  3.91054666e-03 -1.07077267e-02 -1.00727389e-02
  1.21309847e-01 -6.33339910e-03  8.98409821e-03 -8.73320028e-02
 -1.04946598e-01  5.26269227e-02 -2.91473009e-02  5.66296326e-03
 -1.15641300e-02 -6.88296482e-02  8.87778625e-02  5.41648492e-02
 -5.88898361e-02 -4.57445160e-02 -5.94566669e-03 -2.52039675e-02
  4.89071570e-02 -1.14074606e-03 -9.04370472e-03 -2.73820888e-02
  7.36693293e-02 -6.40211813e-03 -5.27834594e-02 -6.59560487e-02
 -6.12578094e-02 -5.37917055e-02 -8.99945945e-02 -1.14359651e-02
 -5.23143560e-02 -5.13317846e-02  2.11391579e-02 -1.20364893e-02
 -3.12013756e-02  4.60652933e-02  2.01606378e-03 -4.46291491e-02
  5.91419004e-02  1.05837407e-02  5.86424069e-03  9.53481421e-02
  2.18974035e-02 -3.82039286e-02  4.47251387e-02  5.36413677e-02
 -4.94384393e-02 -1.61950924e-02  6.23970702e-02 -2.09907982e-02
 -2.07787380e-02  7.11752474e-02  1.17706299e-01 -2.34115275e-33
 -1.50885421e-03 -2.11835802e-02 -8.17752071e-03  2.24275682e-02
  2.56389529e-02  4.79271561e-02  3.37330960e-02  7.67908394e-02
 -1.04447477e-03 -1.41238496e-01 -5.73503710e-02  3.84268686e-02
  1.70199610e-02  5.21830143e-03 -4.75150384e-02 -7.41330534e-02
 -8.48337412e-02  4.15096171e-02  4.23812792e-02 -9.71953385e-03
 -4.15490195e-02  8.00257251e-02 -6.85756505e-02  5.06626368e-02
 -2.26093102e-02  2.98501458e-02 -7.22550824e-02 -1.59177519e-02
 -1.24179870e-02  5.32690696e-02 -5.12709171e-02  6.05448410e-02
 -3.80289927e-02  3.74012114e-03 -5.20176180e-02  7.89592415e-02
 -2.33795941e-02 -1.20404335e-02 -2.56729145e-02 -1.62911080e-02
  1.01167515e-01 -3.87310162e-02 -3.27433832e-02 -1.87459483e-03
  1.61763709e-02  1.05514862e-01  1.08193168e-02  3.69371264e-03
  3.58470790e-02  1.82524212e-02  2.10328922e-02  1.05523656e-03
 -3.60939698e-03 -1.25063853e-02  7.17597157e-02 -7.50718340e-02
 -1.52114965e-02 -1.40451550e-01 -7.46902823e-03 -2.67947419e-03
 -5.29306158e-02  1.68992039e-02 -2.37733033e-02  7.45920464e-02
  6.04293086e-02  4.07929011e-02  1.56548657e-02  8.54735821e-02
  2.91070174e-02 -4.53488342e-02  1.98827889e-02 -6.05215766e-02
  4.74077240e-02  1.21076498e-03  6.75091520e-02 -7.37470910e-02
 -9.04551074e-02  2.37434562e-02  1.46863936e-03  3.57340761e-02
  5.45723066e-02 -4.61720042e-02  7.38243014e-02 -3.50614339e-02
  4.32591662e-02  7.48584941e-02  1.04429573e-02  1.76193230e-02
  4.58730906e-02  1.00307455e-02 -8.18212852e-02  3.53513286e-02
 -5.41734137e-02  1.50440792e-02  6.06727041e-02 -3.50800846e-08
  1.16849966e-01 -4.67682593e-02  4.10371870e-02 -4.23640646e-02
  4.45990339e-02  1.66279555e-03  2.62490008e-02 -1.29897268e-02
 -1.76514534e-03  1.44012600e-01 -6.68937638e-02  7.04938993e-02
  5.09562343e-02  4.37257402e-02  2.31446270e-02  3.52812633e-02
  5.17781973e-02  5.61438538e-02 -1.89277027e-02 -4.33480879e-03
 -6.59881905e-02  2.73013022e-03 -2.56856065e-02  6.39931438e-03
  2.68882103e-02 -8.27015005e-03  8.89257528e-03  1.94451176e-02
  2.44376138e-02  5.42991348e-02 -2.63881050e-02  2.24597082e-02
  1.26026932e-03  6.36520237e-02 -7.41444528e-02 -2.68540401e-02
 -7.50698522e-02  6.72272500e-03  4.49700020e-02 -4.04556356e-02
 -3.71325910e-02  1.16745152e-01  2.09427718e-02 -1.13947215e-02
 -4.16204296e-02  1.47265964e-03 -6.90694526e-02  5.71807064e-02
 -2.76223570e-02 -3.77478451e-02 -2.61682123e-02  8.77053663e-03
  5.12514859e-02  5.98764718e-02 -8.97139590e-03  2.67439298e-02
  7.25048333e-02  6.13687932e-03 -3.66592743e-02  4.74267080e-03
  1.63814574e-02 -6.33383228e-04 -5.41305244e-02 -1.54465605e-02]"
What is Typhoid Fever?,Typhoid Fever is a bacterial infection caused by Salmonella typhi. It is typically spread through contaminated food and water and is more prevalent in areas with poor sanitation and lack of clean water.,"Typhoid Fever is a bacterial infection caused by Salmonella typhi, often spread through contaminated food and water.",What is Typhoid Fever? Typhoid Fever is a bacterial infection caused by Salmonella typhi. It is typically spread through contaminated food and water and is more prevalent in areas with poor sanitation and lack of clean water.,"[ 5.56152575e-02  3.52695882e-02  9.34786499e-02 -3.29495035e-02
 -1.18771978e-02 -1.74165387e-02  1.22845791e-01  7.80507028e-02
  2.27891989e-02  3.49744000e-02 -5.30935405e-03 -1.29861999e-02
  8.74706209e-02  7.86224455e-02 -1.19683128e-02 -5.96095473e-02
 -1.88383367e-02 -6.93412274e-02 -2.02278141e-02 -4.67957892e-02
 -3.98290791e-02  4.27458808e-02  2.23372933e-02 -7.11500049e-02
 -2.75485925e-02  1.61546879e-02  6.09077886e-02 -2.53263563e-02
 -2.56864652e-02  3.77969965e-02 -7.90136233e-02  1.97559875e-02
  9.43894964e-03 -8.34557787e-03  1.31473655e-03  2.31085643e-02
  1.09428857e-02 -1.24440761e-03  2.22653430e-02  4.27171066e-02
 -1.49744963e-02  9.73392930e-03  2.72388719e-02  5.13155712e-03
 -1.25274118e-02  7.03468099e-02 -2.95530967e-02  7.12469146e-02
  4.00725044e-02  1.61502901e-02 -1.62735414e-02 -3.15317772e-02
  1.17436469e-01  1.20554827e-02 -1.67031027e-02 -1.72390733e-02
 -1.24421371e-02 -9.20709297e-02 -9.05022770e-02 -5.47125153e-02
 -3.11863963e-02 -4.32936922e-02  7.97228441e-02 -5.66636622e-02
 -2.20608842e-02 -4.47549969e-02  1.61185488e-02  6.53247163e-02
  7.11407289e-02 -4.25540432e-02  3.09135858e-02  7.17251226e-02
 -1.44861769e-02  3.52632068e-02 -3.61152589e-02 -4.99123195e-03
  5.33402041e-02 -1.01012170e-01  5.40320054e-02  5.00329100e-02
  1.76414624e-02  4.90027480e-03  7.68147483e-02  4.53740917e-03
  2.70058010e-02 -5.81493042e-02  5.90422191e-02  1.96159426e-02
  2.71406975e-02  9.19481069e-02 -3.63833308e-02 -4.76300195e-02
  6.90125450e-02 -4.40928675e-02  1.21675488e-02 -2.02003643e-02
 -1.74543019e-02 -5.74456565e-02  1.24552241e-02  5.37690765e-04
 -8.81270096e-02 -9.35908705e-02  2.05891207e-02  4.64663692e-02
  6.23176545e-02 -2.46211737e-02  3.30378674e-02 -4.32201587e-02
  1.35545926e-02 -8.14342946e-02  1.02463989e-02  2.85211056e-02
  7.60042071e-02 -4.76696789e-02 -1.41562913e-02 -2.67871618e-02
  4.28614952e-02 -3.81955691e-02 -6.00061901e-02  2.88218372e-02
 -3.23047303e-02 -6.58574328e-02 -5.94413951e-02  1.53545020e-02
 -4.79950744e-04 -2.89383996e-02  5.01073012e-03  1.75636121e-33
  2.76496373e-02  4.97207828e-02 -1.37699209e-02 -2.23415792e-02
  8.25300962e-02 -2.69423276e-02  6.05709245e-03 -1.21205943e-02
 -2.30935384e-02 -4.76169214e-02  5.56109054e-03 -8.21059421e-02
  1.24854594e-02  2.48091482e-02  1.31319435e-02  4.83502485e-02
 -4.47300039e-02  7.20229149e-02 -1.58803631e-02  2.01393254e-02
  1.50801102e-02  1.78401191e-02  4.37920280e-02 -6.67351410e-02
 -6.41411692e-02  1.72850583e-02 -4.70165797e-02  7.61500606e-03
  6.94435760e-02 -2.34725513e-02  2.81942282e-02  3.72074284e-02
  9.80545068e-04  6.78971559e-02  5.07388636e-02 -3.08250692e-02
 -4.14144946e-03  2.51999088e-02 -2.80937757e-02 -3.37749571e-02
 -8.28978419e-02  7.49585498e-03 -1.38596846e-02  4.45300527e-02
  2.71552578e-02 -3.45699377e-02 -2.23775581e-02 -3.47939432e-02
  1.37140555e-02 -1.78272603e-03  2.57610288e-02  1.14289150e-02
  2.16820724e-02 -6.68868050e-02  1.85165107e-02 -9.60964635e-02
  9.57314000e-02  1.09529346e-02  7.74032110e-03  3.79561484e-02
  1.98011473e-03  3.10386512e-02 -4.98363003e-02  6.89787464e-03
  1.77650098e-02 -8.86305347e-02  3.83983105e-02 -3.59864421e-02
 -4.12762212e-03 -5.70308045e-03  6.45171329e-02 -3.21016237e-02
 -6.63519427e-02  5.93781136e-02 -5.58376387e-02  1.48866046e-02
 -8.84409808e-03 -1.15603536e-01  2.06062533e-02 -9.29074883e-02
 -9.36210677e-02 -6.81595802e-02  1.22822218e-01 -1.93475187e-02
 -7.73290098e-02  8.86587873e-02 -3.37184146e-02 -9.97799914e-03
 -2.98521481e-03  2.05328949e-02  6.40633181e-02  1.56298839e-02
 -5.21365926e-02  5.67477681e-02 -1.77141223e-02 -2.22728666e-33
 -1.42635852e-02  1.75037645e-02 -1.27802104e-01 -9.67699215e-02
 -2.96026990e-02  8.20546504e-03  2.27184407e-02  5.12016788e-02
  7.13228360e-02  2.21644379e-02  1.98791083e-02 -7.26720318e-02
 -3.25861610e-02  1.09053925e-02 -3.32308747e-02 -5.75788543e-02
  1.02684945e-01  8.21942165e-02 -7.64011517e-02 -2.51138881e-02
 -5.61202206e-02  1.41042154e-04  1.11606130e-02 -2.40142224e-03
 -3.46507058e-02  6.24060445e-02 -3.18104662e-02  8.28757361e-02
 -1.09613955e-01  3.38470191e-02 -1.26451161e-02  6.02901392e-02
  8.46195519e-02 -4.02793624e-02  6.79198951e-02  4.49336506e-02
  2.01574117e-02 -3.44111770e-02  7.40692765e-02 -3.95763479e-02
  4.38178238e-03 -4.62767333e-02  7.99944997e-02  2.48887893e-02
  1.36933224e-02  9.15648863e-02 -3.30960564e-02  3.68516892e-02
  4.72973958e-02  2.35319715e-02 -3.67310480e-03 -5.38734272e-02
  6.98169395e-02 -4.85686474e-02 -6.03178144e-02 -5.25982901e-02
 -1.08589940e-01 -4.37967442e-02 -4.48917970e-02 -5.29374229e-03
  8.80659819e-02 -6.44121543e-02  3.36952507e-02  7.76240528e-02
 -5.01931794e-02 -7.82764331e-03  8.69192462e-03  2.41646748e-02
  8.38618949e-02 -6.50444301e-03 -9.17602852e-02  7.86676332e-02
 -6.38626795e-03  1.86695270e-02 -2.68838601e-03 -9.54744890e-02
 -6.82197139e-02  3.03035863e-02  1.43462643e-01 -6.40152022e-02
  2.28946991e-02  2.99248267e-02 -2.24221926e-02 -2.08718162e-02
 -2.10170690e-02 -3.68837081e-02  1.59416664e-02  1.25720650e-02
 -5.18123386e-03  2.32868306e-02 -3.89759578e-02  5.63130341e-03
 -6.53218925e-02  4.27737534e-02  1.75086420e-03 -3.02013596e-08
  1.48844957e-01 -4.70594056e-02 -2.64072325e-02  9.74576268e-03
 -1.00390315e-02 -1.82870645e-02 -6.51287511e-02  2.19533909e-02
  1.87309831e-01 -3.46395783e-02 -8.33308175e-02  1.21130258e-01
 -1.94289200e-02 -9.41309184e-02 -4.57098819e-02 -1.61978267e-02
 -4.81595024e-02 -7.53467605e-02 -2.28827912e-02 -1.14132620e-01
  2.72155758e-02 -6.29692227e-02  6.54091910e-02 -1.39159113e-02
  6.48239851e-02  2.87027974e-02 -5.53669175e-03  3.73816263e-04
  8.53397511e-03 -8.69244039e-02 -4.46090475e-02 -2.20745895e-02
 -9.57227349e-02  4.01357822e-02  6.27552271e-02  6.57608509e-02
 -1.98139288e-02  1.13481916e-02  1.88591089e-02 -3.95260751e-02
  5.21298833e-02  5.47942482e-02 -1.75024960e-02 -2.45565604e-02
 -2.46621650e-02 -3.25589115e-03 -7.22318068e-02  3.96507047e-03
  7.61408955e-02 -6.55253977e-02  3.62548977e-02 -3.36107379e-03
  3.20083611e-02  7.43909553e-02 -1.21532947e-01  1.37183424e-02
  2.96631791e-02  7.82062300e-03 -2.82211360e-02  7.90070090e-03
  6.71594962e-03  3.46891396e-02  1.96819231e-02  2.73257401e-02]"
How is Typhoid Fever transmitted?,Typhoid is transmitted through the ingestion of food or water contaminated with the feces of an infected person. It can also spread through close contact with an infected individual.,Typhoid spreads through contaminated food or water and close contact with infected individuals.,How is Typhoid Fever transmitted? Typhoid is transmitted through the ingestion of food or water contaminated with the feces of an infected person. It can also spread through close contact with an infected individual.,"[ 9.41368788e-02  3.13826501e-02  5.27093522e-02 -4.83015291e-02
 -2.28539258e-02  1.73610859e-02  1.36981443e-01  8.14486966e-02
 -4.48282203e-03  1.67990495e-02 -1.49294278e-02 -1.63321719e-02
  1.13854334e-01  5.67028783e-02 -6.26677424e-02 -7.66140893e-02
  3.16636339e-02 -6.51152944e-03 -5.28292581e-02 -6.47646338e-02
  6.56983163e-03  4.23929729e-02  2.69157644e-02 -7.15639964e-02
  1.10484567e-02  7.78692029e-03  4.00666110e-02 -5.53041324e-02
 -1.12059768e-02  5.32366559e-02 -8.73954445e-02  1.60227008e-02
 -4.46673557e-02  4.03145626e-02 -7.71682560e-02 -1.56933889e-02
  3.54448408e-02 -3.61570641e-02  2.29759794e-02  8.68824683e-03
  2.16609351e-02 -6.78169057e-02 -6.84753479e-03 -4.87396028e-03
 -4.18766961e-03  4.46559861e-02 -1.20414216e-02  5.67411035e-02
 -2.33346447e-02  6.31021801e-03 -4.28152606e-02 -1.40834069e-02
  8.98085758e-02  9.33405980e-02 -7.19833747e-02  2.38507986e-02
  4.99651916e-02 -4.23228405e-02 -8.05398822e-02  9.70359147e-03
 -4.72325161e-02 -1.71895567e-02  2.76317988e-02 -5.12016788e-02
 -2.79800426e-02 -6.42922744e-02 -2.46959645e-02  8.66788998e-02
  6.46435991e-02 -5.30414172e-02  1.92600079e-02  5.58796041e-02
 -2.48448155e-03 -3.21810432e-02 -1.25586968e-02 -4.26512770e-02
  8.52020383e-02 -3.50786895e-02  1.26879159e-02  8.23706910e-02
  1.12438882e-02  1.08310515e-02  1.28840297e-01 -2.64754221e-02
 -3.78923770e-03  1.43045904e-02  5.23380227e-02  3.59074920e-02
 -2.95567401e-02  9.81069282e-02 -3.33960205e-02 -3.37564871e-02
  4.95507307e-02 -3.83192822e-02 -3.96855511e-02 -3.04654390e-02
 -1.84052009e-02 -6.74738064e-02  6.05864935e-02  1.19909691e-02
 -1.02956116e-01 -8.21952298e-02 -6.45244494e-03 -3.60806938e-04
  4.27598916e-02  1.03225270e-02 -8.37382022e-03 -8.04512128e-02
 -1.55313658e-02 -3.44030857e-02  1.80635955e-02  2.03663670e-02
  5.82371429e-02 -2.62919571e-02 -1.11373430e-02  1.44108599e-02
 -3.76627482e-02 -3.34615856e-02 -1.34809436e-02 -3.48711037e-03
  4.08452470e-03 -2.08298787e-02 -3.11669018e-02  4.45761047e-02
  8.67049694e-02 -4.08152379e-02  8.17015767e-02  1.14337787e-34
  1.10238306e-02  7.11524934e-02  3.77373733e-02  1.63076986e-02
 -9.40120500e-03  3.12674008e-02 -3.74653260e-03  8.43382161e-03
  5.94985709e-02 -1.30898450e-02 -1.84279829e-02 -6.86308742e-02
 -9.10233893e-03  5.48637770e-02  4.52436460e-03  2.22624019e-02
 -3.68587784e-02  3.77859771e-02 -2.62844339e-02  8.17199796e-02
  4.17190455e-02  9.19963047e-03 -1.16178682e-02 -1.01081237e-01
 -2.96744592e-02  1.42690856e-02 -1.07275538e-01 -1.96202714e-02
  6.33992702e-02 -1.00519480e-02 -3.74901574e-03  2.06169300e-02
  2.57523004e-02  6.91945776e-02 -1.37135917e-02 -4.12938930e-03
  2.33448367e-03 -1.41011905e-02 -2.11804863e-02 -5.03221527e-02
 -3.26234512e-02 -2.14749221e-02  2.34153923e-02  5.97128086e-02
  5.14363572e-02 -3.13014090e-02 -1.75044555e-02 -4.46220227e-02
  3.06936391e-02 -2.24415548e-02  5.70215993e-02 -8.12072009e-02
 -6.99994387e-04 -9.79879498e-02  5.76908980e-03 -6.39408156e-02
  4.38971780e-02 -1.74155347e-02  2.19740886e-02  1.08795047e-01
 -8.85929260e-03  1.86736360e-02  2.91362703e-02 -3.95065434e-02
  2.45202240e-02 -6.82880133e-02  8.14362802e-03 -5.78584783e-02
 -6.72080740e-03 -2.29493901e-02 -7.88800512e-03 -4.24736040e-03
 -3.40058915e-02  6.45333230e-02 -3.25194597e-02  2.22479142e-02
 -6.62521599e-03 -1.26947761e-01  6.25991672e-02 -3.67337242e-02
 -1.02867052e-01 -4.88690995e-02  7.92845562e-02 -2.94430908e-02
 -2.95689274e-02  9.52090696e-02 -1.35893859e-02 -4.14734110e-02
  2.64522317e-03  3.21576931e-02  6.09013774e-02 -7.39928009e-03
 -3.48082557e-02  4.94101942e-02  6.68050721e-02 -2.25569780e-33
 -8.98662023e-03  5.48791811e-02 -1.49973810e-01 -2.06731465e-02
 -3.15424874e-02  1.57246906e-02  1.89414825e-02  6.01301081e-02
  5.60523421e-02  4.16173562e-02 -3.65887880e-02 -3.77156548e-02
 -2.95954831e-02 -4.77135554e-02 -4.74838242e-02 -3.22851203e-02
  1.19153760e-01  4.08653878e-02 -7.88263828e-02 -3.67171764e-02
 -1.10486709e-01 -2.71810666e-02  5.01108691e-02 -2.27573738e-02
 -5.13572879e-02 -3.65453609e-03  2.04817913e-02  4.04284410e-02
 -8.64172503e-02  6.91731423e-02  4.44720220e-03  2.66672820e-02
  5.99803068e-02  1.74415465e-02  5.26445247e-02  9.94903371e-02
  5.90858683e-02 -9.32071656e-02  6.95034936e-02 -2.89259329e-02
 -8.90280679e-03 -3.03563569e-02  4.23978567e-02 -2.82181404e-03
 -2.64170598e-02  8.59713703e-02 -3.96140218e-02  5.59347402e-03
  5.19362688e-02  2.22126432e-02  3.51563580e-02 -2.19494998e-02
  3.43960710e-02 -8.58507752e-02 -5.54191247e-02 -2.84877047e-02
 -5.27332835e-02 -9.55735296e-02 -3.34965102e-02 -6.69152476e-03
  4.76842746e-02 -2.67778505e-02  3.82969086e-03  5.50085083e-02
 -4.75790128e-02 -2.31104856e-03 -1.62884127e-02  6.99456483e-02
  4.36371230e-02  2.08234042e-02 -9.10239145e-02  3.52425054e-02
  2.53804326e-02  8.57767370e-03  5.50602935e-02 -1.11694440e-01
 -3.73209864e-02  7.57004088e-03  7.41002858e-02 -7.33634084e-02
  3.48304659e-02  6.06047064e-02 -1.91997904e-02 -4.93942127e-02
  3.14225741e-02 -4.63174805e-02  3.69944796e-02 -5.30675016e-02
 -1.56936292e-02  2.06168331e-02 -1.66799463e-02  2.72576325e-03
 -6.25262260e-02 -6.90096291e-03  2.09258329e-02 -3.02005496e-08
  1.24429755e-01 -3.95997539e-02 -5.38305938e-03  1.47909261e-02
 -3.75615805e-03  4.97046113e-02 -3.73415872e-02  1.78750418e-02
  1.42738149e-01  3.56931426e-02 -1.69023558e-01  9.08146277e-02
 -2.02387329e-02 -8.28739554e-02  2.14303774e-03  1.06468825e-02
 -1.05956318e-02 -1.15134008e-01 -3.75076085e-02 -9.47067663e-02
  2.31296271e-02 -6.69679716e-02  4.53341529e-02  2.83772107e-02
  8.63771960e-02  3.46349776e-02 -2.59927623e-02 -2.54797246e-02
  5.50406761e-02 -1.91134438e-02 -1.50151728e-02 -3.93015034e-02
 -1.33996323e-01  1.06055222e-01  6.50859922e-02  6.88344687e-02
  3.20649222e-02 -6.21560961e-03  7.24616041e-03 -2.02459358e-02
  2.32878439e-02  1.55660585e-02 -5.79069695e-03 -2.44628638e-02
 -4.98344786e-02  2.11741645e-02 -4.85702343e-02 -5.94045408e-02
  5.36236949e-02  2.82546529e-03  8.63257274e-02 -8.51088110e-03
  5.25490716e-02  1.66427717e-02 -1.21048987e-01 -6.71271682e-02
  5.54982480e-03 -2.45001307e-03  4.78050187e-02 -1.37681374e-02
 -5.89392595e-02  6.38293028e-02  5.25906645e-02  4.07312391e-03]"
What are the symptoms of Typhoid Fever?,"Symptoms include prolonged high fever, headache, nausea, loss of appetite, and constipation or diarrhea. In severe cases, it can cause intestinal bleeding or perforation.","Symptoms include high fever, headache, nausea, and gastrointestinal issues, with severe cases causing intestinal complications.","What are the symptoms of Typhoid Fever? Symptoms include prolonged high fever, headache, nausea, loss of appetite, and constipation or diarrhea. In severe cases, it can cause intestinal bleeding or perforation.","[ 9.51527953e-02 -6.80476008e-03  1.03642106e-01 -5.52681424e-02
  1.28307650e-02 -2.07953760e-03  5.93373477e-02  8.78698304e-02
  6.42504962e-03  5.15640303e-02 -6.92685917e-02 -4.09142375e-02
  1.13447815e-01  5.93012981e-02 -4.81174747e-03 -6.59611747e-02
  3.93581353e-02 -1.97316911e-02  5.61965629e-03 -3.58770229e-02
 -4.86670360e-02 -1.88797824e-02 -9.73938790e-04 -4.19248566e-02
  5.10250516e-02  5.39945625e-02  2.69662980e-02 -1.08951628e-02
 -5.34547009e-02  1.98665615e-02 -1.16922207e-01  4.71159592e-02
 -3.78504097e-02  2.36066859e-02  6.17437065e-02  1.85273122e-02
  1.28204329e-03  1.04807189e-03 -4.14075609e-03  3.86889279e-02
  6.13055099e-03  1.85707621e-02  1.43190771e-02  7.51819275e-03
  5.51193720e-04 -4.06849990e-03 -3.97174768e-02  2.20584758e-02
  3.93500775e-02  6.68536052e-02  1.69881508e-02 -4.04115915e-02
  1.43036529e-01 -5.76225948e-03 -6.81388006e-02  4.76502022e-03
 -4.53510601e-03 -5.32741398e-02 -9.20570046e-02 -1.35648204e-03
 -9.38622355e-02 -1.31426677e-02  5.19317463e-02 -5.47103472e-02
 -6.88774744e-03  8.73920228e-03 -1.22689828e-02  1.87308881e-02
  7.80247971e-02  2.90940236e-02 -2.77098967e-03  1.13431364e-02
 -3.23501006e-02 -7.95414001e-02 -1.02545716e-01 -1.30803874e-02
  9.49681997e-02 -7.19270632e-02 -5.47556169e-02  3.68386209e-02
  1.44566800e-02  5.67745119e-02  8.09841603e-02 -1.73694715e-02
  2.39583366e-02 -8.54607951e-03  6.58462346e-02  5.12480885e-02
 -2.45221853e-02  1.37021661e-01  1.55249173e-02 -6.29186034e-02
  4.93494123e-02 -4.33369912e-02 -1.03282854e-02  2.88287774e-02
 -6.76821619e-02 -6.64387643e-02 -1.06853088e-02 -1.76939322e-03
 -2.46596914e-02 -9.80084687e-02  2.14854069e-02  4.39659283e-02
  4.85873371e-02  9.34098065e-02  3.04603949e-02 -9.25173312e-02
 -2.94713711e-04 -5.32740802e-02  4.79423106e-02  4.51031066e-02
  6.07635677e-02 -1.11789741e-02 -3.99973243e-02 -5.46911210e-02
 -1.23023121e-02 -3.32603045e-02 -6.93838447e-02  9.18295979e-03
 -1.91739667e-02 -8.08966979e-02 -3.98182459e-02  2.74822203e-04
  5.63936420e-02 -1.85376573e-02  1.70300845e-02  1.21759330e-33
  4.56167720e-02  8.56018811e-02  1.33151300e-02 -2.47285087e-02
  3.03138942e-02  3.58886831e-02  1.00702178e-02  7.44131655e-02
  1.35718072e-02 -2.00289488e-02  1.70992445e-02 -3.93253043e-02
  2.63006277e-02  3.28943878e-02 -6.35858625e-02 -6.55425619e-03
 -1.41381109e-02  6.58990964e-02  3.00392844e-02  5.04038595e-02
 -1.34163247e-02 -2.67582461e-02 -4.33460064e-02 -2.45800558e-02
 -3.53353098e-02  3.91807891e-02 -7.65712485e-02  1.54900299e-02
 -6.60396973e-03 -3.07559837e-02 -2.69074533e-02 -3.29156108e-02
  7.35456403e-03  1.09768495e-01 -3.72900739e-02 -5.91655914e-03
 -5.71069419e-02  6.78027496e-02 -3.79106750e-05 -4.60441448e-02
 -4.26697126e-03  2.92119589e-02 -6.56954050e-02  1.19380429e-01
  1.63813364e-02 -4.07432169e-02 -1.84788108e-02  6.23699417e-03
  1.69893298e-02 -1.30454986e-03  4.51564379e-02 -3.86741199e-02
  2.96527352e-02 -4.18761671e-02  2.28366554e-02  2.69420594e-02
  7.68233314e-02 -3.97664197e-02  4.51901965e-02  1.48510598e-02
  5.49007440e-03  1.80385995e-03 -2.90077403e-02 -6.99721426e-02
 -1.84199885e-02 -2.15807022e-03 -6.43183710e-03 -7.86874294e-02
 -1.34726539e-02 -3.12036350e-02  3.06416042e-02 -6.07554987e-02
 -1.73692890e-02  1.00352384e-01 -2.17347331e-02  6.85811117e-02
 -1.14027299e-02 -1.40859514e-01 -2.30036909e-03 -8.28046203e-02
 -6.69488981e-02 -7.34291151e-02  1.57998487e-01 -1.56767108e-02
  2.96442658e-02  2.62872558e-02 -2.19366197e-02 -7.13608339e-02
 -1.77015327e-02  2.67122481e-02  1.00364134e-01  5.64119918e-03
 -4.80724052e-02  5.29840216e-02 -2.60889567e-02 -2.09587722e-33
 -3.78815047e-02  5.16929030e-02 -1.09613553e-01 -9.27589238e-02
 -9.44084302e-02  5.40443286e-02 -2.66426783e-02  4.88272496e-02
  3.89896519e-02 -3.32970619e-02  3.20588015e-02 -3.09815370e-02
 -1.18303701e-01 -1.42317042e-02 -6.64980412e-02 -3.67706046e-02
  1.27963930e-01  6.25712425e-02  1.43551981e-04  7.52562750e-03
 -8.66277516e-02 -8.41913372e-03 -1.71676429e-03 -1.11281788e-02
  1.30769853e-02  4.38100323e-02  1.77963134e-02 -4.61984053e-02
 -7.59432092e-02  3.42818014e-02  6.96963817e-02  6.21599816e-02
  6.61931559e-02  7.84091949e-02  1.06013618e-01  6.32236227e-02
 -2.00617295e-02 -4.74492125e-02  3.37109119e-02 -1.45612191e-03
 -4.87086698e-02 -4.74601500e-02  6.19379841e-02 -9.06020030e-03
  6.33433694e-03 -3.35486489e-03 -5.56061715e-02  8.62196367e-03
  4.52244096e-02  4.19015102e-02  2.08893493e-02 -4.41383496e-02
  4.84365337e-02 -1.58966612e-02 -4.97737341e-02 -4.38487418e-02
 -8.75907093e-02 -1.23029701e-01  1.35730654e-02 -3.23328748e-02
  3.05053517e-02 -5.50120696e-02  4.19930927e-02  6.65818676e-02
 -5.33761829e-02 -3.19974944e-02  2.68648495e-03  2.66153589e-02
  5.33706918e-02  2.73858197e-02 -7.37721696e-02 -2.67164409e-02
 -2.30395067e-02  4.95935343e-02  5.95097058e-02 -6.89936876e-02
 -2.19608340e-02  3.51348557e-02  1.21060222e-01 -9.10968781e-02
 -3.27367298e-02  9.80869159e-02 -8.86606518e-03 -6.74517825e-02
 -7.20302314e-02 -2.69172015e-04 -4.57246527e-02  2.09045950e-02
 -2.32006237e-03  2.08833646e-02  6.09855093e-02  3.54301706e-02
 -2.71826852e-02  5.63232005e-02  2.02287193e-02 -2.93044273e-08
  7.02068955e-02 -5.16221225e-02 -1.40582139e-04  7.20078172e-03
 -4.19071913e-02 -4.17065285e-02 -3.09479497e-02  2.50313580e-02
  8.32361206e-02  2.15359591e-02 -1.86135657e-02  1.17747270e-01
 -5.11266217e-02 -7.36271665e-02 -6.23272434e-02  4.95784804e-02
  4.22572158e-03 -7.22916648e-02 -1.82154812e-02 -3.89409922e-02
 -3.56861716e-03  1.00986278e-02 -3.36557254e-02 -1.93481743e-02
  1.04583159e-01  6.38569444e-02 -6.37419894e-02  1.80700440e-02
 -2.34334543e-02 -1.04017626e-03 -5.15017845e-02  6.75874343e-03
 -8.97992924e-02  1.04368171e-02  6.18364215e-02  4.35004085e-02
  4.59724180e-02  2.78045796e-02  2.78327949e-02 -4.27455790e-02
  3.58478427e-02  3.73261683e-02  3.62762343e-03 -4.17484567e-02
 -5.01366630e-02 -5.57289012e-02  3.17819268e-02 -2.67423484e-02
  8.26335326e-02 -4.92391922e-02  4.51230146e-02  3.24812233e-02
 -4.14042873e-03  3.34122516e-02 -9.69185382e-02 -6.40279576e-02
  6.97293133e-03  4.68509570e-02  1.37993181e-02 -6.02183752e-02
 -1.44624664e-02 -2.48889495e-02 -5.75593226e-02 -3.48860510e-02]"
Is there a cure for Typhoid Fever?,"Typhoid Fever is treatable with antibiotics. However, the emergence of antibiotic-resistant strains of Salmonella typhi has become a concern.","Typhoid Fever is treatable with antibiotics, but antibiotic-resistant strains are a growing concern.","Is there a cure for Typhoid Fever? Typhoid Fever is treatable with antibiotics. However, the emergence of antibiotic-resistant strains of Salmonella typhi has become a concern.","[ 3.12676094e-02  9.14901216e-03  1.27580047e-01 -1.48147140e-02
 -4.57691886e-02  1.62922218e-02  1.18148727e-02  5.82629405e-02
  4.80600120e-03 -1.06412014e-02 -4.65385951e-02  6.16907515e-02
  7.20624924e-02  1.00861572e-01  1.14377337e-02 -4.59205396e-02
 -2.26231068e-02  4.10270579e-02  2.12188736e-02 -1.99928172e-02
 -9.65507999e-02  3.88200134e-02  7.79884830e-02 -9.58686881e-03
 -5.91635630e-02  1.26557623e-03  1.37270018e-02 -3.24005894e-02
 -7.06791729e-02 -5.04299183e-04 -9.80972722e-02  3.63508724e-02
  5.27154375e-03 -3.87000926e-02 -1.13344770e-02  1.43847521e-03
 -2.84849014e-02  1.82620324e-02  4.70460318e-02  3.20653692e-02
 -8.00127070e-03  2.58316821e-03 -2.06416752e-02 -8.06643395e-04
 -2.78007630e-02  2.26142108e-02  8.87901708e-03  4.16280963e-02
  2.72450298e-02  4.24402207e-02 -4.37719421e-03 -3.69455330e-02
  1.22465625e-01  1.70005467e-02  5.45996986e-02 -1.71710309e-02
 -2.21329276e-02 -5.03531136e-02 -7.84373805e-02 -4.64402698e-02
 -1.30084436e-02 -3.67479250e-02  5.74692711e-02 -3.58573869e-02
 -5.11852428e-02  2.98019759e-02  2.66566314e-02  1.40230414e-02
  8.07066038e-02 -1.00732539e-02  5.13196364e-02  5.82841970e-02
  4.23350260e-02  5.13546094e-02 -5.71492165e-02  2.79665384e-02
  8.80177170e-02 -8.71174484e-02  6.23500757e-02  7.54907727e-02
 -3.61171179e-02 -4.12995741e-02  9.26043913e-02  3.58598195e-02
  4.84011099e-02 -3.39639075e-02  5.19762784e-02  1.57065205e-02
  2.79273279e-02  5.10261692e-02 -7.87680596e-03 -5.07068112e-02
  4.65749241e-02 -7.14465603e-02 -3.29793915e-02 -4.34164405e-02
 -3.27947363e-02 -4.17860113e-02 -3.42568345e-02 -3.39038149e-02
 -4.85882610e-02 -9.35334191e-02 -1.51733810e-03 -5.88535108e-02
  1.23247663e-02  1.70418117e-02  2.27134246e-02 -2.38876939e-02
 -1.78693403e-02 -1.03317343e-01  8.96254834e-03 -1.24319494e-02
  7.93891251e-02  6.19027577e-03 -5.73212914e-02 -2.98662987e-02
  5.60208596e-02 -4.64970991e-02 -3.91806811e-02  2.09848769e-02
  4.36993539e-02 -5.08254692e-02  5.61706275e-02 -1.78665370e-02
  1.93626788e-02  3.61870080e-02  8.38573873e-02  1.38403329e-33
 -2.51624789e-02  1.04592748e-01  1.06124338e-02 -2.42463350e-02
  4.94759306e-02  7.79706379e-03  5.09725064e-02  8.16801563e-03
 -2.46200748e-02 -1.13566734e-01  8.58237501e-03 -4.00281604e-03
  1.07624391e-02  1.33643653e-02 -3.73008288e-02 -2.38953084e-02
  6.09815167e-03  5.11658341e-02 -3.09202634e-02 -2.47530136e-02
  8.17058235e-02 -1.62815209e-02  3.66524830e-02 -5.31631596e-02
 -3.04506463e-03 -2.15577614e-02  2.68663536e-03  4.57978807e-02
  9.41015258e-02 -1.51115665e-02 -2.02467274e-02  7.59384260e-02
  1.69474297e-04  6.62830845e-02 -3.93195972e-02 -6.07237592e-02
 -4.24172357e-02  3.30317356e-02  4.81115375e-03 -2.57457364e-02
 -8.34339932e-02  5.16106449e-02 -3.42058092e-02  3.45354825e-02
  8.38836879e-02 -3.79175320e-02 -5.85561991e-02 -3.50190550e-02
 -7.27977278e-03 -2.93180496e-02  5.79967611e-02  6.52515236e-03
 -5.61145283e-02 -1.26002759e-01  4.70522344e-02 -5.25942892e-02
  7.06421137e-02  4.93832380e-02  1.24876425e-02 -2.26256829e-02
  2.53156610e-02 -3.96183357e-02 -3.65667120e-02 -3.49984244e-02
 -1.56223513e-02 -1.22208223e-02  4.43930514e-02 -8.43146294e-02
 -9.52898264e-02 -4.74430062e-02  5.99336997e-02 -3.04603688e-02
 -7.94808492e-02  9.59937125e-02 -1.06432296e-01 -4.64969203e-02
  1.16390688e-02 -9.54399556e-02  5.98598458e-02 -5.88729158e-02
 -6.31161481e-02 -5.06796315e-02  7.41218254e-02  3.33914310e-02
 -8.76480527e-03  1.46713248e-02 -1.14549110e-02  4.41267490e-02
 -4.65301378e-03 -1.34621738e-02  4.41594198e-02 -1.80994105e-02
 -5.30709177e-02  3.39008123e-02 -6.26526494e-03 -2.14004514e-33
  1.24016879e-02 -2.03470271e-02 -7.10588321e-02 -2.40076259e-02
 -7.49057680e-02  6.56540692e-02  3.70344194e-03 -1.03396457e-02
  1.04239911e-01 -3.90219539e-02  3.17478478e-02 -2.80799419e-02
 -6.49946928e-02  4.67002299e-03 -9.63418633e-02 -1.34756677e-02
  6.54333010e-02  3.70264165e-02 -1.01159103e-01 -5.66782197e-03
 -5.03314994e-02 -3.68666090e-02 -3.46669275e-03 -4.44853771e-03
  7.99401663e-04  5.79123348e-02 -3.74611327e-03  8.85403827e-02
 -5.28025702e-02  6.00948669e-02  1.29539594e-02 -1.38486158e-02
  1.12981685e-02 -6.06977716e-02  7.72815272e-02  7.57136270e-02
  1.01017155e-01 -3.57164852e-02  4.63211015e-02  1.89871937e-02
  2.21359171e-02 -7.68076330e-02  1.40566127e-02  5.05651683e-02
  5.28683066e-02  7.60572329e-02 -5.83206825e-02  4.67149029e-03
  2.49778889e-02  3.52090294e-03  7.83223193e-03 -4.12980057e-02
  7.05733448e-02 -8.02150741e-02 -1.77732967e-02 -6.69886172e-02
 -6.97149858e-02 -9.28169936e-02 -4.41521890e-02 -2.37227865e-02
 -2.89505906e-02 -8.24613497e-02  1.05810836e-01  5.66510260e-02
 -5.97559623e-02  6.22077361e-02  1.54125877e-02  8.98432955e-02
  5.22550121e-02 -4.08929549e-02 -7.24558234e-02  1.01338372e-01
 -6.87096268e-02  7.51603802e-04  2.03277320e-02 -4.06187326e-02
 -2.12594047e-02 -2.51558386e-02  1.44760579e-01 -6.73385188e-02
  6.64348379e-02  3.12657617e-02 -4.99593802e-02 -5.99347726e-02
  2.42352486e-02  1.78900883e-02  2.64996700e-02  3.07278559e-02
  6.82731485e-03  3.52987796e-02 -4.22246754e-02 -4.14050296e-02
 -4.34116609e-02  1.43026770e-03  2.62776185e-02 -2.76226775e-08
  1.30161583e-01 -1.15140444e-02  1.59231538e-04  3.79406735e-02
 -3.86048444e-02 -3.27823795e-02 -8.56686682e-02 -1.04381691e-03
  9.84013379e-02  1.35415113e-02 -7.86271542e-02  1.56327873e-01
  2.62863599e-02 -3.22203822e-02 -3.68938521e-02 -4.67479080e-02
 -1.36462916e-02 -2.33409405e-02 -4.59390357e-02 -9.59076062e-02
 -7.16707762e-03  6.38504839e-03  2.80625261e-02 -4.11147624e-02
  8.64491761e-02  2.42345352e-02  1.51822371e-02 -6.06057011e-02
 -1.81013234e-02 -9.88937318e-02 -6.04184382e-02 -4.80282381e-02
 -5.97203895e-02  4.77647446e-02  1.12520628e-01 -1.89117230e-02
 -1.48621621e-02  4.63014580e-02  2.94825230e-02  3.94717976e-03
  5.93968220e-02  5.98374233e-02 -4.75489274e-02  3.05021484e-03
 -1.16575528e-02 -9.38875973e-03 -4.71058525e-02 -2.81054303e-02
 -2.40326449e-02 -6.06005490e-02  9.18727219e-02  4.38675471e-02
  3.46793011e-02  5.22001237e-02 -1.14891522e-01  2.72832233e-02
  1.78307369e-02 -1.88935511e-02 -4.79462035e-02  4.14786628e-03
 -4.47023995e-02 -3.46401446e-02  1.15101729e-02  2.94999760e-02]"
How can Typhoid Fever be prevented?,"Prevention strategies include drinking safe water, practicing good hygiene and sanitation, and vaccination. In endemic areas, vaccines are a key prevention tool.","Prevention involves safe water, good hygiene, sanitation, and vaccination in endemic areas.","How can Typhoid Fever be prevented? Prevention strategies include drinking safe water, practicing good hygiene and sanitation, and vaccination. In endemic areas, vaccines are a key prevention tool.","[ 6.85380399e-02  9.66180414e-02  1.39088035e-01 -8.84797946e-02
 -6.02963753e-03  6.58860132e-02  3.63232605e-02  2.88282000e-02
 -2.80833505e-02  3.92791517e-02 -2.07187521e-04 -1.49087154e-03
  9.05847326e-02  5.05732633e-02 -5.66121079e-02 -3.48414928e-02
 -4.51894151e-03  3.81035730e-02  1.10994242e-02 -8.71833414e-02
 -2.24869493e-02  1.00793433e-03  1.03379957e-01 -3.74716409e-02
 -7.25592151e-02  4.99780755e-03  2.18093283e-02 -1.56317856e-02
 -1.15093775e-02 -8.75352789e-03  8.10312922e-04 -7.65425898e-03
 -9.32575911e-02 -3.21989842e-02 -9.29809660e-02  2.29439810e-02
 -1.25919953e-02  2.56453734e-02  4.69486089e-03  4.29210737e-02
 -1.95520651e-02 -2.39474308e-02 -2.87834574e-02 -4.87487093e-02
  1.60720013e-02  4.74980026e-02 -2.17670407e-02  4.32671830e-02
 -1.08340010e-03  3.89644573e-03 -3.77799361e-03  2.47838274e-02
  8.58310238e-02  1.49545232e-02  5.57204301e-04 -9.07708774e-04
  3.11754160e-02 -1.43408608e-02 -7.36954287e-02 -3.88324857e-02
 -2.82404348e-02 -4.06622328e-02 -3.54596078e-02 -6.51429072e-02
 -7.33189583e-02  3.08177955e-02 -6.19282462e-02  6.68409094e-02
  1.04114220e-01  5.70484586e-02  2.03849133e-02  5.76050915e-02
  3.46338898e-02  6.13959879e-03 -4.83883470e-02  4.16882187e-02
  5.71491010e-02 -8.58408213e-02  8.56219754e-02  6.80430904e-02
  1.98199850e-04 -3.29175359e-03  1.76455051e-01  7.20963255e-02
  4.19708006e-02  2.31015943e-02  6.17839098e-02 -4.09238599e-02
 -5.16897487e-03  5.26677780e-02 -2.87286844e-02 -6.65393248e-02
  5.32080941e-02 -3.40757072e-02 -2.34826491e-03 -6.07152469e-03
 -2.79190652e-02 -6.73871040e-02  1.13433152e-02  8.22302885e-03
  3.31258401e-02 -1.59237921e-01  2.72452906e-02  1.53251113e-02
  4.42484245e-02 -3.09614912e-02  4.48621586e-02 -7.17914104e-02
  8.23044777e-03 -6.44234642e-02 -6.96303742e-03  4.68669757e-02
  1.37378257e-02  5.27818874e-02 -5.42013757e-02 -6.56246953e-03
  5.32837510e-02 -7.75449583e-03 -1.39359096e-02 -9.07715783e-03
  3.34775187e-02 -2.44177692e-02  3.97725701e-02 -1.55989192e-02
  9.60515141e-02 -1.72587037e-02  6.89226910e-02  4.90072549e-34
  1.56025356e-02  6.41947463e-02  3.27724814e-02  1.30894338e-03
 -2.79718637e-02  1.73164383e-02 -2.03326363e-02  1.74290854e-02
  2.07130425e-02 -3.38074379e-02  5.69314184e-03 -5.24237789e-02
  2.22295825e-03 -1.78562142e-02  9.36534721e-03 -4.29905429e-02
 -3.43205668e-02  4.53056991e-02 -8.48613679e-03  1.46666830e-02
  4.97973859e-02 -1.15024179e-01  1.24105616e-02 -1.90236419e-02
 -1.23608671e-02 -9.67486296e-03 -3.08595020e-02 -1.00354366e-02
  6.60707802e-02  1.74430069e-02 -3.27969491e-02  5.31908423e-02
 -3.34436409e-02  6.63810000e-02 -1.10159349e-02 -3.60320583e-02
 -6.01150021e-02 -3.49051021e-02 -1.10627636e-02 -4.86000925e-02
 -5.19942828e-02  5.15880994e-02  1.33025404e-02  4.13529016e-02
  8.83035213e-02 -1.14115076e-02 -2.75298115e-02 -4.65412401e-02
 -3.78800556e-02 -1.57447439e-02  6.31846264e-02 -1.68878175e-02
 -4.71764470e-05 -7.27637783e-02  6.66877814e-03 -9.46337581e-02
 -6.19368162e-03 -2.83548571e-02  2.58045141e-02  2.77344380e-02
  3.71911228e-02 -8.44420791e-02 -2.96098785e-03 -1.64637379e-02
  3.34779359e-02 -4.06961851e-02  4.72059883e-02 -9.98796597e-02
 -3.35776024e-02 -5.59441596e-02  1.70735437e-02 -5.07581457e-02
 -3.27556320e-02  5.54034971e-02 -1.30386814e-01  1.04118660e-02
  3.95904072e-02 -8.25715289e-02  3.41713727e-02 -4.28007431e-02
 -6.25526458e-02 -1.77349728e-02  4.35506925e-02 -2.08648946e-02
  3.99076231e-02 -1.89895630e-02  1.14987856e-02  1.36011774e-02
 -9.37790668e-04 -2.15715487e-02  1.49437217e-02  1.93741564e-02
 -2.15548389e-02  8.56545791e-02 -1.17174564e-02 -1.11784370e-33
  2.58872174e-02  3.17466408e-02 -4.75056469e-02 -8.95519331e-02
 -5.40587157e-02  3.39838527e-02  4.90733003e-03 -7.14405626e-02
  8.18371102e-02 -2.89818645e-02 -2.17889249e-02 -3.96505482e-02
  4.17549685e-02 -3.92767452e-02 -8.17876905e-02 -8.13182890e-02
  7.15244636e-02  5.88554032e-02 -7.21526295e-02  1.31725529e-02
 -7.09283724e-02  9.89552587e-04  3.60452756e-02  1.37050394e-02
 -3.91086116e-02  4.30441312e-02 -7.70483240e-02  3.52890640e-02
 -4.97806482e-02  6.18310124e-02 -4.14145961e-02  3.17806453e-02
  7.06199408e-02 -1.51547499e-03  6.33842200e-02  6.21045455e-02
  4.08312045e-02 -5.50775789e-02  5.85534535e-02  6.95543513e-02
  4.23585176e-02 -5.24292849e-02  1.49242459e-02 -3.43588740e-02
  3.85325886e-02  7.36249462e-02 -2.29096599e-02  2.33836640e-02
 -1.92563031e-02  2.35058125e-02  2.88916864e-02 -6.68393448e-02
  1.06746256e-02 -4.54874113e-02 -6.70394078e-02 -7.44666159e-02
 -1.26822218e-02 -1.44918367e-01 -4.26818468e-02  3.03449612e-02
  1.75540652e-02 -1.04460651e-02  1.61596611e-02  1.13114022e-01
 -7.70666078e-02  1.63291860e-02 -3.59344762e-04  1.53015584e-01
  7.27873892e-02 -5.50307557e-02 -8.21398869e-02  4.29594480e-02
  1.75145734e-02  2.65848804e-02  5.78344939e-03 -1.18314609e-01
 -4.34526056e-02 -8.28542095e-03  1.19494125e-01 -6.35807440e-02
 -9.34755523e-03  5.67411780e-02 -5.60332760e-02 -3.43435816e-02
 -1.18303066e-02  1.73123907e-02  1.93397235e-02 -7.92293325e-02
 -2.41260994e-02  2.54886001e-02 -4.83303778e-02 -1.02419462e-02
 -6.51812255e-02  7.95197561e-02 -3.55606549e-04 -2.50415315e-08
  1.54670745e-01 -6.22475185e-02  3.32236513e-02  6.09056242e-02
 -8.40238854e-02 -4.40740734e-02 -6.75776079e-02  2.54677609e-02
  1.14177711e-01  3.29192244e-02 -3.31160277e-02  1.30485982e-01
  2.91084740e-02 -5.77354878e-02  5.12327580e-03 -6.46040449e-03
  2.47275140e-02  8.77428055e-03 -9.09682140e-02 -9.37534794e-02
  5.18179014e-02 -3.17989215e-02  3.79702449e-03 -1.10853408e-02
  8.26996937e-02  1.74992289e-02  3.69466916e-02 -5.58997616e-02
  2.98139676e-02  6.45912113e-03 -2.10398789e-02 -4.61024493e-02
 -7.35228732e-02  3.05619650e-02  5.18289506e-02  7.80561864e-02
  7.58500025e-02  4.87697078e-03  5.04213646e-02 -2.63243797e-03
  7.40498397e-03  4.80682589e-03 -2.84339301e-02 -3.39121372e-03
 -5.73869608e-02 -3.60658369e-03 -1.78549420e-02  2.69187521e-03
  4.21470031e-02  4.25586887e-02  4.14981842e-02  3.26290205e-02
  5.28860725e-02  6.15482219e-02 -1.31643206e-01 -3.90716605e-02
  2.85783298e-02 -2.97825411e-02  3.12302988e-02 -1.52954189e-02
 -3.89076918e-02  2.14690529e-02  1.26395673e-02  1.76655594e-02]"
What is the mortality rate of Typhoid Fever?,"With proper antibiotic treatment, the mortality rate is low, around 1-4%. However, without treatment, it can be as high as 10-30%.",The mortality rate is 1-4% with treatment but can rise to 10-30% without treatment.,"What is the mortality rate of Typhoid Fever? With proper antibiotic treatment, the mortality rate is low, around 1-4%. However, without treatment, it can be as high as 10-30%.","[ 1.18193187e-01  2.02909242e-02  4.50093970e-02 -1.09149568e-01
 -4.15933095e-02 -2.82242000e-02  6.60577789e-03  1.53580606e-01
  1.97956478e-03  4.69344445e-02  1.22152735e-03 -2.92778313e-02
  1.38336450e-01  7.68549740e-02  6.13359082e-03 -4.34404332e-03
  2.82430649e-02 -6.98368028e-02 -5.06103113e-02  1.80740841e-02
 -4.95087020e-02 -5.53966779e-03  1.18899867e-01 -4.11063880e-02
  6.11396432e-02 -4.83914018e-02 -1.86944325e-02 -2.93267388e-02
 -4.64993641e-02  4.73665372e-02 -1.07182957e-01  9.83762220e-02
  1.25292679e-02 -3.24627198e-02 -3.74939479e-02 -1.43175386e-02
 -6.46298230e-02 -3.55374105e-02  1.35980025e-02  7.67195821e-02
 -2.47249678e-02  2.95157786e-02 -4.10114676e-02  1.03704622e-02
  1.91158298e-02  3.72586176e-02 -4.79967743e-02  4.47541736e-02
  2.26781685e-02  8.55072886e-02 -2.14396566e-02  2.51752101e-02
  1.06745653e-01  4.50422987e-02 -1.85583369e-03 -5.77530731e-03
 -2.02301890e-02 -3.22419293e-02 -8.64405930e-02 -3.93585786e-02
 -3.04983594e-02 -5.02184732e-03  7.09333271e-02 -8.20880383e-02
 -6.79419860e-02 -4.71144505e-02 -3.86959836e-02 -5.51255085e-02
  2.50759050e-02  9.03844461e-02 -3.03578414e-02  3.56989577e-02
  2.21331660e-02 -5.80199249e-03 -1.31879747e-01 -4.04910110e-02
  9.33727026e-02 -6.80266768e-02  1.92272700e-02 -1.80976130e-02
  5.71404062e-02 -5.96047044e-02  8.36692154e-02 -1.19984904e-02
  2.29320470e-02 -3.51283215e-02  8.83465260e-02  4.32442240e-02
  1.72359832e-02  1.17015861e-01  8.54658522e-03  8.86614993e-03
  9.36743170e-02 -6.61504194e-02  1.29258940e-02  1.55093232e-02
 -3.68181616e-02  1.37051828e-02 -4.51707579e-02 -2.28475556e-02
 -7.27610588e-02 -1.51765138e-01 -1.19802263e-02  3.23607139e-02
  1.82348993e-02  3.12850960e-02  8.39011092e-03 -1.44856246e-02
 -3.75726782e-02 -1.50605394e-02  5.99366762e-02 -2.66733356e-02
  5.11540584e-02  1.46832205e-02 -4.98791039e-02 -3.15225236e-02
  3.60683165e-02 -3.71318795e-02  2.96628196e-02  5.46760671e-02
  5.05505987e-02 -6.24063760e-02 -3.94203933e-03  5.94078610e-03
  4.41634841e-02  5.24325036e-02  8.99279565e-02  1.09264438e-34
  5.48755266e-02  6.15149923e-02 -1.37804169e-02 -4.73124646e-02
  7.89381843e-03 -2.17527095e-02 -1.51972845e-02  4.82072160e-02
  2.76287142e-02 -4.88568693e-02 -4.57339287e-02 -8.99654850e-02
  3.91118154e-02  4.66164574e-02 -3.79356891e-02 -9.48827434e-03
  1.84306186e-02  8.39473978e-02 -1.92050021e-02 -2.49794684e-02
 -1.78119447e-02 -1.28335282e-02 -4.58454601e-02 -2.67947856e-02
 -1.13386279e-02  3.87413874e-02 -1.75318718e-02 -1.02952821e-02
  8.81012622e-03 -4.83024716e-02  5.42718312e-03  2.55892817e-02
  1.17363837e-02  4.78482759e-03 -2.66725896e-03 -1.13060307e-02
 -4.13595922e-02  8.12630802e-02  2.18030289e-02  3.90495057e-03
 -6.21251017e-02  3.32109183e-02  1.24976970e-02  6.55883178e-02
  3.28097530e-02 -4.25549708e-02  2.50706710e-02 -4.07461822e-02
  1.10735977e-02 -3.94659042e-02  2.66930498e-02 -6.22010492e-02
 -5.57264686e-02 -2.05492172e-02  4.02135774e-02  2.10253559e-02
  3.33735049e-02  3.66321541e-02  5.45601100e-02  6.81016818e-02
  3.77071053e-02 -7.16766063e-03  2.63513681e-02 -5.49816415e-02
  3.67696434e-02 -2.26322515e-03  5.06067742e-03 -7.88480788e-02
 -1.99611410e-02 -5.47612384e-02  4.95561510e-02 -4.23139036e-02
 -7.11932257e-02  5.07428683e-02 -4.68274392e-02  7.62928277e-02
  6.80310428e-02 -1.06595017e-01  3.34199630e-02 -5.51682115e-02
 -6.40186295e-02 -3.94076332e-02  1.29401991e-02 -4.13529649e-02
  2.75530107e-02  3.74156423e-02  1.09161949e-02  9.55074839e-03
 -1.07266782e-02  2.94779185e-02  3.91155556e-02 -2.08326969e-02
 -9.83620062e-02  3.60529907e-02  5.04880492e-03 -1.11430684e-33
  5.68164047e-03  7.46149644e-02 -8.96436423e-02 -2.44400632e-02
 -5.67407086e-02  6.43250793e-02 -1.89136947e-03  1.73713826e-02
  8.06932077e-02  1.48809236e-02  4.55435626e-02  2.24797036e-02
 -4.12410907e-02  9.23307799e-03 -7.23517761e-02 -9.59825367e-02
  4.30231392e-02  2.52814125e-02 -7.41449520e-02  1.93089787e-02
 -1.03485622e-01 -6.69586137e-02 -4.33618762e-02  5.27883135e-02
 -2.74278428e-02  3.96594033e-02 -5.33875301e-02  3.26248445e-03
 -4.10743877e-02 -2.18782760e-02  1.28583414e-02 -5.48208877e-02
  4.96633314e-02 -1.98039971e-02  8.87495801e-02  4.20167483e-02
  2.49023549e-02 -7.00237229e-02  3.06209512e-02 -7.55772814e-02
  2.62711607e-02 -5.85426912e-02 -8.31653085e-03 -2.40891222e-02
  3.82546633e-02 -7.05192192e-03 -4.05088142e-02  1.55345956e-02
  4.71980907e-02 -1.59191564e-02  8.70340783e-03 -5.15377671e-02
  7.69898817e-02  1.52231371e-02 -5.05526289e-02 -7.50241876e-02
 -3.64346392e-02 -1.00436240e-01  1.15137529e-02 -3.30833793e-02
  6.31902069e-02 -3.03798297e-04  2.83755194e-02  1.15437083e-01
 -7.77958110e-02 -3.93955559e-02 -1.46880029e-02  8.07851553e-02
  3.42478193e-02 -3.51959281e-02 -4.50018942e-02  5.33609875e-02
 -7.86238350e-03  3.07764336e-02  3.07897087e-02 -8.35875049e-02
  2.79007703e-02  2.17442121e-02  1.32216945e-01 -3.27191465e-02
 -1.34714153e-02  4.74188216e-02 -4.94778715e-02 -5.53208925e-02
 -7.08862990e-02 -4.29442152e-02  3.34284678e-02 -2.49108877e-02
  3.91767547e-02  5.45445941e-02 -4.38302308e-02 -7.22637540e-03
 -4.76521440e-02 -2.58123726e-02 -9.62702557e-03 -3.27305045e-08
  1.55982882e-01 -6.71843626e-03  2.36212313e-02  1.45940846e-02
 -1.14856204e-02  1.05837258e-02 -4.25453670e-02  3.46663259e-02
  7.72706568e-02  5.09957708e-02 -2.55799107e-02  1.36067390e-01
 -6.75941929e-02 -1.02741547e-01 -2.93310136e-02 -4.32273047e-03
  2.55834823e-03 -7.41704833e-03  1.57698523e-02 -6.64625168e-02
  4.91599273e-03 -4.50658053e-03  2.22166274e-02 -6.36649579e-02
  8.54997560e-02  1.14575587e-01  2.82892305e-02 -4.11537141e-02
 -8.79647136e-02 -3.86424474e-02 -4.10539396e-02 -2.40812935e-02
 -6.68187737e-02  2.16415357e-02  9.10976902e-02  9.56086349e-03
  2.17085537e-02  3.59012000e-02  1.73656605e-02  1.71146560e-02
  1.17872301e-02 -1.20332623e-02 -4.19840775e-02 -4.73120064e-02
  9.93993971e-03 -2.21754815e-02 -1.93913858e-02 -4.94989865e-02
 -1.10503088e-03 -7.88108259e-02  1.29645512e-01  2.32005231e-02
  2.43385695e-03  3.12329568e-02 -1.19916029e-01 -1.10087106e-02
  3.47569771e-02 -2.61476655e-02 -7.86281228e-02 -2.01808549e-02
  9.81347519e-04 -3.60549241e-03  2.14937935e-03 -4.13566362e-03]"
How is Typhoid Fever diagnosed?,"Diagnosis is usually confirmed by culturing the bacteria from a blood, stool, or urine sample. Rapid diagnostic tests are also available.","Diagnosis involves culturing the bacteria from blood, stool, or urine samples, and rapid tests are available.","How is Typhoid Fever diagnosed? Diagnosis is usually confirmed by culturing the bacteria from a blood, stool, or urine sample. Rapid diagnostic tests are also available.","[ 8.30418989e-02  1.08956797e-02  7.11959898e-02 -6.30623251e-02
 -2.40991618e-02 -1.59087386e-02  4.99269590e-02  9.42345485e-02
  9.62187722e-03  3.10320985e-02 -1.81258693e-02 -3.83540951e-02
  7.66373277e-02  1.15683161e-01 -8.87975469e-02 -8.93794075e-02
  1.42502552e-02 -9.90713108e-03  3.59641127e-02 -8.44059289e-02
 -5.36933281e-02  3.21211331e-02  3.10410075e-02 -8.34808648e-02
  5.58253117e-02  1.50240716e-02 -2.68508345e-02 -1.27699394e-02
 -4.03324291e-02  5.08416705e-02 -2.87993383e-02  5.55172861e-02
 -1.07024293e-02  2.43532807e-02  3.61198559e-02 -3.04480344e-02
 -1.12937600e-03 -2.00516228e-02  1.12568177e-02  4.82683890e-02
  2.56401990e-02 -5.27685210e-02  2.81803403e-02 -1.10013420e-02
 -4.36968356e-03  4.51551341e-02 -3.03186662e-02  8.47602189e-02
 -1.15311407e-02  1.28101949e-02  1.19092138e-02 -3.96167347e-03
  1.08661063e-01  2.51450129e-02 -7.14732558e-02  2.44962331e-02
  2.71594133e-02 -7.48344287e-02 -7.09941313e-02 -1.75503809e-02
 -7.47630224e-02 -2.94387694e-02  3.36841196e-02 -4.09739204e-02
  3.86533365e-02  2.27457006e-02  1.64480973e-02  7.02059083e-03
  1.06189176e-01 -5.68398014e-02  2.40386780e-02  6.12431616e-02
  3.38532552e-02  4.31901775e-02 -1.32582039e-01 -2.89350543e-02
  9.57953930e-02 -3.70369814e-02  1.24288546e-02  4.28598076e-02
 -4.83065844e-02  4.31757234e-02  8.84160548e-02 -3.85288484e-02
  2.14115214e-02  2.05264036e-02  3.48475575e-02  5.34329638e-02
 -4.66298498e-02  9.10683274e-02  1.77747961e-02 -6.42169788e-02
 -3.14404182e-02 -6.82662129e-02 -3.31648476e-02 -3.79091017e-02
  2.48213555e-03 -3.94611992e-02  5.69700338e-02  9.02880169e-03
 -6.90657943e-02 -1.22318909e-01  6.98514655e-02 -8.80765449e-03
  2.81956624e-02  1.52429659e-02  1.61545409e-03 -7.28371367e-02
  5.65035753e-02 -9.30256024e-02 -3.16103315e-03  4.88726422e-02
  9.68708247e-02 -5.75492484e-03 -2.91900542e-02  3.94597789e-03
 -3.35603431e-02 -1.49976620e-02 -2.76465937e-02  1.12634143e-02
  1.77914407e-02 -3.96085307e-02  3.85880210e-02 -3.45323980e-02
  1.33958951e-01  9.37748924e-02  1.72693636e-02 -1.53728020e-33
  3.33294533e-02  8.23856443e-02  3.70935164e-02  2.11394802e-02
 -3.00556179e-02  4.86639850e-02  6.12126850e-03  2.60317884e-02
  1.36696016e-02 -2.30500717e-02  1.47044184e-02  1.05909407e-02
  5.97125292e-02 -2.78037763e-03 -7.17832968e-02  8.07065889e-03
 -2.72990540e-02  7.30985999e-02 -5.50260805e-02  4.14274484e-02
  5.17742569e-03  2.08636634e-02  3.56323682e-02 -9.90471616e-02
 -1.85826439e-02 -2.74837818e-02 -4.87007760e-02  2.66373511e-02
  9.29776654e-02 -1.09873917e-02 -8.20244721e-04  3.49921137e-02
 -3.18541713e-02  6.61014393e-02 -2.87594274e-02 -3.63545120e-02
 -2.64015980e-02  2.28041187e-02 -3.41825327e-03 -5.77498078e-02
 -1.36015785e-03 -4.60306630e-02 -1.40728690e-02  5.48681244e-02
  4.37998138e-02 -1.89378001e-02 -7.23486841e-02 -1.07351430e-02
  3.09224334e-02  2.56655905e-02  5.32704145e-02 -1.99071392e-02
 -1.67132430e-02 -9.80406851e-02  5.34641147e-02  1.24799553e-02
  2.32289750e-02 -3.91305573e-02  5.90312742e-02  3.54580507e-02
  5.16566187e-02 -7.77773280e-03 -6.77241385e-02 -3.92864794e-02
 -5.69349676e-02 -2.74985582e-02  3.72818811e-03 -7.01173320e-02
  1.30086318e-02 -1.81167517e-02  2.01978441e-02 -4.10136655e-02
  1.40978489e-04  8.97319913e-02  9.03947651e-03  5.48021160e-02
 -2.42890585e-02 -1.29741162e-01 -7.44096562e-03 -9.71008241e-02
 -7.14478940e-02 -4.79921363e-02  1.02295972e-01  2.97097191e-02
 -6.24106452e-03  1.71884373e-02 -3.38298790e-02  3.46741602e-02
 -6.04583994e-02 -1.50752300e-02 -4.30236221e-04  3.60678025e-02
 -7.55948871e-02  4.17600460e-02  4.90977056e-02 -4.43919564e-34
  1.78862885e-02  3.63690443e-02 -1.07816696e-01 -4.90536764e-02
 -6.40384108e-02  5.62885078e-03 -1.63051281e-02 -7.03301094e-03
  3.25646140e-02  1.33338096e-02 -1.45969912e-02 -2.36169659e-02
 -6.97482750e-02 -2.12039687e-02 -1.08894207e-01 -1.16599323e-02
  3.13613005e-02  2.47169640e-02  1.64655223e-02  6.60488456e-02
 -9.95487347e-02  2.86312215e-03  4.14076075e-03 -4.39274758e-02
 -4.90229242e-02  3.66913602e-02  6.06695078e-02  1.06727774e-03
 -7.30290711e-02  1.31394360e-02  1.89456604e-02  8.84565338e-03
  4.34040558e-03  1.22302650e-02  1.06757119e-01  6.71363845e-02
  3.75939384e-02 -7.12933764e-02  6.49598464e-02  1.22849541e-02
 -3.41828726e-02 -1.08666131e-02 -2.27338728e-02 -1.28354039e-02
  1.23659186e-02  1.01483939e-02 -9.82761476e-03  3.77815738e-02
  6.39984235e-02  2.29726601e-02  8.38059932e-03 -2.16758642e-02
  5.90691864e-02 -2.72920709e-02 -8.96836296e-02 -7.26003349e-02
 -1.33566409e-01 -1.01328157e-01 -9.17766690e-02  3.29495929e-02
  2.31651478e-02 -4.83638868e-02  1.26228221e-02  1.17641822e-01
 -1.03807785e-01  1.11121882e-03  3.57564241e-02  8.19412917e-02
  7.20801726e-02  3.40321288e-02 -1.02993093e-01  3.04171555e-02
 -2.71985047e-02  2.87402514e-02  9.52135921e-02 -5.95006235e-02
 -7.21252039e-02 -2.36354191e-02  1.01221137e-01 -1.06283084e-01
  2.25765109e-02 -1.33552670e-03  1.07682617e-02 -2.31515840e-02
 -1.56819038e-02 -2.42760088e-02  1.59390550e-02 -3.06251068e-02
  8.55140388e-03  5.88958291e-03  3.99131738e-02 -2.54012831e-02
 -1.04178540e-01  7.00467639e-03  4.83161137e-02 -2.64545754e-08
  1.04671754e-01 -9.85251367e-02  6.26338422e-02 -2.86841672e-02
 -2.40359250e-02  1.90054700e-02 -3.73317041e-02  2.05693673e-02
  1.46963060e-01 -2.73513272e-02 -8.96598995e-02  3.36300135e-02
 -6.42129928e-02 -5.88856488e-02  3.82298380e-02 -2.28518210e-02
 -1.23492647e-02  6.46400731e-03 -7.03135207e-02 -3.98973078e-02
  2.33557858e-02 -3.04575581e-02  6.16910085e-02 -3.22985114e-03
  1.03658609e-01  3.72057818e-02 -3.20722461e-02 -1.17412228e-02
 -4.84125502e-02  1.73520092e-02 -3.35108675e-02  7.25301960e-03
 -8.76822174e-02 -1.16489148e-02  1.12146504e-01  6.20086938e-02
  1.68362167e-02  2.33754236e-02  4.04794961e-02  2.34943116e-03
  1.57345959e-03  2.07172316e-02 -2.87800301e-02 -3.59571427e-02
 -3.11612114e-02 -3.39042433e-02 -2.29753442e-02 -6.65815994e-02
  4.58922014e-02 -6.17745444e-02  6.29794225e-02 -1.15893763e-02
  1.49539076e-02  3.51177379e-02 -1.19096033e-01 -2.10131705e-02
  4.14412990e-02 -3.75548098e-03 -3.50414328e-02 -1.37153603e-02
  1.37614869e-02  6.19449131e-02  5.56030637e-03 -4.01860625e-02]"
Can Typhoid Fever be treated at home?,"Mild cases can be managed at home with antibiotics and supportive care, but severe cases require hospitalization.","Mild Typhoid cases can be treated at home, but severe cases need hospital care.","Can Typhoid Fever be treated at home? Mild cases can be managed at home with antibiotics and supportive care, but severe cases require hospitalization.","[ 5.45482226e-02  5.90247624e-02  1.11563504e-01 -9.93301496e-02
  1.74567830e-02 -7.95825757e-03  2.74659675e-02  8.86632875e-02
 -2.51431279e-02 -7.41700875e-04 -2.70508751e-02  7.64508098e-02
  5.90959042e-02  9.93847176e-02  5.05626798e-02 -7.00344965e-02
  6.60892352e-02 -4.05016467e-02  1.32121462e-02  2.68246746e-04
 -6.72570392e-02  2.54822727e-02  2.16194633e-02 -3.53677869e-02
  6.90468624e-02  5.17888032e-02 -3.59399128e-03  1.05838431e-02
 -2.63337325e-03  1.87837258e-02 -3.46090831e-02  4.08726558e-02
 -3.13560702e-02 -1.30100492e-02 -2.02227887e-02  1.84546430e-02
 -6.85922354e-02  1.06316479e-02 -1.09819379e-02  6.24749586e-02
  2.18717568e-02  1.87208951e-02  3.90845798e-02 -6.98165689e-03
 -3.41806635e-02  2.09393147e-02 -7.22022215e-03  8.03167874e-04
  3.75047028e-02  3.16553749e-02  2.35584471e-02  6.11526109e-02
  1.24264151e-01  6.87992573e-02 -1.25035811e-02  8.80900994e-02
  1.21554565e-02 -7.94654116e-02 -6.51551783e-02 -1.64732970e-02
 -2.27383841e-02 -1.88036524e-02  7.08519891e-02 -7.21996874e-02
 -4.19793800e-02 -2.28173267e-02 -1.81998461e-02  1.42961722e-02
  1.52547359e-01  2.38932343e-03  2.12580748e-02  5.44679984e-02
  8.77061784e-02  1.09477527e-02 -6.45854175e-02  2.76806392e-02
  7.70208687e-02 -1.09152131e-01  6.69875592e-02  5.77862523e-02
 -3.60678919e-02 -1.94518883e-02  1.12999603e-01 -1.79222040e-02
 -8.24326742e-03  3.34946774e-02  5.95746636e-02  3.22608054e-02
  1.64998136e-02  4.48065624e-02  3.46590243e-02 -1.88699923e-02
  7.84222111e-02 -7.25999102e-02 -3.08774486e-02 -7.51153752e-02
  6.88879658e-03 -3.21330540e-02 -4.55730744e-02  1.88772418e-02
 -1.17489183e-02 -1.04592942e-01  5.42832203e-02  2.03716997e-02
  7.88619649e-03  1.22239180e-02  1.00191208e-02 -5.74941300e-02
 -3.41315344e-02 -5.46001606e-02 -4.87655215e-02 -3.84291704e-03
  6.40581399e-02 -1.92385986e-02 -7.57719502e-02 -2.06352863e-02
  2.94695944e-02 -7.28852153e-02 -3.93497059e-03 -3.17451395e-02
  2.81206984e-02 -4.83933054e-02  2.10660510e-02 -3.10780648e-02
  1.06571130e-01  5.65135106e-03  9.04452652e-02  1.71369683e-33
 -3.35318525e-03  6.28091693e-02 -1.23267993e-02 -5.41919246e-02
  3.11129540e-02  2.89617218e-02 -3.39707546e-02  4.17356119e-02
  1.97231732e-02 -9.06387568e-02  2.15548500e-02  4.71992139e-03
  7.46851414e-02 -3.27881239e-02 -6.33578748e-02  5.70798144e-02
 -3.22819985e-02  1.06543198e-01 -3.62997539e-02  1.93480905e-02
  2.56665442e-02 -1.60651840e-02 -3.83551344e-02 -4.96984785e-03
 -5.50028421e-02 -5.61437085e-02  1.30561031e-02  3.08961347e-02
  7.95788392e-02 -3.77394669e-02  1.87463909e-02  1.58759896e-02
  6.52539311e-03  5.09631932e-02 -5.30432351e-02 -2.16250978e-02
 -8.13388526e-02  4.89138030e-02 -1.01259993e-02 -7.63400272e-02
 -1.99661721e-02  4.49322611e-02  2.54613943e-02  7.58436024e-02
  6.34970590e-02 -2.07557976e-02 -1.29635343e-02 -1.85295288e-02
 -5.75478189e-02 -7.03930706e-02  1.30063379e-02 -3.41492966e-02
 -7.95763209e-02 -5.45338206e-02  6.05926551e-02  2.51160860e-02
  5.34414835e-02 -1.91172425e-04  1.22005537e-01  1.74063712e-03
  5.90833947e-02 -1.10291708e-02 -1.20008774e-02 -4.81815226e-02
  5.55102415e-02 -7.69472048e-02  7.10087642e-02 -4.38605398e-02
 -4.97070961e-02 -6.85178116e-02  6.32894710e-02 -3.48759554e-02
 -6.83913454e-02  7.46739358e-02 -6.54465780e-02  5.91116026e-03
  2.73775104e-02 -1.25037774e-01 -1.84867624e-02 -5.39819002e-02
 -5.11590280e-02 -7.90960491e-02  9.80362743e-02  6.98882714e-02
  4.55596447e-02  3.26602012e-02 -9.28670838e-02  9.01157502e-03
 -7.69858435e-02  3.07969525e-02 -2.29946263e-02 -5.33965267e-02
 -2.04212219e-02  3.48938815e-02 -2.18850505e-02 -2.14097157e-33
 -1.94505900e-02  6.56367466e-03 -8.13777745e-02 -3.78566980e-02
 -3.28563675e-02  3.86998169e-02  5.96275646e-03 -4.37809005e-02
  8.42730924e-02  3.17869782e-02 -5.49129955e-02 -4.31561731e-02
 -5.67648839e-03 -3.51180807e-02 -8.91019851e-02 -4.96919267e-02
  1.72617901e-02  6.07121876e-03 -4.26521301e-02  7.33747408e-02
 -8.66951495e-02 -3.10931858e-02  3.96295860e-02  1.26691479e-02
  9.21950955e-03  4.37278338e-02 -2.49177124e-02  3.92084233e-02
 -7.13960826e-02  1.44872274e-02 -3.96372657e-03 -3.23764682e-02
  2.35057492e-02  1.00943856e-02  3.89790684e-02  4.85137738e-02
 -4.03696904e-03 -6.60624206e-02  2.89286394e-02  3.06026414e-02
  2.46132668e-02 -8.61618966e-02 -3.69145721e-03 -1.30596722e-03
  3.40043418e-02  6.11258447e-02 -7.87634701e-02 -1.81112457e-02
  1.91671047e-02  5.84164634e-02 -3.23963840e-03 -5.42947499e-04
  2.92432420e-02 -2.88954750e-02 -9.55204070e-02 -6.72384351e-02
 -1.73358191e-02 -9.61535722e-02 -6.06866926e-02 -1.11406448e-03
  8.26203376e-02 -5.60032427e-02  1.61380682e-03  9.79309529e-02
 -8.75949189e-02  1.97334364e-02 -2.16708370e-02  1.01421617e-01
  2.98640560e-02 -4.98766154e-02 -1.20201752e-01 -8.66023358e-03
 -1.62884649e-02  3.39427441e-02  5.53730763e-02 -5.84771521e-02
  1.16299056e-02 -2.33527552e-02  9.85795781e-02 -8.39327574e-02
  5.15528629e-03  2.22884049e-03 -1.11480905e-02 -4.30493280e-02
  2.36678887e-02 -5.93988262e-02  2.40561739e-02 -2.46210899e-02
 -2.80936738e-03  4.43910025e-02 -2.86641717e-03  5.88823063e-03
 -6.97642639e-02  2.72841360e-02  2.50160899e-02 -2.47976786e-08
  1.23966590e-01 -1.92074210e-03  6.51007220e-02  5.39031290e-02
 -5.36486581e-02 -6.61280081e-02 -3.11572384e-02 -4.64325622e-02
  1.25206277e-01  7.47735202e-02 -1.17496580e-01  8.88803527e-02
 -9.10461321e-03 -5.52229062e-02 -4.15827036e-02 -2.13431660e-03
  9.37466789e-03 -1.77913774e-02 -6.40595779e-02 -3.78394611e-02
  2.41382010e-02  2.62253825e-03  4.25458886e-02  1.25188800e-02
  7.81832710e-02  7.61480182e-02  5.65600302e-03 -2.57658437e-02
 -1.86632313e-02 -4.63337032e-03 -1.99136063e-02  3.65449843e-04
 -4.50742096e-02  9.38429963e-03  7.32208267e-02 -1.80324875e-02
  4.11579162e-02  1.39379902e-02  4.21877066e-03 -3.43638770e-02
 -7.30150007e-03 -2.33982261e-02 -7.86497518e-02 -4.15440314e-02
 -1.15323691e-02 -6.37845472e-02 -2.39038318e-02 -1.09506808e-01
  2.74106078e-02 -6.45928606e-02  9.29512605e-02  3.77125759e-03
  3.55851874e-02  1.18298288e-02 -8.74286145e-02  1.06922192e-02
  2.48630736e-02 -5.93954101e-02 -3.30965780e-02  5.11208829e-03
 -7.19215348e-02 -3.00950203e-02  2.61206720e-02  1.76428631e-02]"
How long does Typhoid Fever last?,"With treatment, symptoms usually improve within a few days, but it can take weeks to fully recover. Untreated, the illness can last for three to four weeks.","Symptoms improve within days with treatment, but full recovery may take weeks; untreated, it can last 3-4 weeks.","How long does Typhoid Fever last? With treatment, symptoms usually improve within a few days, but it can take weeks to fully recover. Untreated, the illness can last for three to four weeks.","[ 6.96930215e-02 -5.88466972e-03  1.18672654e-01 -7.04106316e-02
  2.03653481e-02 -2.20620949e-02 -1.32813910e-02  6.46053106e-02
  2.06683166e-02 -2.57505141e-02 -2.36773267e-02  9.11754593e-02
  1.22172758e-01  7.99323320e-02  3.84789743e-02  1.75286867e-02
  2.09778128e-03 -6.34614825e-02 -1.23820193e-02 -2.82644816e-02
 -7.18047172e-02 -1.07520614e-02  1.72915831e-02 -7.22127780e-02
  3.79094109e-02  6.50721788e-02 -2.42002606e-02 -1.89032033e-02
 -1.55848600e-02  2.02667527e-02 -1.03111655e-01  5.23617305e-02
 -6.45468608e-02  2.01792661e-02  7.29855755e-03  3.72797512e-02
 -7.96412826e-02 -1.95764508e-02 -2.43597887e-02  1.44509468e-02
 -2.77135912e-02  1.75105799e-02 -2.83354340e-04 -1.91038121e-02
  5.97332884e-03  7.85267167e-03 -4.53146221e-03  2.30788975e-03
  4.49465774e-02  4.96653505e-02 -2.58450694e-02  2.45300960e-02
  1.45994440e-01  2.18566991e-02 -1.92740876e-02  1.00952983e-01
  5.56868175e-03  3.56100835e-02 -9.46671739e-02  1.90419648e-02
 -2.53324080e-02  9.06715542e-03  3.25472765e-02 -9.80303437e-02
 -8.17780849e-03 -4.29372638e-02 -1.90051571e-02 -3.26180272e-02
  8.65153521e-02  8.51337984e-02 -2.86867786e-02  4.96435091e-02
 -1.31005263e-02 -2.03708112e-02 -1.14270449e-01  1.49322934e-02
  6.37035966e-02 -5.24055064e-02  3.52495424e-02 -1.97182260e-02
  1.43984221e-02  2.72138100e-02  1.09152980e-01 -6.27541076e-03
  9.59669147e-03 -3.60524282e-02  2.33147368e-02  5.94992042e-02
  6.97877724e-03  9.24594924e-02  2.48132199e-02  1.97675321e-02
  3.38776708e-02 -6.12216666e-02  3.57366055e-02 -2.96478253e-02
 -5.49627980e-03  2.53037438e-02 -4.15252373e-02  2.82620080e-02
 -6.85301647e-02 -1.22437634e-01 -1.53311174e-02 -2.37815995e-02
  5.81662543e-02  1.10946959e-02  2.17430610e-02 -6.21360354e-02
 -2.93486174e-02 -3.82372327e-02  3.23206559e-02  2.22502481e-02
  8.08580592e-02  1.16837043e-02 -4.71853018e-02  1.96638124e-04
 -2.26369929e-02  3.17381099e-02  4.86843623e-02  2.08678320e-02
  6.54647872e-02 -6.57257587e-02 -4.77888668e-03  1.80879068e-02
  8.94828960e-02  1.18191659e-01  1.49399579e-01 -6.62084198e-34
 -2.02312157e-03  6.19546138e-02 -7.07855960e-03 -6.05531223e-03
 -3.26070525e-02  5.64649282e-03  2.17002928e-02  1.62267573e-02
  1.66730322e-02 -1.93696301e-02 -2.20495947e-02 -3.75984944e-02
  3.73975858e-02  1.52659006e-02 -4.59456146e-02  7.57777039e-03
  4.42215204e-02  8.82960409e-02 -3.11401132e-02 -3.71997431e-02
  1.09109702e-02 -5.61023271e-03 -1.37290396e-02 -4.57644835e-02
 -4.13719341e-02 -2.94944132e-03  5.54295955e-03  2.98583321e-02
  6.95709139e-03 -3.18547525e-02  3.76749001e-02  9.76421461e-02
 -2.55930703e-02  8.15665200e-02 -1.71857271e-02 -3.56887132e-02
  4.70534302e-02  2.35035401e-02  6.44545853e-02 -6.23078607e-02
  1.98770333e-02  7.17384666e-02  1.50940511e-02  1.96177401e-02
  1.15013253e-02 -4.36450243e-02  6.29271101e-03 -2.18064897e-02
 -3.35520245e-02 -4.94922064e-02  3.32027338e-02 -4.64893021e-02
 -7.53355119e-03 -7.22318515e-02  4.21354063e-02  1.45523371e-02
  7.68651813e-03  2.39417292e-02  6.25887290e-02 -4.06786287e-03
  7.03711882e-02 -2.90268864e-02  3.30981426e-02 -3.48575562e-02
  5.07535599e-02  2.77353525e-02 -2.76029343e-03 -4.62887660e-02
 -7.20553845e-02 -9.12052691e-02  1.26246542e-01 -4.33503315e-02
 -7.31951892e-02  2.84070279e-02 -3.64208817e-02 -4.88407153e-04
  6.78102300e-02 -1.57736212e-01 -2.48549767e-02 -6.28721565e-02
 -2.22410355e-02 -7.33944997e-02  3.11378967e-02 -3.04947030e-02
  1.88250765e-02 -8.44239257e-03  2.91503239e-02 -1.10064201e-01
 -5.70543334e-02  3.02542379e-04 -1.24410018e-02 -1.11370264e-02
 -8.45510885e-02  3.21991853e-02  2.35892553e-02 -2.67102829e-34
 -4.72505949e-03  8.34858790e-03 -5.66719137e-02 -6.68026954e-02
 -5.19835809e-03  2.77899522e-02 -4.92696986e-02  1.27644569e-01
  3.08232345e-02 -3.29340287e-02  1.63775776e-02 -6.97471276e-02
 -3.98981012e-02 -2.92871632e-02 -1.05639465e-01 -3.83138992e-02
  7.06699640e-02 -1.66097227e-02 -5.37676364e-02  1.59425922e-02
 -2.92143542e-02 -3.58263478e-02  5.97015838e-04 -1.67438723e-02
 -3.52539904e-02  5.62592410e-02 -2.65381619e-04  5.21932542e-03
 -7.35821649e-02 -2.10528374e-02 -2.85978727e-02 -5.21316603e-02
 -1.91828366e-02 -1.59372613e-02  1.06959306e-01  4.30132709e-02
  1.50442012e-02 -4.58527021e-02  5.74330054e-02 -5.03400667e-03
 -6.15200214e-02 -1.04320861e-01  3.03816441e-02 -5.89837395e-02
  8.21477026e-02  3.09877144e-03 -5.31558767e-02 -1.30828675e-02
  7.47100860e-02  3.82586825e-03  3.91569696e-02 -5.06867953e-02
  4.56052162e-02 -5.39129823e-02 -5.31258360e-02 -7.04524815e-02
 -2.34871972e-02 -1.12160698e-01 -5.41527867e-02 -2.71271672e-02
  4.34635393e-03 -4.84129079e-02  3.21091302e-02  9.47599113e-02
 -8.01706761e-02  4.14322577e-02  1.83247980e-02  4.44730148e-02
  4.31736596e-02 -4.82960939e-02 -5.44994958e-02  6.76208362e-02
 -5.80598973e-02  3.49387713e-02  3.04924715e-02 -3.77424844e-02
 -8.97426624e-03 -8.46548472e-03  1.10695116e-01 -9.50151607e-02
 -4.58772294e-02  7.20987543e-02 -4.10505272e-02 -1.14926718e-01
  2.07331236e-02  6.83725521e-04 -6.93346560e-03 -4.79090167e-03
  5.68059906e-02  5.23617119e-02  7.80188590e-02 -2.78375410e-02
 -9.74559318e-03  3.27287912e-02 -2.15549190e-02 -2.52766981e-08
  1.76128000e-01  8.22259393e-03 -2.09734160e-02  4.62675877e-02
 -1.49892420e-02 -5.94543153e-03 -4.30754125e-02 -2.95404699e-02
  1.12563342e-01 -3.48692946e-02 -1.69629175e-02  1.04848832e-01
  5.59875043e-03 -8.05578381e-02 -4.40903157e-02 -5.12123667e-03
 -2.27705874e-02 -8.96484926e-02  6.32449426e-03 -3.37309204e-02
 -2.99585541e-03 -2.44087242e-02  1.26112439e-02 -4.94880117e-02
  6.99400306e-02  1.24174766e-01 -3.57400603e-03 -5.03855646e-02
 -6.28051013e-02 -1.69535875e-02 -2.02321000e-02  2.82150079e-02
 -9.40124691e-02  4.30832766e-02  6.72126114e-02  3.63111869e-02
  3.19764391e-02  2.43019219e-02 -3.56958387e-03 -8.44005495e-03
 -4.31505032e-02  4.26967740e-02 -2.69674249e-02 -3.24179046e-02
 -1.91357937e-02 -5.82433641e-02 -1.96101181e-02 -2.98298206e-02
  4.18074578e-02 -3.02325878e-02  9.46973339e-02  3.51184234e-02
 -3.44232097e-02  3.52011360e-02 -4.52269204e-02 -4.77322862e-02
  3.77632375e-03 -4.63993885e-02 -4.66386639e-02 -5.91474846e-02
 -5.26971556e-02 -8.56721587e-03 -6.86852261e-02 -1.31324539e-03]"
Who is at risk of contracting Typhoid Fever?,"People traveling to or living in areas with high rates of Typhoid, particularly where water and sanitation infrastructure is poor, are at higher risk.",Those in or traveling to areas with high Typhoid prevalence and poor sanitation are at risk.,"Who is at risk of contracting Typhoid Fever? People traveling to or living in areas with high rates of Typhoid, particularly where water and sanitation infrastructure is poor, are at higher risk.","[ 1.30415246e-01  1.46464463e-02  7.20800757e-02 -4.13171872e-02
  6.64864806e-03  1.64978616e-02  7.78922737e-02  1.20580889e-01
 -1.51418634e-02  6.10448010e-02  2.14694664e-02 -3.30432951e-02
  9.06276256e-02  1.06222332e-01 -4.35694605e-02 -6.89408332e-02
 -3.44861932e-02 -6.76956028e-02 -2.32004561e-02 -1.72751993e-02
 -4.59638797e-02 -1.45658171e-02  4.82119583e-02 -6.34844527e-02
  8.18949006e-03 -7.70409033e-03  3.37066948e-02  8.95959698e-03
 -1.45556284e-02  6.00838922e-02 -1.08866304e-01  4.22319546e-02
 -2.83193793e-02 -4.20865119e-02 -1.17097683e-02  1.28381094e-02
 -2.67809816e-02 -2.13558357e-02  5.40263876e-02  7.27379695e-03
  8.98881629e-03 -5.52459769e-02  5.74998884e-03 -2.42827274e-03
 -3.79590169e-02 -2.08056252e-02 -8.32438376e-03 -9.75032430e-03
 -2.72686798e-02 -2.05191374e-02  4.18310799e-02 -1.88293457e-02
  9.98913124e-02  2.31116824e-02 -6.37313128e-02 -4.24750671e-02
 -3.00865192e-02 -9.46217105e-02 -1.11065462e-01  1.02833370e-02
 -1.29077211e-02 -2.74541080e-02  2.17398675e-03 -5.64716347e-02
  5.24012838e-03  5.07656671e-03 -1.32772780e-03  5.12998775e-02
  4.38081361e-02  3.15012634e-02 -3.57188447e-03  4.06638673e-03
 -4.67284620e-02  4.62482758e-02 -2.70650890e-02 -5.19436561e-02
  5.88895977e-02 -5.42958528e-02  3.47977243e-02 -1.34599842e-02
  6.89636692e-02  3.65117867e-03  1.00748435e-01 -1.60597973e-02
  4.42768820e-02  1.83092505e-02  6.74665766e-03 -3.28083825e-03
  3.65282595e-02  4.02416401e-02 -3.66458553e-03 -5.54464571e-02
  1.35918021e-01 -1.17684649e-02  4.66449466e-03  6.45298660e-02
 -3.16712335e-02 -3.48634236e-02 -5.21160811e-02  6.65356359e-03
 -1.16944738e-01 -1.14977211e-01  2.96700955e-03  6.30539581e-02
  6.08556569e-02 -1.92764513e-02 -2.69743092e-02 -1.31592646e-01
 -3.07172406e-02 -3.94505262e-02  4.69580553e-02  4.28735092e-02
  6.19567707e-02  2.54336316e-02 -4.29980457e-02  9.62508749e-03
 -2.82058530e-02 -8.75567123e-02 -2.03820728e-02  3.73550542e-02
 -4.01948839e-02 -6.45851195e-02 -3.92580144e-02  2.06364132e-02
  4.86584902e-02  4.41505294e-03  1.66935485e-03  1.06363376e-33
  9.39023942e-02  5.75079508e-02  2.91091464e-02  1.98985776e-03
  2.54470631e-02 -1.06224455e-02 -3.39069441e-02 -1.75486784e-02
  3.63864116e-02 -4.93901297e-02 -1.14603573e-02 -8.73718038e-02
 -9.84160788e-03 -2.84132008e-02 -2.31062677e-02  2.76584458e-02
 -5.09985373e-04  8.92589837e-02 -1.06132030e-01  7.82626644e-02
 -9.98663157e-03 -6.31155521e-02 -2.09016353e-02 -9.52140056e-03
 -4.90441285e-02 -3.52530144e-02 -3.01555134e-02 -8.12789984e-03
  9.44365188e-02 -6.90536760e-03 -1.25629725e-02  3.50433439e-02
  6.29434511e-02  2.15203315e-03 -1.19447699e-02  3.93149778e-02
 -6.64597452e-02  3.75811718e-02 -7.07511008e-02 -5.00700884e-02
 -7.24158362e-02  3.18806618e-02  3.66723128e-02  7.40201995e-02
  1.26899481e-01 -6.14878237e-02  5.10537960e-02 -6.81387931e-02
 -7.30159506e-02 -3.96030881e-02 -5.53596467e-02  2.10442189e-02
 -6.23578839e-02 -8.01532622e-03  3.86959724e-02 -6.45255297e-02
  5.37692122e-02 -1.05669275e-02  2.53964849e-02  5.07398918e-02
 -3.09435092e-02 -4.24168399e-03 -1.79995596e-02 -2.50057373e-02
  6.35090694e-02 -4.41344194e-02  8.04483593e-02 -5.06643467e-02
 -6.30753636e-02 -1.63322054e-02  2.03542691e-02 -3.91459651e-02
 -9.27886367e-02  8.93481076e-02 -3.13624106e-02  6.36172369e-02
  2.55617537e-02 -6.78845942e-02  2.33970843e-02 -4.88462485e-02
 -8.56334046e-02 -3.47685069e-02  9.12413821e-02  6.66329414e-02
  1.06785838e-02  5.64187616e-02  5.32553531e-03 -7.73776369e-03
 -3.28651443e-02  4.44368050e-02  5.23572601e-02 -1.97457871e-03
 -3.12173855e-03  5.29473647e-02  1.46761118e-03 -3.13063460e-33
 -3.98043320e-02  1.06297266e-02 -5.88700585e-02 -6.96375072e-02
  1.89882349e-02 -4.28216718e-03  4.46141586e-02 -4.15865444e-02
  9.93508771e-02  3.56133357e-02 -7.78517500e-02  1.39427520e-02
  3.71999368e-02 -2.94141658e-02 -1.87885426e-02 -4.56384011e-02
  4.28201370e-02  5.43505773e-02 -3.19246873e-02 -3.23165332e-05
 -4.73607033e-02 -4.18318771e-02  9.94470064e-03  6.70243353e-02
 -7.12562129e-02  5.34805693e-02 -6.75749034e-02  2.90078903e-03
 -1.40700355e-01 -7.70083582e-03 -7.50950277e-02  8.92590210e-02
  4.20168340e-02  1.09378966e-02  3.42117846e-02  8.65608156e-02
 -2.02602055e-02 -5.77131547e-02  3.48799378e-02 -1.44725395e-02
  3.92011181e-02 -6.60773972e-03  2.29320992e-02 -2.71558594e-02
  7.30182696e-03  7.85875171e-02  4.00432109e-05 -1.39108934e-02
  4.00036871e-02  2.44901739e-02  9.88291856e-03  2.78812088e-02
  1.66193079e-02  7.73223070e-03 -2.62771770e-02 -4.13982123e-02
 -2.50487048e-02 -1.17872268e-01 -1.43401092e-02  7.60675967e-02
  5.52207083e-02  4.33620140e-02  7.83274183e-04  7.77558908e-02
 -6.59714714e-02  7.14632508e-04 -7.05654621e-02  7.78278410e-02
  6.84492365e-02 -2.73621120e-02 -2.10019872e-02 -6.99410215e-02
 -1.26164714e-02 -2.80964337e-02  2.59623118e-02 -1.20889589e-01
 -3.04602962e-02  8.73339698e-02  8.62504840e-02 -5.65354228e-02
  4.52741496e-02  4.50114682e-02 -4.91076894e-02 -1.88141000e-02
  7.15673482e-03 -1.24597494e-02  5.03661521e-02 -8.91473070e-02
 -5.69435442e-03  5.28828055e-02 -9.67033803e-02  5.06272428e-02
 -1.31279245e-01 -3.33942771e-02 -2.03987230e-02 -2.87267419e-08
  1.28078371e-01 -3.10328905e-03  5.07080294e-02 -2.34053209e-02
  2.28430722e-02 -3.63680497e-02 -4.58604321e-02  6.07057065e-02
  1.05571672e-01  1.02936625e-01 -7.17701465e-02  9.28020254e-02
  2.52584089e-02 -8.18109512e-02 -1.99312754e-02  6.51930720e-02
 -3.78711931e-02 -5.35385460e-02 -1.01486906e-01 -5.35671487e-02
  2.78418753e-02 -2.37215729e-03  3.26359645e-02 -1.31186582e-02
  4.86037582e-02  4.55714762e-02 -8.24505812e-04  1.27622597e-02
 -9.40635893e-03 -1.59448653e-04 -3.13016213e-02 -2.48373933e-02
 -7.67627582e-02  8.77957344e-02  5.88842966e-02  2.35468689e-02
  2.93183662e-02 -1.14679523e-02  2.25998778e-02  4.98860236e-03
  2.64723673e-02  5.76956524e-03  1.06768562e-02  2.48216763e-02
  1.36506092e-02 -5.57559021e-02 -6.00158013e-02 -5.06446324e-03
  5.69770932e-02 -6.13215640e-02 -3.69913690e-03 -4.85961027e-02
  6.45275116e-02  3.10569983e-02 -8.52552727e-02 -1.13367634e-02
  1.06278639e-02  8.91408045e-03 -3.13732773e-03 -8.25318601e-03
 -5.31953424e-02 -4.40379344e-02  4.70474875e-03  2.70559569e-03]"
What are the long-term effects of Typhoid Fever?,"Some people who recover from Typhoid Fever can become carriers of the bacteria, potentially shedding it in their feces for years and causing a risk of spreading the infection. Chronic carriers may also experience gallbladder complications.",Long-term effects include potential chronic carrier status and gallbladder complications.,"What are the long-term effects of Typhoid Fever? Some people who recover from Typhoid Fever can become carriers of the bacteria, potentially shedding it in their feces for years and causing a risk of spreading the infection. Chronic carriers may also experience gallbladder complications.","[ 7.83804730e-02 -2.15517450e-02  1.22922011e-01 -1.52836563e-02
 -1.47743085e-02  3.46534289e-02  6.77298382e-03  7.77761415e-02
 -3.62061593e-03 -2.87329555e-02 -2.11795606e-02  8.37120935e-02
  7.76456967e-02  7.24066645e-02  1.26700420e-02 -4.98147234e-02
 -6.85417373e-03  3.09680197e-02 -2.08581667e-02 -6.69974014e-02
 -2.68438626e-02 -4.18274999e-02 -4.81180660e-03 -3.36210951e-02
 -2.67568938e-02 -4.75758463e-02  2.51566729e-04  1.76135525e-02
 -5.41030131e-02  1.68137047e-02 -1.04795195e-01  2.92357653e-02
  2.61862222e-02  3.73645611e-02 -5.29759303e-02 -6.14531571e-03
 -3.50457542e-02  4.21796776e-02 -3.03729507e-03 -3.15289712e-03
 -1.95319462e-03 -5.43953143e-02  1.47357443e-03 -3.09616290e-02
 -1.84846316e-02 -5.01216091e-02  5.84568363e-03 -1.69298854e-02
 -1.60100721e-02  6.76466376e-02 -2.25468799e-02 -2.31214408e-02
  1.04486309e-01  3.49304117e-02  1.45422062e-02 -1.84995122e-02
 -3.54858860e-02 -2.73960270e-02 -1.22412354e-01 -3.36630842e-06
 -7.79501721e-02 -8.71584751e-03  2.37891413e-02 -6.24653958e-02
 -2.49832906e-02 -4.87204641e-02 -8.57174303e-03  4.05845344e-02
  1.08582623e-01  3.89747247e-02 -2.94412114e-02  5.03858551e-03
 -9.33398753e-02 -6.90433830e-02 -7.43629336e-02  4.40258607e-02
  3.51187102e-02 -7.23462328e-02  3.25165913e-02 -3.15297432e-02
  4.68947180e-02  1.62933618e-02  8.38039145e-02 -8.40534747e-04
  1.15222633e-02 -2.69445758e-02  4.92428578e-02  1.82292685e-02
 -8.84415209e-02  1.30908355e-01  5.15972972e-02 -1.12054363e-01
  6.76967949e-02 -4.60094251e-02 -9.52482875e-03 -3.92774530e-02
 -5.72887361e-02 -5.91911338e-02  6.48523099e-04 -2.03323048e-02
 -8.27100202e-02 -8.14766362e-02 -1.59177911e-02  1.47452177e-02
  2.12915391e-02  4.32719439e-02  4.59272005e-02 -9.34454873e-02
 -7.31308106e-03 -3.96573655e-02  6.62247390e-02  7.70282373e-02
  4.81235012e-02 -1.56045854e-02 -5.28312810e-02  5.83490869e-03
 -4.66484353e-02 -6.27182424e-02 -7.00329244e-02  1.05225584e-02
 -5.08967526e-02 -6.37609735e-02 -1.99615061e-02  3.23115401e-02
  1.05116405e-02  3.72378528e-02  5.69095835e-02 -2.89202662e-35
 -1.57055836e-02  3.73164713e-02 -3.89941111e-02  4.40159254e-02
  3.64700593e-02  3.48448497e-03  1.23215811e-02  7.16728531e-03
  4.75098528e-02 -5.07060438e-02  2.62890682e-02 -2.60792184e-03
  1.00293104e-02 -1.37027092e-02 -2.42603458e-02  1.79739986e-02
 -1.26995118e-02  1.12483375e-01  4.10565659e-02  5.67871965e-02
 -1.33396462e-02 -6.86731711e-02 -1.11963274e-02 -3.41964625e-02
  3.76490317e-02 -2.22238656e-02 -3.87730040e-02  4.51488011e-02
 -3.22188661e-02 -4.78340173e-03 -2.69753113e-02  2.23864261e-02
 -2.67251097e-02  5.89062683e-02 -1.32520236e-02  4.09876518e-02
 -2.03169044e-02  3.52871194e-02  4.53885598e-03  6.63037552e-03
 -1.93469543e-02  8.42634495e-03  1.48528283e-02  1.20061532e-01
 -5.27298730e-03 -7.12357759e-02 -1.76337808e-02  1.16094202e-02
 -3.92053723e-02 -6.54190662e-04 -2.04765443e-02 -2.52938215e-02
 -7.14644194e-02 -7.49771893e-02  1.48174223e-02 -1.56547800e-02
  4.32836823e-02 -7.41180927e-02  1.46588739e-02  9.88425966e-03
  5.64245693e-02  3.73750031e-02 -2.22832374e-02  3.73117888e-04
  2.96328706e-03  1.94998719e-02  2.81574111e-02 -6.96575493e-02
 -1.12424389e-01 -9.03802272e-03  3.63037288e-02 -8.20802748e-02
 -3.72571195e-03  5.58251664e-02 -2.00761966e-02  5.53288236e-02
 -5.49264848e-02 -1.30727872e-01  2.58481409e-02 -6.19211644e-02
 -3.86233330e-02 -9.09808129e-02  1.08583227e-01  1.22559450e-05
  3.31328958e-02  6.60238042e-02  7.52711343e-03 -1.06694981e-01
  3.58984470e-02 -1.28719909e-02  8.30875710e-02  6.79379888e-03
 -5.64187728e-02  1.09396748e-01  1.54144010e-02 -2.41364677e-33
 -1.85356550e-02  4.19638865e-02 -9.98182222e-02 -1.22670889e-01
 -3.51466127e-02  5.13455756e-02 -6.39612377e-02  1.14602402e-01
  4.13117595e-02 -5.90557568e-02 -1.05140647e-02 -3.24120484e-02
 -4.76335362e-02 -3.38187292e-02 -4.79995608e-02 -4.82859984e-02
  8.65144953e-02 -3.27805639e-04 -7.19024315e-02  3.70109417e-02
 -5.26174977e-02 -6.81086853e-02 -1.13629699e-02  2.13355534e-02
 -6.29850402e-02  7.03669265e-02 -6.31043641e-03 -3.34588258e-04
 -5.15054390e-02  6.51988899e-03  2.95989979e-02  1.93075091e-02
  2.47647893e-02 -1.29445149e-02  9.28411484e-02  1.04989015e-01
  3.47253382e-02 -6.74846172e-02  4.30232771e-02 -4.00011949e-02
  5.36239445e-02 -2.14220025e-02  1.17671512e-01 -1.18207578e-02
  7.10485578e-02  3.76022793e-03 -3.04745864e-02  4.99917530e-02
  1.03154875e-01  2.81249564e-02  5.92073016e-02 -4.91447411e-02
  5.39591201e-02 -4.74377610e-02 -3.56786102e-02 -2.49901991e-02
 -5.83699159e-02 -1.23024166e-01 -3.79287414e-02 -1.99603718e-02
 -5.35235815e-02  1.74287270e-04  6.44982606e-02  5.89232668e-02
 -3.94702777e-02 -2.28159390e-02 -2.30515543e-02 -1.47607562e-03
  8.55190903e-02  3.03686061e-03 -5.23318350e-03 -9.74292122e-03
 -8.00900087e-02  4.48442511e-02  2.09097583e-02 -3.47574949e-02
 -5.99679276e-02  3.88080515e-02  8.90333354e-02 -9.89125762e-03
 -1.91069487e-02  5.45430481e-02 -4.81961146e-02 -5.66514470e-02
 -1.25724729e-02 -1.07974932e-02 -1.63740478e-02  4.46939580e-02
  9.20659956e-03  3.70086427e-03  4.65503857e-02 -9.74446442e-03
 -9.14612785e-02 -1.17213512e-02 -6.19909912e-03 -3.24627685e-08
  8.08737352e-02  2.99975066e-03 -5.82496682e-03  6.11073375e-02
 -1.12477541e-02 -6.84445426e-02 -2.36335974e-02  3.64187546e-02
  1.35700271e-01  5.83745688e-02 -8.91014338e-02  1.96472496e-01
  2.42506191e-02 -6.35583848e-02 -6.02439158e-02  1.01052821e-01
 -6.22989163e-02 -8.87768641e-02  3.47846490e-03 -5.85549586e-02
 -1.31800752e-02 -3.40718105e-02  1.91216990e-02  4.27566655e-02
  3.05287521e-02  6.46120384e-02 -5.11409622e-03 -9.74287838e-03
 -2.49425583e-02 -3.11889290e-03 -4.38350439e-03 -2.72661494e-03
 -7.86744803e-02  1.00981019e-01  8.02854523e-02 -2.33174255e-03
  2.00572647e-02  2.48010969e-03  5.16378656e-02  8.70792195e-02
  3.75909507e-02  3.18098888e-02  4.08966187e-03  1.38016921e-02
 -3.62095162e-02 -7.51243010e-02 -2.42219418e-02  1.26525655e-03
  1.27892401e-02 -2.72588097e-02  5.10991216e-02  4.89349440e-02
  8.29839800e-03  3.96739244e-02 -4.38956358e-02  2.04143468e-02
  5.08426726e-02  8.91073793e-03  4.95989509e-02 -1.92525573e-02
 -2.39985213e-02 -2.83242911e-02 -2.02176832e-02 -1.48454634e-02]"
Can animals transmit Typhoid Fever to humans?,Typhoid Fever is primarily transmitted between humans. There is no significant evidence of animal to human transmission in the case of Typhoid Fever.,Typhoid Fever transmission is predominantly human to human; animal transmission is not significant.,Can animals transmit Typhoid Fever to humans? Typhoid Fever is primarily transmitted between humans. There is no significant evidence of animal to human transmission in the case of Typhoid Fever.,"[ 5.26811294e-02  4.29245783e-03  5.28274924e-02 -2.32233554e-02
 -2.00858023e-02 -3.15880240e-03  1.01175286e-01  2.42607109e-02
  2.06122044e-02  2.26495788e-02  5.55273797e-03  8.11046176e-03
  4.70210575e-02  1.06597751e-01  7.59394541e-02 -6.79604039e-02
  3.20255272e-02  6.32638205e-03  2.32275818e-02  3.24986838e-02
 -4.25791517e-02  3.39515135e-02  1.20099997e-02 -2.36359239e-02
  1.27822515e-02 -8.65978152e-02  1.52747631e-02 -2.25603934e-02
 -3.06898486e-02  5.74590191e-02 -1.07640222e-01 -7.67554203e-03
 -5.27108163e-02  1.25371544e-02 -5.75707667e-02 -2.75643989e-02
  2.06970125e-02 -3.51292118e-02  5.06061390e-02  9.80622470e-02
  1.79779455e-02 -9.94238183e-02  3.60080041e-02 -1.84621464e-03
 -5.24315126e-02  6.40604794e-02 -5.77478632e-02 -6.14774413e-03
 -8.10644403e-03  3.15287896e-02 -4.69475351e-02  8.98828059e-02
  1.15502618e-01  8.85522962e-02 -8.55473429e-02 -1.69348251e-02
  2.14976142e-03 -2.60866713e-02 -3.90933119e-02 -2.32712943e-02
 -4.49371226e-02  4.24887948e-02  6.81580529e-02  1.46890264e-02
 -2.26005330e-03 -5.34552969e-02 -5.32503240e-02  5.43389022e-02
  1.90606378e-02 -7.70348236e-02  5.11908494e-02  2.39133909e-02
  2.00509783e-02 -1.74330175e-02 -1.38463220e-02  2.55945679e-02
  7.67030716e-02 -1.61196571e-02  3.87011580e-02 -1.69208553e-02
  3.29175666e-02 -2.16959901e-02  1.30785182e-01 -7.79440179e-02
  1.90097392e-02  7.43736029e-02  5.20449504e-02  7.67501593e-02
 -1.07556567e-01  7.20261112e-02 -3.28301378e-02 -5.89655004e-02
  5.11764735e-02 -5.02697639e-02 -3.06421369e-02 -4.87258248e-02
 -3.41482237e-02  3.94272502e-04  3.47887129e-02 -1.70060638e-02
 -1.12781473e-01 -7.93686062e-02 -4.75462265e-02 -4.79597040e-02
  1.24001820e-02  3.23416777e-02 -3.67238633e-02 -6.32554218e-02
  1.49822198e-02  2.53381692e-02 -3.42893600e-02  4.51928787e-02
  4.35181111e-02 -1.99722592e-02  6.68376535e-02 -2.34801602e-02
 -9.00398791e-02 -9.10800397e-02 -2.49757953e-02 -4.82995249e-02
  2.94940174e-02 -7.41829118e-03  2.80171819e-02  4.20331508e-02
  1.18945152e-01  1.67219469e-03  7.71599412e-02  1.70909366e-33
  5.40291555e-02  1.49273910e-02  2.21254490e-02 -1.27692362e-02
 -7.99643993e-03  8.36624801e-02 -3.16534974e-02  5.78607619e-03
  5.41276895e-02 -4.77910526e-02 -7.12740198e-02 -4.83084135e-02
  2.99784653e-02  3.53727713e-02 -6.52789045e-03  4.55835946e-02
  4.06208597e-02  3.05376924e-03  2.49883700e-02  8.44035298e-03
  4.78564166e-02 -2.58044377e-02 -7.43174832e-03 -4.74287719e-02
 -2.99624191e-03 -3.19562405e-02 -8.76184478e-02 -5.18447608e-02
  6.95075169e-02 -5.61527349e-03 -6.68465421e-02 -1.65925864e-02
  5.35746012e-03  7.37056583e-02 -3.90289798e-02 -3.66831664e-03
 -2.97709219e-02 -4.14327122e-02  1.57966763e-02 -4.99554630e-03
  6.86050132e-02 -1.46638067e-03  1.73039921e-02  3.94625701e-02
  3.83372195e-02 -2.27017943e-02 -2.95277149e-03 -5.65352142e-02
 -4.42082360e-02 -5.65956235e-02  2.29389425e-02 -1.99745167e-02
 -4.80562635e-02 -1.20517500e-01  2.90785078e-02 -1.77526604e-02
  5.82176782e-02  1.27643896e-02  2.77318656e-02  9.46725458e-02
 -4.47513238e-02 -7.13475654e-03  2.36759372e-02 -4.93199229e-02
  8.65387991e-02 -6.51860908e-02  1.63899679e-02 -5.98083213e-02
 -7.27455691e-02  4.42091329e-03  2.71460526e-02  1.05233537e-03
 -4.58867997e-02 -5.57925086e-03 -1.33693013e-02 -9.76188667e-03
  4.45399545e-02 -7.53661841e-02  4.31484990e-02 -6.48162663e-02
 -1.07847296e-01 -7.08112819e-03  1.04629651e-01 -2.74336413e-02
  1.68310143e-02  6.35531768e-02  4.69836071e-02 -2.31655054e-02
 -2.81159524e-02  2.79314406e-02  8.29527378e-02 -7.75875151e-03
 -8.03626403e-02  2.84831375e-02  5.88207543e-02 -3.55651363e-33
 -5.25264181e-02  5.98682873e-02 -7.61669949e-02 -7.11295083e-02
 -6.25960156e-02  2.83735711e-02  8.02104101e-02  3.98713052e-02
  2.02812385e-02  9.38701779e-02  1.27721550e-02 -7.61837736e-02
  1.35139190e-03 -7.02181235e-02 -6.64492548e-02 -8.97980928e-02
  7.54740834e-02  2.35077534e-02 -4.95497463e-03 -6.48602173e-02
 -1.39882267e-01 -7.92876631e-02  1.45088742e-02 -9.57964640e-03
 -5.30651445e-03  2.30692122e-02 -5.09059727e-02  7.55372941e-02
 -4.41101491e-02  7.59834331e-03  4.02129255e-02  6.43710569e-02
  5.85630350e-03 -3.29485238e-02  8.01652744e-02  4.12810035e-02
  7.38282353e-02 -5.26737534e-02  5.11519425e-02 -1.04602473e-02
  6.69151638e-03 -1.47776380e-02 -7.37453019e-03  1.44650890e-02
 -1.54418098e-02  1.14665732e-01 -6.18027039e-02 -5.75777739e-02
 -7.34090852e-03  4.98867929e-02  3.94194759e-02  7.26692844e-03
  3.76995932e-03 -1.58516258e-01 -7.14479834e-02  5.04201790e-03
 -2.43880656e-02 -1.41869694e-01  5.09459712e-02 -5.40811159e-02
  3.07707936e-02 -3.67723708e-03 -1.36861540e-02  9.62777250e-03
 -4.58324179e-02 -1.38361165e-02  2.77384035e-02  2.48026438e-02
  4.95259464e-02  2.66488548e-02 -1.90770738e-02  6.69026002e-02
  8.39878432e-03 -1.29285557e-02  8.54916051e-02 -4.64896560e-02
  4.13179956e-02 -9.11554880e-03  1.23719901e-01 -8.34640786e-02
  4.07217070e-02  1.38157038e-02 -2.31768638e-02 -5.65573713e-03
  5.22521734e-02 -1.23824636e-02  2.07305811e-02  1.09811304e-02
 -7.51622813e-03  1.13699120e-02 -2.74901837e-02  1.61660165e-02
  5.77170285e-04 -5.75774126e-02  7.22884201e-03 -2.69382614e-08
  4.61107716e-02  5.80376899e-03  2.90343128e-02  2.31724163e-03
 -2.12872997e-02  5.55565692e-02 -7.14583322e-02 -1.51679674e-02
  1.09284930e-01  4.43116874e-02 -1.36438206e-01  5.94055057e-02
 -1.15809767e-02 -1.35984411e-02  4.64116409e-02 -3.51347849e-02
  3.39889787e-02 -1.10857055e-01  4.23563551e-03 -7.58821517e-02
 -1.65987443e-02 -3.13233174e-02 -2.30333209e-02  7.57443393e-03
  4.43000756e-02  7.12864241e-03 -3.03990282e-02 -4.85801091e-03
  3.31683345e-02 -5.95851652e-02 -9.40466896e-02 -3.68544310e-02
 -9.31419730e-02  5.91348819e-02  1.19420335e-01  2.88758054e-02
  6.62957951e-02 -1.92725938e-02  1.73190832e-02 -3.07109244e-02
  5.74542210e-02  4.17808294e-02 -1.42069645e-02  6.45978795e-03
  1.11109391e-02 -2.36721858e-02 -8.07999261e-03 -5.64718843e-02
  1.81855876e-02 -5.00682928e-02  1.84555969e-03 -4.14535291e-02
  4.44083847e-02 -4.32239585e-02 -8.72892886e-02 -8.21770653e-02
 -3.25118043e-02 -2.73522213e-02  2.90070400e-02 -4.51428480e-02
 -2.89169904e-02  4.28325273e-02  3.06784362e-02  3.57136875e-02]"
How do healthcare workers protect themselves from Typhoid Fever?,"Healthcare workers protect themselves by following strict hygiene practices, including handwashing, and using protective equipment when necessary, especially in areas with high rates of Typhoid Fever.",Healthcare workers use strict hygiene practices and protective equipment to prevent Typhoid infection.,"How do healthcare workers protect themselves from Typhoid Fever? Healthcare workers protect themselves by following strict hygiene practices, including handwashing, and using protective equipment when necessary, especially in areas with high rates of Typhoid Fever.","[ 1.89919826e-02  7.90537447e-02  1.40731633e-01 -5.12036048e-02
  3.04942522e-02  3.87430526e-02  9.10558179e-02  3.73914391e-02
 -2.59051360e-02  1.44068114e-02 -2.45906468e-02  3.03430874e-02
  4.30279374e-02  6.94391131e-02 -4.24414836e-02 -8.01289007e-02
 -6.84806239e-03  7.76969548e-03 -2.70877182e-02 -1.47782527e-02
 -3.94510105e-02 -6.40115468e-04  4.23058607e-02 -7.28426725e-02
 -3.77294496e-02  6.98247645e-03  3.18168029e-02 -1.63112096e-02
  1.06361264e-03  4.60837632e-02 -5.03041111e-02 -2.79655755e-02
 -4.25069034e-02  2.05239411e-02 -1.12796873e-01  2.21468532e-03
  1.77504923e-02  3.78770550e-04  5.13304630e-03  5.83136119e-02
 -3.03790011e-02 -4.35871892e-02 -1.28106691e-03  3.27683194e-03
  1.05400300e-02  5.94724268e-02  2.98144557e-02  4.23594452e-02
  2.66099386e-02 -1.49327759e-02 -1.17186708e-02  5.86813316e-02
  1.00805998e-01  2.79335622e-02 -9.42707621e-03 -2.96488348e-02
  8.68199300e-03 -1.08166315e-01 -1.32995725e-01  3.74351628e-02
 -1.97792519e-02 -6.10476509e-02  1.33989882e-02 -1.82885043e-02
 -2.40365863e-02  6.89043896e-03 -3.87466699e-02  8.67526755e-02
  3.31339873e-02  1.12708844e-02 -4.40229513e-02  3.01302914e-02
  3.98190022e-02  4.70445566e-02  2.81467009e-02  2.55426094e-02
 -1.44662829e-02 -1.14499971e-01  2.89249327e-02  1.21722918e-03
 -1.43709183e-02 -2.14750841e-02  1.18057907e-01  7.96661451e-02
  1.12722022e-02  2.79486403e-02  3.91679304e-03 -1.72141427e-03
  4.70996797e-02  2.04733312e-02 -3.03853657e-02 -6.30189106e-02
  4.13274989e-02 -7.51427859e-02  3.53349671e-02 -1.49511648e-02
 -3.19031961e-02  5.67320511e-02 -3.53477821e-02 -1.56548396e-02
 -4.73400168e-02 -1.33748323e-01  5.16245998e-02  5.16062938e-02
  2.63409130e-02 -2.86542606e-02 -5.85173676e-03 -1.37720168e-01
 -2.42891088e-02 -2.10871119e-02  6.47656918e-02  7.49400035e-02
 -4.39707004e-02  7.64617184e-03 -5.93630336e-02 -4.25232425e-02
 -1.97183602e-02 -6.34617880e-02 -3.51030603e-02  5.90776689e-02
  8.10295157e-03 -5.19931987e-02 -7.61455623e-03 -3.36848348e-02
  4.95888926e-02  2.22562626e-02  7.37021193e-02  1.51119579e-33
  5.36502302e-02  9.11280960e-02  6.23927414e-02 -6.41714185e-02
 -3.09236627e-02 -1.10908747e-02 -2.62142196e-02 -3.67884748e-02
  7.67971799e-02  2.42769327e-02  6.03852514e-03 -8.64109863e-03
  1.55474385e-02  6.21901127e-03 -1.71135422e-02  6.23488538e-02
 -6.31773993e-02  2.13005375e-02 -7.67729059e-02  8.26532990e-02
  2.02165656e-02 -5.93991466e-02 -1.99459195e-02  5.73970638e-02
 -7.09870532e-02 -5.22239059e-02 -2.03309879e-02  5.71095990e-03
  8.96651149e-02  1.97672527e-02 -2.05778982e-03  3.03638987e-02
  1.08862733e-02  7.03073516e-02 -7.95197114e-02  6.24457598e-02
 -7.53449574e-02  1.83084961e-02  6.23214990e-03 -1.16838306e-01
 -4.99948710e-02 -1.09439809e-02  4.29518670e-02  2.38802042e-02
  5.20145483e-02 -2.02992093e-02 -6.99461475e-02 -3.39291990e-02
 -1.61773376e-02 -2.02865340e-02  2.25328021e-02  5.41907921e-03
 -1.68088060e-02 -5.04984558e-02  6.28988678e-03 -7.98467249e-02
  3.06119937e-02 -3.23332171e-03  2.19531525e-02  5.70834391e-02
 -2.64589139e-03  1.58035364e-02 -1.29097207e-02  2.09976565e-02
  1.94825940e-02 -3.29533219e-02  5.86412251e-02 -3.78438979e-02
  1.64644085e-02 -1.00714760e-02  1.85243860e-02 -8.24920926e-03
 -1.04220174e-01  3.54496948e-02 -8.02101567e-02  2.97046006e-02
  5.10461107e-02 -4.46748994e-02  2.28002295e-02 -3.90934162e-02
 -5.23322709e-02 -2.43807863e-02  7.89274946e-02  1.05429469e-02
 -6.29891641e-03  6.21727668e-02  2.41023209e-02  3.46090272e-02
  1.06695555e-02 -4.93269563e-02  4.45995703e-02 -2.05113105e-02
  2.65576877e-03  6.24339059e-02 -5.12573794e-02 -3.38237663e-33
  5.02755865e-02  6.27530273e-04 -5.57309911e-02 -3.87604609e-02
 -5.21831997e-02 -1.89744830e-02  4.69579420e-04 -1.74938645e-02
  1.38639165e-02  1.77935436e-02 -3.86425145e-02 -1.61435213e-02
 -4.18910123e-02  2.42723827e-03 -4.32953425e-02 -7.54471719e-02
  6.16914332e-02  5.62004298e-02 -6.28786236e-02  4.86588746e-04
 -2.33688485e-02  5.15101990e-03  7.30558187e-02  9.59824398e-02
 -5.68076260e-02  2.31187064e-02 -7.78981820e-02  1.74843483e-02
 -1.03796115e-02 -2.77891047e-02 -7.76799396e-02  4.20145281e-02
  9.03320536e-02 -4.84465715e-03  3.39491479e-02 -9.72157530e-03
 -3.52505669e-02 -2.61909347e-02  7.84235299e-02  5.53468289e-03
  7.22252503e-02 -4.73068915e-02 -8.79577734e-03  4.14245110e-03
  2.15308964e-02  4.86161821e-02 -9.35596153e-02 -5.67438714e-02
 -2.21508779e-02 -7.47796427e-03  3.57632637e-02 -3.13239768e-02
  1.57967675e-02 -7.17850998e-02 -4.47776169e-02 -1.95641238e-02
  2.92658880e-02 -1.57313988e-01 -1.32218180e-02  3.33505198e-02
  2.49595866e-02 -3.35511863e-02  7.20185740e-03  1.01111151e-01
 -8.54510441e-02 -3.68750319e-02  2.32088696e-02  1.08007178e-01
  2.75675561e-02 -2.09451392e-02 -8.53300393e-02  8.64005182e-03
  6.51374906e-02 -3.51783819e-02  2.35110745e-02 -1.07131630e-01
 -8.52581933e-02  2.69744303e-02  5.06990515e-02 -2.34984141e-02
  1.42889405e-02 -4.10838611e-02 -3.14608812e-02  4.90813330e-02
  3.10540870e-02  1.26342978e-02  4.45911214e-02 -6.42458871e-02
 -4.66834605e-02  1.79772060e-02 -7.67655671e-02  2.97506638e-02
 -1.22182779e-01  2.97488719e-02 -7.54440320e-04 -2.92953697e-08
  1.32999063e-01 -2.75728293e-02  9.08982381e-02  1.53852534e-02
 -5.99906370e-02 -3.87699306e-02 -2.51919087e-02  2.53360998e-02
  1.37097433e-01  5.75911887e-02 -5.11596240e-02  6.67066276e-02
  4.09667417e-02 -4.47212085e-02  4.82257940e-02  6.18562140e-02
 -4.79994118e-02 -4.86233048e-02 -1.10375367e-01 -9.71993059e-02
  3.91287617e-02 -5.28752431e-02  7.65997916e-02  3.21775004e-02
  5.06180152e-02  8.67066085e-02 -7.38285929e-02 -4.08813804e-02
 -1.60309505e-02  7.65195712e-02 -4.62784171e-02 -1.33051034e-02
 -9.06818211e-02  3.39853615e-02  1.69283822e-02  5.36914654e-02
  9.75716934e-02 -6.91167489e-02  7.65036121e-02 -4.70500067e-02
 -3.87593056e-03 -5.06165391e-03 -2.91265603e-02  2.90828031e-02
  5.03657036e-04 -8.44972283e-02 -2.26148982e-02  1.53854424e-02
  5.06669283e-03 -3.35102081e-02  7.78718516e-02 -5.21980319e-03
  7.43770301e-02  8.39215666e-02 -1.27390310e-01 -1.00390511e-02
  5.14243655e-02 -3.03621106e-02  5.13579436e-02 -8.96838959e-03
 -3.87288444e-02  5.84838039e-04  5.14187403e-02  3.87202688e-02]"
What role do environmental factors play in the spread of Typhoid Fever?,"Environmental factors such as contaminated water sources, poor sanitation, and overcrowding contribute significantly to the spread of Typhoid Fever, particularly in developing countries.","Contaminated water, poor sanitation, and overcrowding are key environmental factors in Typhoid spread.","What role do environmental factors play in the spread of Typhoid Fever? Environmental factors such as contaminated water sources, poor sanitation, and overcrowding contribute significantly to the spread of Typhoid Fever, particularly in developing countries.","[ 1.39295995e-01  2.84114443e-02  1.52378947e-01 -5.50683737e-02
  1.08406089e-01  2.41558999e-02  1.75095238e-02  6.23005256e-02
 -2.53381040e-02  7.50951096e-02  1.20632751e-02 -4.76234630e-02
  7.68199041e-02  7.82707185e-02  3.02651823e-02 -3.59755121e-02
 -6.23282716e-02 -2.35440917e-02 -1.22704133e-01 -5.71094230e-02
 -8.33850354e-02 -1.34620005e-02  7.03829005e-02 -8.68919492e-02
 -7.42892921e-02 -6.73131552e-03  1.52808996e-02 -3.71849816e-03
 -2.98508909e-02  2.46897358e-02 -1.46601135e-02  1.19430564e-01
 -1.23531222e-02 -5.46689741e-02 -9.16984156e-02 -5.59449336e-03
  5.92446141e-03 -7.62725109e-03  2.97564571e-03  4.57917415e-02
  2.93031242e-02 -9.68853757e-03 -2.20957864e-03 -2.21856944e-02
  9.83700436e-03 -1.83620509e-02  1.14034498e-02  5.12229875e-02
 -5.31257540e-02 -2.67909355e-02  2.63769794e-02  4.63601127e-02
  5.31501360e-02  6.29244149e-02 -6.26454875e-02 -2.83174049e-02
  9.41587891e-03 -4.75013927e-02 -1.06433652e-01 -2.06395015e-02
 -1.49989044e-02  1.02285836e-02 -3.89422774e-02 -4.91610579e-02
  5.88435270e-02 -5.72485588e-02 -7.50507088e-03  6.38905689e-02
  2.96913944e-02  2.50295773e-02  3.85065414e-02  6.60426915e-02
 -1.13900919e-02 -2.73253918e-02 -5.60520440e-02  1.25086587e-02
  2.04404797e-02 -6.63098618e-02  4.20798324e-02  2.85671744e-02
  1.13687232e-01 -1.86742395e-02  1.10938489e-01 -1.31163150e-02
  1.90634727e-02 -1.48483412e-02  6.03997484e-02 -3.28639224e-02
 -5.15707172e-02  7.46626556e-02  2.96040196e-02 -8.72280523e-02
  7.15974718e-02 -3.76663245e-02  1.01426272e-02  3.28041464e-02
  2.27457983e-03 -3.66798379e-02  6.23431429e-02 -1.76498294e-02
 -9.04745311e-02 -1.41523838e-01  8.84759240e-04  3.11246980e-02
  4.78774495e-02 -6.33860379e-02 -1.10213785e-02 -4.78073247e-02
  7.70013407e-03  3.79391015e-03 -8.80239008e-04 -5.28634060e-04
  3.21950838e-02  2.43958160e-02  2.48514488e-02 -3.99193577e-02
  1.14445044e-02 -7.67906904e-02 -8.12132191e-03 -7.20503703e-02
  2.29696296e-02 -5.50497286e-02 -6.63610846e-02  4.00472246e-02
  6.80653751e-02  1.42927989e-02  1.04539189e-02  2.21708222e-34
  1.21157411e-02  9.92169324e-03  4.31057997e-02  2.02846248e-02
  2.17565335e-02 -8.38619750e-03 -2.87981052e-02  9.78343934e-03
  5.40477820e-02 -2.14873906e-02 -4.52643782e-02 -2.46439036e-02
 -5.15733089e-04  3.38251628e-02 -3.57845500e-02 -1.06043192e-02
 -1.26806991e-02  1.05199210e-01 -1.38765527e-02  5.35282828e-02
 -9.69264482e-04 -6.03361726e-02 -3.71282771e-02 -2.53440831e-02
  4.05964861e-03 -3.12206578e-02 -1.44201154e-02  1.87813640e-02
 -5.94666274e-03 -1.89055838e-02  3.03621236e-02 -1.23831322e-02
 -3.89505550e-02  1.28912674e-02  7.50661269e-02 -3.24133900e-03
 -6.00277595e-02  2.18332876e-02  2.05431017e-03 -2.13189181e-02
 -5.53901680e-02  9.80301015e-03 -2.44667195e-02  4.35500629e-02
  5.82548864e-02 -5.27440310e-02 -1.08542889e-02 -8.13717116e-03
  1.60535052e-03  2.15485562e-02 -1.09605044e-02  2.53711306e-02
  2.24992055e-02 -9.27131921e-02  4.47734259e-02 -3.33792008e-02
  7.52265975e-02 -7.25108683e-02 -1.76384952e-02  3.58080678e-02
 -2.95468736e-02 -2.03519333e-02 -2.47980896e-02 -1.65281445e-02
  1.05547950e-01 -5.70105314e-02  9.55967084e-02 -3.93914580e-02
 -2.17786506e-02 -1.43944435e-02  3.42463329e-02 -9.84057970e-03
 -9.14313272e-02  9.70571786e-02 -3.50250341e-02  4.36153710e-02
 -1.02184648e-02 -1.00719348e-01  1.70143321e-02 -1.26621807e-02
 -8.11175928e-02 -3.76738980e-02  4.98929806e-02 -4.04948518e-02
 -5.38039207e-02  2.02163905e-02  3.50989066e-02 -3.73451374e-02
 -5.21093207e-05 -2.24041892e-03  7.49904513e-02  3.54157388e-03
 -4.58339490e-02  4.42781560e-02  2.38125380e-02 -2.03966343e-33
 -3.03510576e-04  2.24830061e-02 -8.47879350e-02 -1.01967029e-01
 -2.30369605e-02  2.67887227e-02 -3.36194336e-02  8.64582136e-03
  1.29413515e-01  5.33337668e-02 -3.82847898e-02  3.91586050e-02
  4.42290530e-02 -2.55083777e-02 -3.50863375e-02 -6.83655217e-02
  5.12765646e-02  1.12778150e-01 -1.72389708e-02 -2.50369031e-02
 -9.73629057e-02 -6.30278438e-02  6.77780733e-02  2.32369220e-03
 -6.88859075e-02  5.03393337e-02 -6.93126246e-02  6.55399542e-03
 -4.95057665e-02  4.71463650e-02 -6.44736513e-02  6.05718642e-02
  4.68413457e-02  2.22040545e-02  1.87330525e-02  9.89055932e-02
  1.23172319e-02 -5.72481677e-02  7.79906064e-02 -1.64777767e-02
 -1.69347308e-03 -1.31141432e-02  8.19444880e-02 -2.62386389e-02
  2.25022901e-02  7.87290633e-02 -1.85226649e-02  5.83593026e-02
  6.98634908e-02  2.76655005e-03  6.77837655e-02  2.60884762e-02
  1.75268594e-02 -1.22179603e-02 -3.94013673e-02 -5.51407505e-03
 -5.35172119e-04 -9.12774205e-02  9.89596266e-03  9.34742671e-03
  5.05220890e-02  4.77100685e-02  2.24908423e-02  3.88315693e-02
 -1.11572377e-01 -4.88907583e-02  5.17745037e-04  4.62878495e-02
  5.82535900e-02 -4.67961989e-02 -1.25831306e-01  4.19219304e-03
 -8.16895254e-03  2.86711212e-02 -2.73663923e-02 -6.93782046e-02
 -6.28746971e-02  2.90501434e-02  7.80264288e-02  1.52180167e-02
  2.61447281e-02  3.21433321e-02 -5.95863983e-02 -8.49328116e-02
 -4.99015749e-02  4.10372354e-02  2.05665343e-02 -8.18315297e-02
  6.11250056e-03  8.69348552e-03 -7.43922368e-02  2.36341008e-03
 -1.21487029e-01  2.83567272e-02 -2.11650189e-02 -2.88992350e-08
  1.19230382e-01 -3.34912464e-02  5.72490990e-02  1.49743995e-02
 -4.10054959e-02 -5.50698489e-02  1.28919119e-02  9.37416181e-02
  1.35303289e-01  9.34469178e-02 -1.03149749e-01  1.21465646e-01
  9.23578441e-03 -2.35544145e-02 -9.91480984e-03  6.65135169e-03
 -3.44076790e-02 -1.25266522e-01 -8.93225893e-02 -7.92772919e-02
  5.62466606e-02 -4.28478681e-02  3.20346281e-02  2.07224060e-02
  7.17166960e-02  1.71105680e-03 -1.46328444e-02 -4.53807320e-03
  1.09386072e-02 -9.22303274e-03  3.92555818e-02 -2.67786477e-02
 -8.85346383e-02  3.75296474e-02  2.95673944e-02  5.54765947e-02
  3.07233315e-02 -5.51005686e-03 -4.14705575e-02  2.67995242e-03
 -1.34133908e-03 -4.52979188e-03 -2.37979889e-02  5.49040921e-03
  1.13599636e-02 -5.99717796e-02 -5.26439101e-02  2.37003714e-02
  6.03193343e-02 -5.97591810e-02  1.69813149e-02 -3.51538770e-02
  2.04445701e-02 -7.15681445e-03 -9.29590687e-02  1.69591513e-02
  1.64730418e-02  3.35091315e-02  4.89934273e-02 -8.48588254e-03
 -4.41518910e-02  4.94451709e-02  1.19244391e-02  2.70176455e-02]"
How is the international community responding to Typhoid outbreaks?,"The international community, through organizations like the WHO, supports vaccination programs, improvement in water and sanitation infrastructure, and public health education to control Typhoid outbreaks.","The WHO and other organizations support vaccination, improved sanitation, and public health education to control Typhoid.","How is the international community responding to Typhoid outbreaks? The international community, through organizations like the WHO, supports vaccination programs, improvement in water and sanitation infrastructure, and public health education to control Typhoid outbreaks.","[ 5.56695499e-02  1.30836302e-02  9.67229828e-02 -4.00988124e-02
  1.23438996e-03  9.50711221e-03  3.90872136e-02  4.19889204e-02
 -1.16359890e-02  3.38572450e-02  4.09711106e-03 -3.04459110e-02
  1.00715701e-02  1.17856242e-01 -1.88497230e-02 -1.25592379e-02
 -4.81270291e-02  3.38789891e-03 -5.04445322e-02 -5.76448366e-02
 -7.37658069e-02  2.52062436e-02  1.22958817e-01  8.77504144e-03
 -1.14554197e-01  1.16091240e-02 -4.02090922e-02 -2.62554456e-02
 -4.66203578e-02  2.08696462e-02 -3.26205902e-02  1.47291264e-02
  5.92145021e-04  8.40315502e-03 -2.16704104e-02  4.37215492e-02
  1.93946250e-02  2.35314555e-02  4.77622077e-02  2.29577292e-02
  4.83337790e-03 -9.53215957e-02  1.73081737e-02 -2.60392465e-02
  4.50380370e-02  1.09241465e-02 -5.28021231e-02  6.94786608e-02
 -4.57335822e-02 -4.97548841e-03  3.68103012e-02 -4.10960391e-02
  9.27816033e-02  1.59808397e-02 -2.50234846e-02 -3.89307030e-02
  3.31621580e-02 -5.18035516e-03 -4.51181941e-02 -1.05239242e-01
 -8.69318098e-03 -4.41426411e-02 -3.18191089e-02  3.77918296e-02
 -3.81609169e-03 -6.86411234e-03  1.45691466e-02  7.67970979e-02
  5.97393289e-02 -1.02322437e-01  4.39258665e-02  6.53826669e-02
  3.86362597e-02  1.28719464e-01 -1.49769513e-02  4.89546405e-03
  7.26087987e-02 -4.83510317e-03  1.09938525e-01  4.20213453e-02
  1.14185408e-01 -1.31336087e-02  1.43156081e-01 -1.31541472e-02
  7.06281662e-02 -4.35971320e-02  6.17766846e-03  5.70003001e-04
  1.41924610e-02  7.29568452e-02 -2.93892957e-02 -1.32701844e-02
  1.22324675e-01 -1.30648026e-02 -1.93914250e-02  4.36790772e-02
  5.87973855e-02 -5.04943952e-02 -1.90858208e-02  6.43773377e-02
 -3.26972194e-02 -1.14942387e-01 -4.12563682e-02 -4.54724506e-02
 -1.76191088e-02 -1.49479629e-02 -6.14239536e-02 -3.23072933e-02
 -2.23613996e-02  2.44816020e-02 -4.94594574e-02 -3.46541256e-02
  5.93463425e-04  1.07041746e-02 -2.02568285e-02 -2.67795920e-02
  3.55141833e-02 -1.01625323e-02  1.91119015e-02 -5.95852211e-02
 -3.93760093e-02 -5.74452728e-02 -4.36415523e-02 -3.60946134e-02
  1.11023441e-01  5.04615381e-02 -2.24182196e-03 -2.14306689e-33
 -2.57511530e-02  8.07924047e-02  6.90531656e-02  1.07223345e-02
 -3.69582027e-02 -2.84687802e-02 -3.94167006e-02  3.64641994e-02
 -8.45659990e-04 -8.52335468e-02 -4.28483449e-02  1.77480057e-02
  4.62849587e-02  6.81191236e-02 -7.54702417e-03 -4.24876511e-02
 -4.76484234e-03  1.00934677e-01 -7.70197585e-02  7.70932063e-02
  4.91310321e-02 -7.33774155e-02  3.17063145e-02  2.36818157e-02
  4.42958623e-02 -1.45800610e-03 -4.78529930e-02  2.53501516e-02
  6.84676468e-02  2.34003738e-02  1.87353753e-02  2.31679045e-02
 -3.34837995e-02 -5.79880849e-02 -9.75826196e-03 -1.06322812e-02
  4.63261567e-02 -1.95247047e-02 -8.18286613e-02 -9.07918066e-02
 -1.44798420e-02  7.36658350e-02 -3.83080095e-02  4.70028631e-02
  1.10721797e-01 -2.88200658e-02 -2.04873714e-03 -3.51527967e-02
 -3.91708352e-02 -4.32374282e-03  1.09012127e-02 -2.87660770e-02
 -1.17301285e-01 -4.94700968e-02  9.63212624e-02 -1.51738115e-02
 -1.00219506e-03  2.07240111e-03  1.42218815e-02 -2.34339461e-02
  4.63781953e-02 -4.11475189e-02 -1.58619992e-02 -1.65225044e-02
  5.32270744e-02  1.19654657e-02  4.77057286e-02 -4.71780710e-02
 -7.32502108e-03 -3.09824813e-02  2.55542155e-02 -1.92271601e-02
 -6.47911802e-02  8.06195065e-02 -1.14662006e-01  4.69283275e-02
 -2.62172073e-02 -6.57521039e-02  2.16506291e-02  1.80517100e-02
 -5.25161773e-02 -3.29225510e-02  7.62364417e-02  3.86487506e-02
  3.20015065e-02  2.84216553e-02  1.85437053e-02  7.04210848e-02
  4.00436856e-02 -4.63039428e-02 -3.15848477e-02  1.27354020e-03
 -1.83676109e-02  1.01748630e-01  4.61483002e-03  3.60522327e-34
  1.38209527e-03  7.98495207e-03 -9.17287245e-02 -2.63949372e-02
 -1.15908198e-02  2.02667136e-02 -3.41792330e-02 -4.83758114e-02
  1.16537996e-01  7.29287788e-02 -6.95474520e-02 -5.79394065e-02
  4.49021123e-02  3.56116779e-02 -7.87344649e-02 -6.39908537e-02
  1.24018125e-01  1.42095536e-02 -6.37896731e-02  5.01705892e-03
 -7.22314119e-02 -4.66002487e-02  5.51261604e-02  4.26094700e-03
 -3.67519371e-02  1.62576195e-02  4.24301252e-02 -2.06262823e-02
 -4.02959511e-02 -2.58569457e-02 -2.71635037e-02  3.69538404e-02
  2.36373395e-02  6.52835444e-02 -8.87531973e-03  9.48415846e-02
  4.90946812e-04 -6.64381310e-02  3.05793434e-02 -1.01088071e-02
  3.08902245e-02 -5.27705923e-02 -7.67116025e-02 -1.68593451e-02
 -4.02578004e-02  9.03777480e-02 -2.32499298e-02  5.11955619e-02
 -1.49827171e-02 -2.74132229e-02 -3.33427340e-02 -3.87517922e-02
  3.67074530e-03 -2.67113131e-02 -2.83797458e-02 -2.04776023e-02
 -4.83909436e-03 -1.10095203e-01 -5.72529249e-02 -5.77205606e-03
 -1.21194301e-02  5.06549329e-03 -4.20005433e-02  8.54940638e-02
 -5.34213986e-03 -2.61965767e-02  4.31637093e-02  2.80757248e-03
  3.18518616e-02 -6.91711977e-02  1.71794165e-02 -1.15054920e-02
 -6.52718022e-02 -2.07504313e-02  2.48055048e-02 -1.11111782e-01
 -4.30112705e-02  2.82899756e-02  4.81066331e-02 -7.12797642e-02
  8.87938365e-02 -1.77094843e-02  3.94136296e-04 -6.77198246e-02
  4.07440886e-02  3.23920809e-02  2.32848637e-02 -2.43167430e-02
  1.39409769e-03  7.62524679e-02 -7.03562722e-02  1.84749216e-02
 -8.53662416e-02  1.67380627e-02  6.81989873e-03 -3.06577839e-08
  1.20302550e-01 -2.49201301e-02  4.57017198e-02  7.28847086e-02
 -1.88151989e-02  2.88264696e-02 -1.42098784e-01  6.51017129e-02
  7.48219863e-02  8.22266415e-02 -2.49828156e-02  1.07139990e-01
 -5.41117694e-03 -2.33418234e-02  8.31771865e-02 -2.34441664e-02
  5.73661225e-03  2.78182831e-02 -1.02861680e-01 -7.12929219e-02
  1.53867053e-02  8.62159417e-04  1.42401671e-02 -2.04459205e-02
  9.89514366e-02  1.76940672e-02 -6.88799098e-02 -2.54126992e-02
 -7.78082572e-03 -8.78412426e-02 -2.42185146e-02 -2.26121638e-02
 -9.61019471e-02  4.88189682e-02  6.08693855e-03  1.09271780e-02
  5.04228659e-02 -3.02329306e-02  6.92595914e-02 -7.72345066e-02
 -2.33401079e-02  5.30126691e-02 -1.03203589e-02 -1.93556920e-02
 -3.81083116e-02  1.05113899e-02 -4.36671153e-02  1.60429999e-02
 -9.11658630e-03 -5.13376035e-02  1.12594003e-02 -6.47104308e-02
  5.00999950e-02  5.17134741e-02 -8.80527869e-02  5.03528723e-03
  1.66803785e-02 -3.80197056e-02  6.66036159e-02  4.72551323e-02
  3.40208635e-02 -7.15668648e-02  1.19416369e-03 -4.99630719e-03]"
What vaccines are available for Typhoid Fever?,"There are two vaccines available for Typhoid Fever: an inactivated injectable vaccine and a live, oral vaccine. Both are recommended for travelers to areas where Typhoid is common and in outbreak situations.","Two vaccines, an injectable and an oral live vaccine, are available for Typhoid and recommended for travelers and in outbreaks.","What vaccines are available for Typhoid Fever? There are two vaccines available for Typhoid Fever: an inactivated injectable vaccine and a live, oral vaccine. Both are recommended for travelers to areas where Typhoid is common and in outbreak situations.","[ 2.45608836e-02 -2.69366987e-02  7.07807839e-02 -9.02669877e-02
 -1.87310353e-02  3.55390571e-02  4.56789359e-02  3.56636941e-02
  1.66845787e-02  6.14577234e-02  2.28755530e-02  7.16975750e-03
  5.64420260e-02  9.04966816e-02  6.11334778e-02 -2.81514116e-02
  4.90983389e-02 -5.18756360e-02  7.32431784e-02 -7.24547505e-02
 -5.21396920e-02  4.77044061e-02  3.14579681e-02 -1.62213959e-03
 -1.49436984e-02 -3.73223573e-02 -4.56544049e-02  1.25424201e-02
 -2.87999474e-02  3.97869712e-03 -1.04604527e-01  3.70424148e-03
 -7.77194425e-02 -4.74081598e-02 -4.12845314e-02 -4.61360626e-02
 -4.17833403e-02  4.14839201e-02  1.86695147e-03  3.49090509e-02
 -2.35814899e-02  3.66357565e-02  1.90429147e-02 -2.44924221e-02
 -1.01309959e-02  1.48852514e-02 -4.48368378e-02  2.89940014e-02
  1.01723233e-02  4.09291387e-02  1.96565352e-02 -2.42978781e-02
  1.19717136e-01  5.01621179e-02 -4.97158989e-02 -7.11078420e-02
 -4.61205468e-02  2.69867256e-02 -3.33785489e-02  3.74273546e-02
 -1.26090556e-01 -4.99964021e-02  5.16993180e-02 -2.48365141e-02
 -7.65351951e-02  3.19777280e-02 -4.11802493e-02  5.13263345e-02
  4.71385829e-02  1.53690409e-02 -2.90702749e-02  8.43257383e-02
 -1.12230834e-02  6.02773726e-02 -4.44309190e-02 -1.62132662e-02
  1.14069760e-01 -6.94100410e-02  3.58201154e-02  3.85574885e-02
 -2.31860634e-02 -8.17139354e-03  3.16482857e-02 -3.91395986e-02
  1.83165222e-02  2.80004982e-02  1.23035740e-02  8.29173438e-03
  3.38768661e-02  5.87640442e-02  1.08912904e-02 -1.93485012e-03
  6.37817159e-02 -3.10641658e-02  4.59512556e-03 -4.89553995e-02
  1.18082771e-02  6.41316921e-02  1.44571522e-02 -1.58132501e-02
 -1.58443972e-02 -1.65724814e-01  1.28497602e-02  5.17727900e-03
  4.84205857e-02  1.03460364e-02 -2.09671166e-02 -1.54437885e-01
  1.98839996e-02 -2.09082700e-02 -2.52968632e-02 -7.85707205e-04
  2.68792566e-02 -3.31372209e-02 -4.33437265e-02  9.47514549e-04
 -1.10223191e-02 -9.86966267e-02  1.45563846e-02 -2.89010797e-02
 -8.28009285e-03 -5.07491529e-02  3.77159589e-03 -2.22605299e-02
  6.83329627e-02  8.77194200e-03  1.11150712e-01 -3.57171272e-34
  1.56795382e-02  9.55920219e-02  4.14530672e-02  7.06269518e-02
 -2.36844383e-02  5.29167987e-02  2.99751814e-02  1.00970045e-01
 -3.50357890e-02 -8.86972770e-02 -2.34515928e-02 -1.78979412e-02
  2.42647212e-02  3.88808884e-02 -3.04823765e-03  2.21146364e-02
  2.85993535e-02  4.19692509e-02 -2.44563911e-02  7.30885426e-03
  3.35824229e-02  9.04979929e-02 -2.53959876e-02  6.95579732e-03
 -3.91633511e-02  2.34973356e-02  3.24675031e-02  3.52413021e-02
 -1.81364324e-02 -8.69596004e-03 -3.68444733e-02  2.11922359e-02
 -4.43531536e-02  3.32270004e-02 -4.60096821e-02 -7.89600983e-02
 -3.61483060e-02 -2.25572847e-03 -1.48923323e-03 -5.95743097e-02
  2.96109375e-02  7.55940229e-02 -3.24456021e-02  5.67057841e-02
  6.95675835e-02 -8.81671980e-02 -1.08470283e-02 -1.36574069e-02
  1.78427286e-02 -2.59278696e-02  6.28055036e-02  2.32163426e-02
 -5.18189929e-02 -1.30851701e-01 -1.66066755e-02 -3.22954846e-03
  8.46338365e-03  5.37491553e-02  6.76173344e-02  3.95404845e-02
 -1.50362197e-02 -6.86918274e-02  2.81368550e-02 -3.87435816e-02
  1.97639912e-02  2.75461972e-02  2.13315617e-02 -8.65609050e-02
 -4.01253030e-02 -4.25030515e-02  9.16650966e-02 -8.07120800e-02
 -4.62831743e-02  6.33392856e-02 -4.64057624e-02  4.32262979e-02
  5.93356267e-02 -1.04895860e-01  5.03789671e-02  1.53232245e-02
 -5.11525497e-02 -5.62729165e-02 -5.69545338e-03  5.43188453e-02
  7.32218940e-03 -3.48410010e-02 -2.09286939e-02 -6.39151260e-02
 -3.87318083e-03  3.60966474e-02 -3.36210802e-02  3.50167826e-02
 -5.53564541e-02  5.77728599e-02  5.33128008e-02 -1.96306932e-33
 -1.66041702e-02  3.63263786e-02 -9.34637338e-02  9.69889108e-03
 -2.92967074e-02  8.59141573e-02  2.47717444e-02 -6.97018057e-02
  8.01923722e-02 -2.28202622e-02 -4.85647097e-02 -5.89437224e-02
  7.09795859e-03 -2.37738080e-02 -1.02034278e-01 -5.22936173e-02
 -3.32402289e-02  1.85902510e-02 -7.50994980e-02  7.57591724e-02
 -6.64024279e-02 -1.55208511e-02  7.54839554e-02 -2.02685110e-02
  6.51834672e-03  4.23015803e-02 -1.64159369e-02  9.40356255e-02
 -5.90955801e-02  5.93590736e-02 -5.42169325e-02 -2.43165810e-03
  9.82282013e-02  5.94452918e-02  2.80743614e-02  7.26725683e-02
  5.90484552e-02 -8.65549520e-02  3.69839594e-02 -1.03487587e-02
 -3.43839899e-02 -3.32334191e-02  7.52840787e-02  3.48206945e-02
  2.77991034e-02  5.88620752e-02 -3.42805125e-02  3.50231975e-02
  4.45129238e-02  7.62579665e-02 -4.42732461e-02 -4.63468619e-02
 -2.88395490e-02 -7.15594692e-03 -1.04020141e-01 -6.84126019e-02
 -9.62800309e-02 -5.75896800e-02  2.49842294e-02 -2.84287743e-02
  8.05573445e-03 -3.14777531e-02 -2.05596834e-02  1.12478003e-01
 -7.76314214e-02  1.28710987e-02  3.44897993e-02  5.88841364e-02
 -4.88123558e-02 -3.25470753e-02 -7.45214298e-02  6.71056136e-02
  3.52459438e-02  1.51352142e-03  5.09802476e-02 -1.32865570e-02
  1.15077768e-04  1.12676797e-02  1.07278913e-01 -5.55534102e-02
  7.08823130e-02  4.22117449e-02 -3.30127813e-02  3.44273821e-02
  7.74612650e-02  5.25963828e-02  1.92353968e-02 -6.28507510e-02
  4.15608380e-03  4.38465439e-02  2.33516213e-03  1.32353064e-02
 -8.45543668e-03  4.84798364e-02 -3.03289667e-03 -2.91333020e-08
  2.30757341e-01 -1.23430211e-02  4.00434136e-02 -8.51617567e-03
 -6.11261763e-02 -4.18830737e-02 -8.89875442e-02 -3.15469317e-02
  8.07922259e-02  4.84405346e-02 -4.85618673e-02  7.16433749e-02
  2.54067313e-02 -7.93295503e-02  2.02773642e-02 -1.94223728e-02
 -6.57490119e-02 -4.14528623e-02 -7.50893280e-02 -3.57356574e-03
  2.08967794e-02 -2.45891362e-02  2.10953373e-02 -2.81979479e-02
  7.06042349e-02  3.27459238e-02 -7.57552534e-02 -4.05909009e-02
  4.23881486e-02 -6.37606233e-02 -5.60073406e-02 -2.37297509e-02
 -8.33842754e-02 -4.52931896e-02  6.18043989e-02  6.97236881e-02
 -5.28152613e-03  5.71474843e-02 -2.03666165e-02 -1.95169530e-03
 -1.06664551e-02 -3.98241356e-02 -1.63021758e-02 -6.40022755e-02
 -6.23415895e-02 -3.10109146e-02 -6.45768419e-02 -7.80616999e-02
  1.60211921e-02  1.10515114e-02 -1.78871006e-02 -4.55222391e-02
  4.42478582e-02 -4.09552967e-03 -9.25191268e-02  1.54378479e-02
 -1.70249101e-02 -2.86562182e-02 -3.90761113e-03  2.00100653e-02
 -1.31687848e-02 -1.03466120e-03  2.21675634e-03  2.10171659e-02]"
How do cultural factors influence Typhoid Fever transmission?,"Cultural practices related to food and water consumption, hygiene, and sanitation can influence the transmission of Typhoid Fever. In some communities, traditional practices may hinder the implementation of effective sanitation measures.","Cultural practices regarding food, water, hygiene, and sanitation can affect Typhoid transmission and sanitation implementation.","How do cultural factors influence Typhoid Fever transmission? Cultural practices related to food and water consumption, hygiene, and sanitation can influence the transmission of Typhoid Fever. In some communities, traditional practices may hinder the implementation of effective sanitation measures.","[ 1.09104656e-01  9.11907628e-02  7.17190057e-02 -4.83248532e-02
  1.26724336e-02  1.19418595e-02  6.81897476e-02  6.58192486e-03
  1.30672811e-03 -1.39410351e-03  5.21570854e-02 -5.40087558e-02
  5.58746941e-02  1.09786138e-01 -2.15693358e-02 -9.43618119e-02
  8.24097602e-04  2.39248164e-02 -3.88094708e-02 -4.81933467e-02
 -3.00324559e-02 -4.53384332e-02  1.14883535e-01 -7.86043480e-02
 -2.94556133e-02 -1.63058173e-02  5.32766096e-02 -1.32496785e-02
  3.41428854e-02  4.67275195e-02 -6.82796240e-02  1.12307973e-01
 -4.37869430e-02 -3.66246924e-02 -7.95818940e-02  4.28201333e-02
  1.65843125e-02  6.35431334e-03  2.85465494e-02  8.87391344e-02
  1.24833463e-02 -2.50655469e-02  6.01855479e-02 -2.01496612e-02
  2.48282659e-03  5.06163016e-02 -1.23462211e-02  7.86858723e-02
 -8.54594782e-02  3.00380625e-02 -1.62421819e-02  6.82830885e-02
  1.01476826e-01  3.65997367e-02 -2.63788886e-02 -4.66294102e-02
  2.88578384e-02 -4.85825799e-02 -1.00035593e-01  1.44955609e-02
 -6.17213920e-02 -4.38636664e-04 -1.00342426e-02 -4.05167490e-02
  1.63528658e-02 -4.47440632e-02 -5.98043241e-02  5.74201010e-02
  2.18154658e-02 -6.89177066e-02  9.06488672e-03  4.84424159e-02
  1.89349186e-02  6.16200939e-02 -6.28457069e-02  7.53318053e-03
  4.12909985e-02 -8.59542787e-02 -4.93856296e-02 -4.00847429e-03
  5.95538057e-02  8.32564256e-04  1.63215846e-01 -2.36563142e-02
  3.44256125e-02  7.57588400e-03  3.30222175e-02  4.57769580e-04
 -2.88823154e-02  1.32185623e-01  4.23664972e-02 -4.20484208e-02
  4.74556349e-02 -6.36652783e-02  1.09116733e-02  5.66184847e-03
 -2.34304722e-02 -1.05279367e-02  1.49928741e-02  9.60417651e-03
 -6.06560931e-02 -7.94674009e-02 -2.53831670e-02  3.84691246e-02
  5.02304509e-02 -6.44554198e-02 -2.42406540e-02 -6.69287220e-02
 -2.98223794e-02 -2.63529513e-02 -1.65290926e-02  3.83472741e-02
 -2.82512978e-02 -8.03369936e-03 -1.39363753e-02 -6.22363836e-02
  1.18838828e-02 -8.28097388e-02 -2.14151330e-02 -5.26589975e-02
  4.00828244e-03 -6.14188574e-02 -6.29587024e-02 -1.44864144e-02
  7.73315728e-02  1.02357538e-02  3.92708220e-02  5.50630023e-34
 -1.54384850e-02  4.26425114e-02  1.79580115e-02  1.13018863e-02
  5.36243804e-02 -1.02360798e-02 -1.45677337e-02 -3.13698151e-03
  9.22917053e-02 -7.39114210e-02  7.55640492e-03  1.07613196e-04
 -9.28288791e-03  1.40593015e-02  9.61237494e-03  4.00707275e-02
 -4.93901409e-02  6.70864806e-02 -9.85306595e-03  8.12197849e-02
  5.05358651e-02 -6.09809868e-02  7.89316557e-03 -2.92296782e-02
 -4.01204787e-02 -3.22393999e-02 -6.59310892e-02  5.08739380e-03
  3.68194133e-02 -1.03928940e-02  8.76717828e-03  7.33835157e-04
  4.41887788e-03 -4.33248701e-03  1.86901037e-02  1.82634965e-02
  2.03422438e-02 -2.12002788e-02 -4.47100475e-02 -2.18873937e-02
 -3.66008617e-02  1.59983858e-02 -1.51762487e-02  5.42508475e-02
  2.79762615e-02  5.84242307e-03  2.17932556e-02 -5.83118908e-02
 -5.57504892e-02 -1.28161702e-02  2.37193611e-02  2.48169154e-02
  3.33986990e-02 -8.90807360e-02  8.20357874e-02 -2.05464233e-02
  6.10183962e-02 -2.35547144e-02  2.97044963e-02  2.18754094e-02
 -2.84370836e-02 -3.22976634e-02 -6.59098849e-03 -1.29728101e-03
  1.11427777e-01 -5.01826108e-02  6.38567507e-02 -8.40254948e-02
 -1.52836721e-02 -2.99253929e-02  2.84807868e-02 -2.60703266e-03
 -1.06760547e-01  7.90311247e-02 -7.96214640e-02  4.44732271e-02
 -1.77648421e-02 -1.12456366e-01  4.17297035e-02 -6.56641722e-02
 -9.49128419e-02 -2.33694650e-02  7.95115754e-02  3.39989294e-03
 -4.33199182e-02  8.16064104e-02  4.08327989e-02  1.33346766e-02
  4.72951941e-02 -1.00827618e-02  6.09265119e-02 -1.80134606e-02
  6.80011977e-03  5.84266260e-02 -1.01113063e-03 -1.24058212e-33
 -1.23378709e-02 -2.24202080e-03 -9.98852327e-02 -5.75880148e-02
  8.84320587e-03  1.50078805e-02  3.43438121e-03  7.32593192e-03
  7.90953189e-02  4.33072448e-02  1.75982434e-02 -4.88896966e-02
 -1.74577523e-03  2.09486093e-02 -3.33207436e-02 -8.68348330e-02
  1.35001212e-01  1.23326123e-01 -5.64634465e-02  3.40169971e-03
 -8.68978202e-02  4.21005413e-02  1.39766065e-02 -2.13171337e-02
 -8.71948451e-02  5.54722510e-02 -6.79321215e-02  1.66558623e-02
 -1.06759846e-01  2.01526470e-02 -3.20691317e-02  6.17579035e-02
  7.43855536e-02  1.75404605e-02  6.22474365e-02  1.12503432e-01
 -6.71654474e-04 -2.24316660e-02  3.22105400e-02  3.63826694e-04
 -1.01433434e-02  8.42839573e-03  2.12455504e-02  1.13114659e-02
 -1.94458347e-02  1.16887651e-01 -3.51528227e-02 -3.12900990e-02
  5.54456795e-03 -2.53449567e-03  6.86503351e-02 -4.44873832e-02
  2.87818536e-02 -6.79777116e-02 -7.98051804e-02 -2.22877394e-02
  7.32121663e-03 -1.52872398e-01 -2.11168639e-02  1.62550027e-03
  3.06816399e-02  1.07338820e-02 -1.98660810e-02  3.70222423e-03
 -7.90510848e-02 -3.84530835e-02  4.12295908e-02  8.84840935e-02
  7.27244243e-02 -2.54465099e-02 -8.23292881e-02  5.99413877e-03
  1.05088134e-03 -3.14890174e-03 -1.04749156e-02 -6.36486188e-02
 -2.69413535e-02  3.25259157e-02  1.10893145e-01 -3.78560983e-02
 -3.24959755e-02  1.05893072e-02 -7.39575103e-02 -6.70254007e-02
  8.47485289e-03  3.87319811e-02 -4.88235205e-02 -2.76829135e-02
  1.46355862e-02  3.23372446e-02 -8.98968279e-02 -1.89557802e-02
 -1.25564083e-01  1.73523296e-02  1.09256571e-02 -2.76025265e-08
  8.11330900e-02 -7.07383081e-02  3.45429890e-02  5.59481308e-02
 -3.75261940e-02 -2.22013565e-03 -5.65765128e-02  6.44825846e-02
  9.57521647e-02  6.57639429e-02 -9.95893404e-02  1.41726643e-01
  4.32089642e-02 -6.35423744e-03 -1.18336659e-02 -7.14691728e-03
  1.20380763e-02 -2.63004564e-02 -7.59647861e-02 -7.96040669e-02
  5.25857955e-02 -3.00077498e-02  4.72944118e-02 -1.07745044e-02
  4.61420193e-02  1.49804428e-02 -3.10299248e-02  8.76702368e-03
  1.32437691e-03 -5.39592803e-02  9.72388312e-03 -3.05913705e-02
 -1.16344802e-01  7.55482092e-02  5.44444956e-02  3.81002203e-02
  3.05728205e-02 -1.67738665e-02  3.58072557e-02  5.19858627e-03
  5.56231067e-02 -4.09051441e-02 -3.54447402e-02  2.70285252e-02
 -6.38818517e-02 -2.94287559e-02 -5.86211607e-02  3.65103148e-02
 -1.28037902e-03 -1.39165986e-02  2.07668245e-02  3.86182917e-03
 -1.93246116e-03  3.41019109e-02 -6.99259415e-02 -3.62232961e-02
  5.49145266e-02  3.01668495e-02  4.57035042e-02  7.89332378e-04
 -4.22864367e-04  5.68212792e-02  4.79536102e-04 -1.73354317e-02]"
What is the economic impact of Typhoid Fever outbreaks?,"Typhoid Fever outbreaks can strain healthcare systems, reduce workforce productivity, and impact sectors like tourism. The economic burden also includes the cost of medical care and preventive measures.","Typhoid outbreaks strain healthcare, reduce productivity, and impact tourism, with significant costs for care and prevention.","What is the economic impact of Typhoid Fever outbreaks? Typhoid Fever outbreaks can strain healthcare systems, reduce workforce productivity, and impact sectors like tourism. The economic burden also includes the cost of medical care and preventive measures.","[ 7.13021383e-02  3.63778882e-02  9.59986001e-02 -2.61459034e-02
  6.96601793e-02  7.14553818e-02  4.64162789e-02  7.79758841e-02
  4.05530958e-03  1.46083748e-02 -3.49966139e-02  1.85782015e-02
  7.36559480e-02  6.25890195e-02 -2.88854651e-02 -5.05818166e-02
 -2.12823413e-02 -2.38769725e-02 -5.83224110e-02 -4.96214889e-02
  1.25124007e-02 -1.17682004e-02  1.86229963e-02 -3.35744992e-02
 -5.96026853e-02 -5.06219864e-02 -7.60955457e-03 -1.73533298e-02
 -4.75542508e-02  2.10839901e-02 -8.96633193e-02  5.77530041e-02
 -1.91787537e-02  7.06674810e-03 -3.61549035e-02 -3.15915532e-02
  3.63180824e-02  2.43785568e-02  5.69674303e-04  5.66410311e-02
  1.22492155e-02 -4.82273586e-02 -1.80322751e-02 -4.74156179e-02
 -8.43713153e-03 -6.62413090e-02  5.15642390e-03  4.40202132e-02
 -4.31900881e-02  3.79014723e-02 -5.08083869e-03  2.26474076e-04
  6.05584234e-02  1.00746695e-02 -2.04269607e-02 -2.53498610e-02
  3.00152004e-02 -9.37306136e-02 -8.05544779e-02  4.77756746e-03
 -6.31785318e-02 -4.15490903e-02  1.78714301e-02 -5.82869910e-02
  1.98705923e-02 -2.80979127e-02 -2.32059471e-02  4.90168296e-02
 -1.02170510e-02  2.60919239e-02  3.87571976e-02  1.45292152e-02
 -3.95303369e-02  3.68187623e-03 -3.41345333e-02  2.91202590e-03
  5.15893437e-02  6.32933248e-03  8.45298842e-02  3.19223553e-02
  9.34258774e-02 -7.86397904e-02  6.69998527e-02 -7.47521315e-03
 -2.01097969e-02 -3.10000423e-02  2.96558663e-02 -6.74962252e-02
  1.15502384e-02  1.00170590e-01  3.61453220e-02 -9.26654190e-02
  8.75086337e-02 -9.67535004e-03  1.92208886e-02  2.40886640e-02
 -5.97511344e-02 -1.54617084e-02  4.89301570e-02 -2.11663954e-02
 -1.76723674e-02 -9.50530320e-02  2.75859740e-02  1.48068015e-02
 -1.72574688e-02 -4.98176068e-02  6.62276102e-03 -8.20497870e-02
 -2.81955078e-02 -2.23066285e-02  2.23305332e-03  2.22836491e-02
  5.46723194e-02 -3.42560410e-02 -4.79451716e-02  1.01730032e-02
  5.45437746e-02 -1.00744195e-01 -2.63494216e-02  2.39876509e-02
  3.43002751e-02 -6.28885180e-02 -5.46421930e-02  3.62731889e-02
  6.90319855e-03  5.33821573e-03 -4.08802666e-02  3.55880570e-34
 -4.33083773e-02  5.51639823e-03 -1.91873722e-02 -2.83716153e-02
 -1.02255889e-03 -1.73755493e-02 -6.11189865e-02 -2.72112992e-02
  4.53868089e-03 -9.51520428e-02 -4.23545986e-02  1.20169092e-02
  7.65521005e-02  2.12050490e-02  2.50576381e-02 -6.79422915e-03
  1.46793937e-02  1.09908991e-01 -1.76726200e-03  5.14542423e-02
 -1.53505970e-02 -8.88791531e-02  2.27937307e-05  6.34601861e-02
 -9.21891537e-03  9.94447339e-03 -6.64042979e-02 -1.46815507e-02
  6.85646087e-02 -9.55803227e-03  7.42111215e-03  2.50452086e-02
  2.25231722e-02 -2.68613901e-02 -3.62429209e-02  8.32296629e-03
  9.96035337e-03 -1.73918251e-03 -1.83403287e-02 -8.90752114e-03
 -6.93320855e-02  3.25218774e-02 -2.95418967e-02  1.08742580e-01
  5.06075248e-02 -3.75470109e-02  4.29028980e-02 -1.48024671e-02
 -8.13131686e-04 -5.26666455e-02  2.08047265e-03  5.81815001e-03
 -4.13595187e-03 -1.03767693e-01  2.51609683e-02 -4.84987274e-02
  1.74880377e-03 -7.30474740e-02  3.00257793e-03  2.21645534e-02
  3.71921808e-02 -8.33636969e-02  8.28575119e-02 -2.77080052e-02
  1.06548980e-01  4.42954665e-03  9.18470249e-02 -9.01563279e-03
 -7.48680830e-02  3.67772281e-02  2.80611869e-02 -9.94412601e-03
 -7.66724348e-03  4.81355898e-02 -1.08719235e-02  9.61019173e-02
 -2.68458319e-03 -8.69656429e-02  3.59116122e-02  2.29568817e-02
 -1.13271594e-01 -5.08167893e-02  8.75846073e-02 -3.21482904e-02
  8.54967907e-03 -2.99129140e-04  2.16941796e-02 -8.20106268e-03
  2.48229410e-02 -5.15631922e-02  6.94067404e-03  5.03948815e-02
 -7.33325407e-02  1.00168213e-01  2.80567165e-02 -2.40288953e-33
 -4.54515405e-02  9.80681852e-02 -7.89894462e-02 -8.68827179e-02
 -1.16391610e-02  1.57218874e-02 -1.42793078e-02  1.24981403e-02
  4.82623838e-02 -1.02084118e-03 -9.52333957e-02 -9.05013364e-03
  7.08205206e-03  1.36532448e-03 -5.12354337e-02 -8.24678093e-02
  7.42804855e-02  2.13463828e-02 -6.34710863e-02  4.49090339e-02
 -1.03665762e-01 -2.52783522e-02  3.88274863e-02  2.35425923e-02
 -5.08629158e-02  6.64038509e-02 -7.75897130e-02  2.52285972e-02
 -7.68389506e-03  1.02211200e-02 -1.79432388e-02  3.69327217e-02
  6.79451004e-02  4.96201515e-02  3.25616002e-02  1.66878551e-01
  2.24758368e-02 -6.28201067e-02  8.45646337e-02 -7.51153529e-02
  4.77036349e-02 -3.17554884e-02  1.46720540e-02 -1.51226008e-02
  5.76778203e-02  2.47158539e-02 -3.84681150e-02  9.79934931e-02
  1.07710093e-01 -1.92684550e-02  9.84465852e-02  4.87840213e-02
 -2.18359008e-02 -1.02580758e-02 -8.49056840e-02 -8.42208117e-02
 -2.57832799e-02 -1.33455232e-01 -7.01982081e-02  2.96522677e-02
 -4.42914851e-02  2.03626584e-02 -3.84889580e-02  9.23572555e-02
 -6.48033395e-02 -2.13139262e-02  8.11677054e-02 -1.37992119e-02
  8.64656046e-02 -1.01888269e-01 -6.04799539e-02  4.44584824e-02
 -1.53418770e-02  2.70896144e-02 -3.47663858e-03 -6.29038364e-03
  1.65883508e-02  3.46590653e-02  1.04498424e-01 -1.16099697e-03
  6.23740582e-03 -2.26357486e-02  5.42117329e-03 -1.50523365e-01
 -4.45581712e-02  1.46539146e-02  4.87493984e-02 -2.48968229e-02
 -3.64572369e-02  5.32740541e-02 -1.08936369e-01 -1.29589187e-02
 -6.60400242e-02  8.81953165e-03  2.67259125e-03 -3.27327747e-08
  1.40644550e-01 -3.74730304e-02  7.58816153e-02  5.33647947e-02
 -2.55649202e-02 -8.75676796e-02 -5.33332638e-02  7.61373639e-02
  1.15677893e-01  1.28446728e-01 -9.86271128e-02  9.72936377e-02
  4.77084517e-03  3.34257446e-02 -6.67463802e-03  4.62364666e-02
 -4.70512286e-02 -2.84838746e-03 -5.16495667e-02 -7.25252330e-02
  1.58198923e-02  3.06344824e-03  2.95381434e-02 -2.08127741e-02
  6.36220500e-02  1.54066132e-02 -3.49652069e-03 -3.96090001e-02
 -5.02744177e-03 -1.81330591e-02 -4.75284308e-02 -2.17921063e-02
 -7.10946321e-02  5.79461791e-02  6.81752861e-02  2.36759218e-03
 -2.19214056e-02 -2.43989807e-02  4.99023721e-02  1.30901383e-02
  5.18062897e-02  2.30212882e-02 -3.58936214e-03  2.75109615e-02
 -7.17954757e-03 -7.08554313e-02 -5.50442860e-02 -1.31476810e-02
  2.87440629e-03 -6.75442070e-02  2.46740915e-02  1.77742988e-02
  6.19043075e-02 -2.43170578e-02 -8.22608992e-02 -3.00166234e-02
  3.32496203e-02  9.16643627e-03  1.03520590e-03  1.46127203e-02
  1.89809520e-02 -8.04259703e-02  6.17847778e-03 -6.13666466e-03]"
Can Typhoid Fever be sexually transmitted?,"Typhoid Fever is not sexually transmitted. It spreads through contaminated food and water and close personal contact, primarily through fecal-oral routes.","Typhoid is not sexually transmitted; it spreads through contaminated food, water, and close contact.","Can Typhoid Fever be sexually transmitted? Typhoid Fever is not sexually transmitted. It spreads through contaminated food and water and close personal contact, primarily through fecal-oral routes.","[ 6.37932196e-02  2.31027380e-02  2.51706988e-02 -6.23384491e-02
 -3.22136544e-02  2.57785153e-02  6.42977506e-02  5.42889312e-02
 -2.26735342e-02  3.80137078e-02 -2.73462944e-02  1.49623342e-02
  7.10813180e-02  1.08613469e-01  3.03339083e-02 -7.00841174e-02
  6.50376007e-02 -1.75797250e-02  2.76084282e-02  2.01721881e-02
  3.40383612e-02  7.77086467e-02  2.93990076e-02 -1.27592891e-01
 -1.51742657e-03 -4.83111944e-03 -1.02602527e-03  6.62454218e-03
 -5.39689884e-02  4.48947623e-02 -9.85380635e-02  4.70139310e-02
 -3.14692520e-02 -1.33775799e-02 -5.54342233e-02 -1.99902132e-02
 -2.99806595e-02  2.25622696e-03  9.33923870e-02  4.68779020e-02
 -1.05979890e-02 -3.85164283e-02  7.55939260e-03  7.63882278e-03
 -3.51938605e-02  6.20536432e-02 -2.77855322e-02 -1.12254471e-02
 -7.09008127e-02 -1.53229870e-02  6.52419330e-05 -4.44811992e-02
  1.38348177e-01  8.30164552e-02 -7.62285665e-02 -1.28084701e-02
  1.99979767e-02 -8.62353072e-02 -6.82001561e-02  1.32191554e-02
 -5.76138012e-02 -2.47972943e-02  4.05419841e-02 -5.72418980e-02
 -2.56041437e-02 -1.06739979e-02 -5.34418486e-02  4.98860441e-02
  1.15669392e-01 -1.56320557e-02  4.91065253e-03  6.44982308e-02
 -1.28135523e-02 -1.98633131e-02  7.40969321e-04 -4.56879055e-03
  8.55359882e-02 -2.84569357e-02  1.99331343e-02  5.30157238e-02
 -2.91350391e-02 -1.56273004e-02  1.33007765e-01 -4.60137613e-02
 -5.32085896e-02 -1.71849271e-03  6.67382330e-02 -1.50505581e-03
 -4.02240828e-02  9.99098718e-02 -2.68874317e-02 -1.67181697e-02
  9.27705988e-02 -5.29541634e-02 -1.88021048e-03 -8.33089743e-03
 -3.78839150e-02 -9.15892646e-02 -3.29970475e-03 -1.12880603e-03
 -9.28737074e-02 -4.59162556e-02 -1.52502647e-02 -7.88208190e-03
 -9.98488348e-03  2.19861455e-02 -2.54516490e-03 -1.00624979e-01
 -3.06748953e-02 -3.91327478e-02  1.02886395e-03  6.62939111e-03
  8.74188915e-02 -5.62304147e-02 -5.38634229e-03 -4.08481359e-02
 -1.82443969e-02 -3.58258486e-02  1.32832816e-02  2.00379919e-02
 -2.61725970e-02 -9.88556072e-02 -1.83166948e-03  3.88032310e-02
  5.23018949e-02 -7.44519085e-02  1.20500065e-01  7.45194312e-34
 -2.25006696e-02  3.45652737e-02  5.59395738e-02 -1.13803952e-03
  5.44305099e-03  7.68206641e-02  4.88964133e-02  2.21762015e-03
  4.48648781e-02 -5.69999516e-02  1.50074186e-02 -4.07075919e-02
 -2.40329504e-02  7.31197000e-03  3.50170657e-02  4.81436402e-02
  4.88797463e-02  5.12894690e-02 -4.75377738e-02  7.35896751e-02
  6.10338822e-02  2.87444163e-02  2.15890799e-02 -1.37386888e-01
 -4.64142710e-02  4.51445673e-03 -6.55628890e-02 -1.51772508e-02
  3.91503088e-02 -1.09015666e-02 -3.09124049e-02 -1.20640285e-02
  7.14188488e-03  8.43967646e-02  4.82494012e-02  6.46059588e-02
 -2.24673096e-02  2.43377313e-02  2.39532292e-02 -5.57624511e-02
 -3.17272395e-02 -1.67014673e-02 -2.14365777e-02  7.59600028e-02
  1.74208323e-03 -2.16930639e-03 -5.36502898e-02 -2.29106154e-02
 -1.83655880e-02 -1.79599859e-02  1.67993885e-02  6.01871172e-04
 -3.32474634e-02 -7.44912252e-02  3.12485695e-02 -2.52349470e-02
  9.62525234e-02  9.53833386e-03  1.39703434e-02  4.45236750e-02
 -2.03702375e-02  1.01625863e-02  6.74178731e-03 -7.66372308e-02
 -3.85271683e-02 -4.66889963e-02  4.00207639e-02 -3.32526788e-02
 -2.72434186e-02 -2.54343115e-02  1.22847110e-02 -1.63778826e-03
  1.36457756e-02  5.99393509e-02 -1.28539959e-02  1.09244743e-03
  2.07270123e-02 -8.92786533e-02  9.18105766e-02 -6.03475943e-02
 -6.38399273e-02 -2.58032158e-02  7.11018518e-02 -3.78304645e-02
 -3.22042480e-02  8.35563987e-02  4.13152901e-03 -5.28178294e-04
 -2.21147668e-03  3.59540321e-02  5.57180084e-02 -3.34044658e-02
 -4.27414961e-02  6.50907457e-02  4.37148325e-02 -1.51024015e-33
 -1.92057341e-02  1.05542094e-02 -1.26487389e-01 -4.36371490e-02
 -3.92408669e-03  4.81409431e-02  5.98258488e-02  6.31356891e-03
  3.23811173e-03  3.70713845e-02 -2.39910651e-03 -5.75256906e-02
 -4.51227538e-02 -1.15779974e-02 -2.15251688e-02  3.08468305e-02
  5.89898229e-02  3.79716977e-02 -6.93599433e-02  1.34174749e-02
 -1.62033260e-01 -4.18226933e-03  4.07055989e-02  2.93216985e-02
 -2.83370651e-02  2.07835436e-02  1.90765169e-02  5.79286069e-02
 -5.63858226e-02  7.49767572e-02  1.11224819e-02  2.73785442e-02
  3.28827091e-02  2.62174197e-02  4.97228801e-02  2.24421900e-02
  1.89072248e-02 -1.08259797e-01  1.08809270e-01 -2.58121006e-02
  2.93784048e-02 -8.44151527e-03  1.30673172e-02  3.67246475e-03
 -8.65882821e-03  8.35454538e-02 -3.30293439e-02  4.93836477e-02
  5.20479158e-02  7.73379654e-02 -1.75488144e-02 -1.02425050e-02
 -1.52514093e-02 -1.14547729e-01 -9.11274776e-02 -6.32711574e-02
 -5.75853698e-02 -6.87168986e-02 -2.82460246e-02 -1.60175003e-03
  4.57433872e-02 -2.34760828e-02 -1.17945522e-02  9.58644822e-02
 -3.00027169e-02 -2.33844016e-02 -1.91036649e-02  4.64104377e-02
  5.99931814e-02  1.96408536e-02 -7.43183717e-02  6.35125488e-03
  2.10553221e-02  1.33456020e-02  7.26914480e-02 -1.19161941e-01
 -4.06881347e-02 -2.05876050e-03  8.07571039e-02 -6.98757842e-02
  5.29029928e-02  4.23456356e-02 -5.46358619e-03 -4.01164958e-04
  2.32978761e-02 -3.26737203e-02  1.25492094e-02 -6.37265518e-02
 -3.28857414e-02  1.18446006e-02  6.76850183e-03 -1.29717477e-02
 -5.17206900e-02  1.72006283e-02  6.40668646e-02 -2.61269886e-08
  1.22581512e-01 -1.55873811e-02 -1.05422444e-03  3.44224200e-02
 -4.86028800e-03  7.96727743e-03 -4.31412365e-03 -4.47756201e-02
  1.61950916e-01  4.75740768e-02 -1.49270043e-01  6.72614723e-02
 -1.22617092e-02 -5.49203493e-02 -1.65915526e-02 -2.16989815e-02
 -2.16317386e-03 -9.27476138e-02 -3.44729535e-02 -8.07254687e-02
  3.27383690e-02 -3.40480581e-02  6.34840690e-03  1.53915156e-02
  4.26865965e-02  1.20175444e-01  1.27993617e-03 -1.08148558e-02
  5.69978803e-02 -5.13080843e-02  1.39410505e-02 -3.15196402e-02
 -1.22395277e-01  7.99985975e-02  3.85416113e-02  6.67292103e-02
  3.82681414e-02  3.66387889e-02  1.52361002e-02 -5.57142869e-02
  4.05656174e-02 -2.55203694e-02  2.18508076e-02  2.98501700e-02
 -5.67011125e-02  3.26321684e-02 -2.03288123e-02 -8.16721618e-02
  7.25239739e-02 -1.62789673e-02  2.39730366e-02  5.98339848e-02
  4.31638248e-02  1.16026485e-02 -1.23205088e-01 -5.90774678e-02
  3.29526654e-03  1.64141655e-02 -2.42041447e-03 -1.96222663e-02
 -8.07450637e-02 -5.16381003e-02  6.16030283e-02 -1.15109130e-03]"
What research is being done on Typhoid Fever?,"Research on Typhoid Fever includes the development of more effective vaccines, antibiotic resistance studies, and strategies to improve water and sanitation systems to prevent transmission.","Research focuses on new vaccines, antibiotic resistance, and improving water and sanitation systems to prevent Typhoid.","What research is being done on Typhoid Fever? Research on Typhoid Fever includes the development of more effective vaccines, antibiotic resistance studies, and strategies to improve water and sanitation systems to prevent transmission.","[ 1.40577392e-03  4.42064255e-02  5.43456376e-02 -3.78863961e-02
 -3.78111290e-04  5.83768543e-03 -3.00818868e-02  1.02997348e-01
 -4.30633081e-03  7.33047724e-02 -6.19550459e-02  1.51443603e-02
  6.42452762e-02  1.36298344e-01 -6.18034899e-02 -3.07800584e-02
  6.59792963e-03 -4.37533995e-03 -2.37739314e-05 -1.11866511e-01
 -7.43565559e-02 -2.35721674e-02  1.82602927e-01 -4.25060876e-02
 -4.95451018e-02 -6.49422687e-03 -1.56084215e-02 -4.85702641e-02
 -6.92712814e-02  3.95072736e-02 -6.19978718e-02  7.48529434e-02
  4.88312263e-03 -5.15740551e-02 -5.08794934e-02 -7.64265750e-03
 -5.25989616e-03  4.73559275e-02  6.94906116e-02  5.29808030e-02
 -3.80302519e-02 -7.27877021e-02  6.57199472e-02  3.74841201e-03
  3.18109919e-03 -1.88730413e-03 -1.85969714e-02 -1.26581937e-02
 -1.44956801e-02  2.69231033e-02 -4.37009670e-02 -2.91345790e-02
  1.04131892e-01  3.01120197e-03 -4.42432202e-02 -2.05475129e-02
 -1.42308716e-02 -5.20058647e-02 -2.88316347e-02 -5.68083525e-02
  2.84778308e-02  1.06717898e-02 -3.41943093e-02 -3.10160015e-02
 -3.20925820e-03 -1.42432312e-02 -1.30603248e-02  3.39475907e-02
  4.17863987e-02 -6.92021474e-02  1.05149690e-02  9.29419771e-02
  1.57540999e-02  7.32747242e-02 -1.19038001e-02  1.07869897e-02
  3.78338508e-02 -1.26972096e-02  8.65580142e-02 -2.84691714e-02
  7.90187716e-02 -5.98679930e-02  1.31944984e-01  3.25512923e-02
 -1.38769606e-02 -2.37649810e-02  2.13958174e-02  8.25735275e-03
 -5.90420030e-02  6.52423501e-02  3.23687941e-02 -3.33681814e-02
  1.76481307e-02 -1.74583271e-02 -4.27258648e-02  3.81029323e-02
 -3.79871689e-02 -5.90441748e-02  4.83269952e-02  5.66857634e-03
 -2.71534398e-02 -9.46458131e-02  2.87972763e-02 -3.12367938e-02
  3.59392613e-02 -4.00844924e-02  3.00132446e-02 -9.34263021e-02
  3.91043760e-02 -3.75473797e-02 -1.28191812e-02  3.24760564e-02
  7.10960804e-03  7.17733875e-02  1.25313653e-02 -1.59179419e-02
  2.14159512e-03 -4.70094867e-02 -7.27225421e-03  3.92838269e-02
  2.02918705e-02 -9.63159278e-02 -1.46666067e-02 -4.43445481e-02
  6.59794360e-02  3.19935158e-02 -1.73423272e-02 -3.01544951e-34
 -1.37753589e-02  6.68896213e-02  6.67482093e-02  8.73673558e-02
  1.40826479e-02 -3.44546549e-02  8.70514940e-03  8.43266118e-03
  1.62177980e-02 -1.14276044e-01 -1.69590507e-02 -7.09073544e-02
  2.18049977e-02  4.72266674e-02 -2.90825572e-02 -3.59761640e-02
 -1.64877567e-02  3.27050351e-02 -6.91628829e-02 -3.04348744e-03
  2.50657033e-02 -3.71502787e-02  6.39022291e-02 -2.73420811e-02
  1.77068971e-02 -2.70592105e-02 -5.36042228e-02 -5.38808852e-02
  4.92399000e-02  2.04948033e-03 -1.08743897e-02  6.25753552e-02
 -6.60843253e-02  2.66341288e-02 -1.95452571e-02  4.67198677e-02
  1.45338317e-02 -1.89703908e-02 -2.66224016e-02 -5.41289290e-03
 -1.87257454e-02  2.74644010e-02  1.37352943e-02  2.00334974e-02
  7.49122873e-02  7.65833165e-03 -3.87759097e-02 -2.90376022e-02
  2.39906870e-02 -3.11958790e-02  7.29574636e-02  1.01460833e-02
 -7.76818246e-02 -1.19667001e-01  8.83287638e-02  4.32991832e-02
 -1.11877089e-02  3.02247447e-03  4.43193428e-02  6.81293234e-02
  3.60765345e-02 -1.81124024e-02 -6.20752908e-02 -4.65008691e-02
 -1.45830028e-03  2.05310844e-02  2.40603276e-02 -1.03007667e-01
 -1.75440088e-02  7.83293694e-03  7.81416707e-03 -3.80539298e-02
 -2.18205191e-02  6.64488673e-02 -5.17050810e-02  4.49183024e-02
  2.93420814e-02 -4.94264290e-02  2.68644169e-02 -1.70438029e-02
 -4.44109961e-02 -2.86901891e-02  5.03148213e-02  2.24850047e-02
 -2.95469593e-02  3.79728386e-03 -8.35146010e-03  3.62247266e-02
  3.33268009e-02 -3.14503163e-03  3.93261872e-02  2.79185809e-02
 -6.56720176e-02  5.10348380e-02  2.36433800e-02 -6.12227442e-34
 -5.36507554e-02 -1.42333284e-02 -8.25990960e-02  1.43448040e-02
  4.50119264e-02  3.57337855e-02 -3.53206918e-02 -7.23982006e-02
  1.26909241e-01  5.70409670e-02  4.03627716e-02 -3.43597308e-02
 -1.63561702e-02 -7.09801866e-03 -1.08563811e-01 -6.89185485e-02
  2.50227358e-02 -3.70145328e-02 -9.08718631e-02  5.38573563e-02
 -9.14409906e-02  9.96490708e-04  1.15416311e-02 -2.73920242e-02
 -1.30551318e-02  6.85314909e-02  8.86190031e-03  3.08251921e-02
 -8.56558159e-02  2.05713380e-02 -4.49946299e-02 -2.65826173e-02
  1.54312989e-02  1.51258642e-02  2.95991413e-02  1.36594847e-01
  8.10010806e-02 -5.82387000e-02  5.73207811e-02 -6.14986829e-02
  3.71587239e-02 -5.75234257e-02  1.39217246e-02 -4.31195572e-02
  3.96238193e-02  6.21171929e-02 -9.58959460e-02  8.46737772e-02
  4.87649553e-02  6.48758281e-03  6.28552213e-02 -2.06411835e-02
  9.37318243e-03 -8.71109366e-02 -2.49596331e-02 -4.57283109e-02
 -2.23818906e-02 -1.08831473e-01 -3.51231471e-02  5.36576621e-02
  3.05844075e-03  2.49895956e-02 -5.45239635e-02  1.18448712e-01
 -6.96519688e-02 -5.17119654e-03  1.21954661e-02  7.13634342e-02
  7.45538846e-02 -6.23051301e-02 -1.76386870e-02  1.07295243e-02
  2.42756642e-02  4.71518412e-02  3.10714412e-02 -6.54874370e-02
 -2.11027116e-02 -2.39633508e-02  7.60162696e-02 -1.24767730e-02
  3.79728223e-03  5.71926916e-03 -4.02632318e-02 -2.07542758e-02
  2.97160707e-02  3.10094822e-02 -1.04927795e-03 -2.98632402e-03
 -6.56055212e-02 -2.46292073e-02 -5.62704317e-02 -8.09807628e-02
 -1.08262226e-01  1.92423556e-02  5.59206605e-02 -2.93398603e-08
  1.79831341e-01 -7.04735965e-02  1.00208700e-01  2.64570750e-02
 -2.61480808e-02 -1.20105420e-03 -9.24863219e-02  3.46527547e-02
  6.80888593e-02  3.34527902e-02 -9.49915722e-02  1.12454459e-01
 -8.44991114e-03  2.49789171e-02 -1.35177327e-02 -5.38350604e-02
  4.41744998e-02 -6.83813542e-02 -7.62635767e-02 -9.14003551e-02
 -1.59425975e-03  6.09810743e-03  2.84756981e-02 -1.57940909e-02
  8.66559595e-02  4.74681109e-02 -2.89642788e-03 -2.24134363e-02
 -2.26390567e-02 -7.67939091e-02 -4.24913727e-02  3.52436081e-02
 -9.85877514e-02 -2.14494914e-02  1.23763777e-01  8.92288703e-03
  2.84905061e-02 -1.53613910e-02  2.48140264e-02 -9.09356307e-03
  1.89734846e-02  4.71238047e-02 -2.23691221e-02  1.28578544e-02
 -4.46694158e-02  1.59483925e-02 -5.11712730e-02  6.47450238e-03
  1.90015920e-02 -2.88142413e-02  4.53046188e-02 -1.22094061e-02
  4.97873724e-02  3.12246177e-02 -1.00253031e-01  9.72335339e-02
  2.50324793e-02 -4.63590659e-02 -1.39850676e-02 -3.74746025e-02
  9.63770077e-02  2.33974643e-02  2.58221431e-03  5.50143160e-02]"
How does Typhoid Fever affect children?,"In children, Typhoid Fever can be more severe and may present with higher fever and more pronounced gastrointestinal symptoms. It can also impact a child's nutritional status and growth.","Typhoid in children can be severe, affecting growth and causing high fever and gastrointestinal issues.","How does Typhoid Fever affect children? In children, Typhoid Fever can be more severe and may present with higher fever and more pronounced gastrointestinal symptoms. It can also impact a child's nutritional status and growth.","[ 8.94312859e-02  2.15285644e-02  1.01931714e-01 -3.30099352e-02
  8.93351808e-03  2.10761242e-02  6.71935603e-02  9.14182737e-02
  1.02165649e-02  3.80121730e-02  1.61481183e-02  4.61234301e-02
  7.00739548e-02  1.12823896e-01  1.84070924e-03 -2.87100729e-02
  9.26121473e-02  2.28045732e-02 -3.61056738e-02 -9.65808481e-02
  7.83735234e-03 -3.27215437e-03  5.30338138e-02 -1.80636086e-02
  3.16079408e-02  6.27661422e-02  2.35989671e-02  2.41639037e-02
 -6.45691976e-02  4.45571095e-02 -8.86938497e-02  4.12785560e-02
  1.43435020e-02  2.08819043e-02 -3.08222640e-02 -1.68266762e-02
  2.72765420e-02  5.08220270e-02 -5.96835576e-02  2.57679839e-02
 -3.41590797e-03  2.93942746e-02 -4.73252982e-02 -4.29603979e-02
 -2.30636615e-02 -3.96633521e-02 -9.61886533e-03 -8.26356839e-03
 -1.47144059e-02  4.45610732e-02 -3.46970148e-02  1.23840440e-02
  1.27874374e-01  4.47361618e-02 -3.59486230e-02  2.16687322e-02
 -3.55557315e-02 -2.50405762e-02 -5.64569831e-02  7.92785664e-04
 -9.78518575e-02 -1.27808808e-03 -5.31812338e-03 -6.26664758e-02
 -1.12616504e-02 -5.13048284e-02  1.01578152e-02  1.77625082e-02
  5.45525700e-02 -2.61706281e-02  4.01077196e-02  6.04753643e-02
  6.33684844e-02 -8.66538379e-03 -9.63507444e-02  2.68081035e-02
  2.95561180e-02 -5.15604988e-02  3.64079997e-02 -2.44544935e-03
 -3.27367634e-02 -1.69547612e-03  6.31405786e-02 -7.88327754e-02
 -2.30098441e-02 -2.09191591e-02  7.82114565e-02 -2.71932464e-02
 -7.49147385e-02  1.25752568e-01  3.10461111e-02 -5.96490763e-02
  1.03861406e-01 -1.09940069e-02  3.29207107e-02 -3.95347998e-02
 -5.36681227e-02 -4.97314855e-02 -3.36406603e-02 -9.59486887e-02
 -2.20566262e-02 -7.59094432e-02 -2.10476555e-02  9.65942070e-02
  7.27920374e-03  2.14318894e-02 -8.94828467e-04 -1.14296943e-01
 -2.30292883e-02 -6.93070963e-02  6.42266171e-03  5.86516373e-02
  9.14994329e-02  2.60996968e-02 -7.71030635e-02 -4.42959592e-02
  2.92603695e-03 -7.05974847e-02 -1.30208716e-01 -2.69173402e-02
  1.68090370e-02 -7.74371028e-02  7.85635901e-04  3.90440002e-02
  1.79492477e-02 -3.28117572e-02 -3.91387194e-03  8.00782108e-34
 -3.00576054e-02  8.59108344e-02  8.29934026e-04  4.59060371e-02
  3.93361934e-02  3.87140401e-02  3.34682539e-02  2.93252356e-02
  3.06022540e-02 -3.83961312e-02 -4.18859124e-02 -5.52931987e-02
  1.00869499e-01  3.70357074e-02 -4.19194102e-02  7.07114264e-02
 -5.59260733e-02  5.02647571e-02 -1.19735962e-02  1.01458289e-01
 -3.26635614e-02  1.88390887e-03 -9.87146609e-03 -2.66126767e-02
  4.74046404e-03  9.77666676e-03 -5.32561205e-02  7.82219172e-02
 -6.83722144e-04 -2.11419370e-02 -1.61935501e-02 -1.37069747e-02
 -1.68863069e-02  7.37534985e-02 -3.81138735e-02  6.11469289e-03
  2.54495554e-02  3.14825773e-02 -1.28583249e-03  2.35606879e-02
 -2.58572679e-02 -3.77607048e-02 -4.81621772e-02  1.21248253e-01
  5.75696342e-02  1.62245221e-02  5.35849249e-03 -1.46136694e-02
 -8.91638268e-03 -2.80917790e-02  6.91473335e-02 -5.08295780e-04
 -3.95012088e-02 -7.93990269e-02  3.66192162e-02  5.36448099e-02
  3.33168432e-02  1.19176181e-02 -7.91718718e-03  5.72523056e-03
  1.50577165e-02 -9.71959010e-02 -5.47242537e-03 -7.70289376e-02
  2.69919150e-02  2.03278661e-02  7.52964169e-02 -1.35613261e-02
 -2.00318824e-02 -3.41835842e-02  3.27496342e-02 -2.82312594e-02
 -2.79126558e-02  7.61375502e-02 -3.64208892e-02  4.87371907e-02
  3.91544737e-02 -7.44174272e-02 -4.60249884e-03 -2.60902271e-02
 -9.25079435e-02 -9.26129445e-02  1.32164851e-01 -4.73043472e-02
 -5.27476612e-03 -7.77771510e-03  1.08802365e-03 -2.39735674e-02
 -1.38896389e-03  2.58648628e-03  5.19734100e-02 -3.67197432e-02
 -5.24386838e-02  1.23855203e-01  1.57671738e-02 -2.53265548e-33
 -5.04912622e-02  4.88335751e-02 -1.01224616e-01 -1.07599989e-01
 -5.78572378e-02  7.43690459e-03 -7.84239359e-03 -2.03223247e-02
  7.20781237e-02 -3.45098078e-02  3.48785543e-03 -3.91714647e-03
 -1.00687228e-01 -6.11647964e-02 -7.40161762e-02 -7.30691031e-02
  7.55234361e-02  8.79193246e-02 -3.20571139e-02  2.32812986e-02
 -7.45365396e-02 -2.46847961e-02 -2.52380390e-02  2.57596802e-02
  2.61270441e-02  1.86839737e-02 -4.87694293e-02 -2.11552847e-02
 -3.23280618e-02  6.50463775e-02  8.96377489e-02  1.79806687e-02
  9.30196866e-02  6.76120892e-02  8.22389200e-02  3.68518531e-02
 -3.24302278e-02 -6.22056276e-02  1.20360078e-02 -2.54192147e-02
  1.81548203e-05 -4.07524817e-02  8.18198919e-02 -1.35362498e-03
 -8.68299603e-03  2.91013476e-02  2.45790230e-03  2.96755768e-02
  2.00110152e-02  4.80108447e-02  6.01652637e-02  3.41559723e-02
  4.83743884e-02  1.50190489e-02 -5.52885123e-02 -1.97113641e-02
 -4.42761555e-02 -1.12522103e-01  3.84749994e-02  2.00805571e-02
  1.19021386e-02 -5.47247715e-02 -6.47610007e-03  8.59355405e-02
 -1.27840772e-01 -3.80313732e-02 -7.00227842e-02  3.03352289e-02
  6.64913803e-02  4.32128506e-03 -4.56070639e-02  2.93660276e-02
  2.77349278e-02  2.77538169e-02  8.87982268e-03 -7.69315362e-02
 -2.55699623e-02  4.10469025e-02  5.60647547e-02 -2.88638696e-02
 -4.53413976e-03  6.69398755e-02 -4.67058159e-02 -9.64297652e-02
 -5.47479615e-02 -4.44422700e-02 -1.33241294e-02 -3.27491350e-02
 -9.81105026e-03  6.21528216e-02  7.38620991e-03  3.39649530e-04
 -6.62182719e-02 -2.25222595e-02  3.03554926e-02 -2.72091611e-08
  1.41871884e-01 -2.69533005e-02  3.32895070e-02  4.08093408e-02
 -3.66196930e-02 -8.40597413e-03 -4.39095609e-02  2.45468691e-02
  1.05108604e-01  6.52389899e-02 -1.02596685e-01  1.28720030e-01
 -2.05914993e-02 -8.83373469e-02 -2.98610721e-02 -2.77574342e-02
 -2.84570418e-02 -4.84170318e-02  2.41054986e-02 -3.24808806e-02
  4.11483347e-02  2.34520044e-02  6.22502007e-02  9.27289110e-03
  7.03633130e-02 -3.04738916e-02 -2.25412678e-02 -4.42831824e-03
 -7.46367574e-02 -3.79957631e-02  7.21396459e-03 -2.72724442e-02
 -4.70963940e-02  6.39565140e-02  8.79048407e-02 -1.25028873e-02
 -2.70796251e-02  8.66219848e-02 -4.94896434e-03  3.72188203e-02
  2.63286731e-03 -1.21205663e-02  1.96024198e-02 -2.37573721e-02
 -5.19051850e-02 -9.96412560e-02 -1.36413081e-02 -6.33579120e-02
  1.04304887e-01  2.47415435e-02  1.22933015e-02  1.55597776e-02
 -2.32149158e-02 -4.70902957e-02 -3.95470262e-02 -1.05209304e-02
 -2.30020341e-02  2.47200765e-02 -4.79772734e-03  1.08005237e-02
 -1.63483284e-02  2.40080357e-02 -3.91872637e-02 -2.07964405e-02]"
Are there any natural remedies for Typhoid Fever?,"While some natural remedies may provide relief from symptoms, they are not a substitute for antibiotic treatment, which is necessary to effectively treat Typhoid Fever.",Natural remedies may ease symptoms but are not substitutes for necessary antibiotic treatment of Typhoid.,"Are there any natural remedies for Typhoid Fever? While some natural remedies may provide relief from symptoms, they are not a substitute for antibiotic treatment, which is necessary to effectively treat Typhoid Fever.","[ 4.76614684e-02  8.91889352e-03  1.37500808e-01 -7.69018754e-02
 -9.40055214e-03  2.40726974e-02 -1.76129546e-02  5.36563359e-02
 -2.85491650e-03  3.03476397e-02 -2.13952884e-02  1.61120351e-02
  7.34843537e-02  6.22764044e-02  4.92353365e-02 -3.23996805e-02
  3.39326859e-02  9.36634392e-02  3.80696841e-02 -3.37701887e-02
 -9.16713476e-02 -1.43976863e-02  7.06140399e-02 -1.87358893e-02
  5.53191034e-03 -1.90388430e-02  2.30871271e-02 -9.09928791e-03
 -3.84560078e-02 -7.94959906e-03 -7.38305300e-02  1.15978472e-01
 -1.62442364e-02 -5.02665155e-02 -2.68079303e-02  3.40668708e-02
 -7.26479739e-02 -2.01341063e-02 -2.71091284e-03  2.07876936e-02
  2.62367502e-02  5.11513352e-02  3.25058028e-02 -1.78076997e-02
  1.47710862e-02  6.03154674e-03  2.30396781e-02  2.32594013e-02
  2.19747461e-02  6.23682253e-02  1.94103327e-02  4.98284400e-02
  9.35359225e-02  4.09092978e-02  2.81887259e-02  5.09503111e-02
 -1.93241145e-02 -3.18481848e-02 -5.08501269e-02  2.04708171e-03
  2.15730388e-02 -1.84180811e-02  1.88200269e-02 -9.89079475e-02
 -8.78475681e-02  3.16459546e-03 -6.25516623e-02  7.24870041e-02
  4.62314785e-02  2.60038637e-02  1.79022141e-02  5.47351465e-02
  7.36035854e-02 -5.69222122e-03 -9.42817628e-02  2.47829650e-02
  1.01654112e-01 -8.09786171e-02  1.87921058e-02  5.09925969e-02
 -3.73641588e-02 -1.29609238e-02  9.66219082e-02  2.46143080e-02
  6.60644695e-02  1.78291593e-02  2.44221129e-02 -9.83429886e-03
  1.86057785e-03  7.35289827e-02  4.02758159e-02 -4.38263640e-02
  2.77328081e-02 -3.77221070e-02  6.94670528e-03 -6.37988150e-02
 -4.35200660e-03 -1.41525047e-03 -3.31482626e-02 -5.30093461e-02
 -4.58431616e-02 -1.28608987e-01  1.79228012e-03 -3.63152251e-02
  1.57732386e-02  3.89596783e-02  5.49442507e-02 -5.64507246e-02
 -3.39910598e-03 -8.55720043e-02  1.56997051e-02 -3.54044489e-03
  9.71259642e-03 -2.42981240e-02 -6.46899194e-02 -4.63199466e-02
  3.07559408e-02 -4.36301380e-02 -4.50705588e-02 -3.68579254e-02
  3.79903428e-02 -1.65536068e-02  3.41148563e-02 -1.25539238e-02
  5.04254699e-02  3.35900560e-02  1.37035400e-01  2.63942489e-33
 -3.51946466e-02  1.61773980e-01  4.10217140e-03 -2.41498966e-02
  5.61883226e-02  4.61928323e-02 -2.70107761e-02  1.23138884e-02
  6.00594003e-03 -6.90023378e-02 -2.47515235e-02  5.87337054e-02
  5.13777249e-02 -1.40147712e-02 -9.37497541e-02 -1.52720679e-02
 -3.13219205e-02  1.50900343e-02  5.73283881e-02  2.17360519e-02
  6.24360777e-02  3.37477424e-03 -1.82074308e-02 -4.87133972e-02
 -1.30306846e-02 -4.64531742e-02  7.38058356e-04  1.24405781e-02
  3.58025841e-02 -1.81735829e-02 -2.62191379e-03  1.43305575e-02
  1.59157366e-02  7.75779188e-02 -5.80549017e-02 -4.99216355e-02
 -9.14178640e-02  2.74587213e-03  9.91559960e-03  5.54365432e-03
 -3.91422398e-02  5.24088740e-02 -2.70197988e-02  5.05953990e-02
  3.72824147e-02 -1.44066410e-02 -3.47879902e-02  2.11653989e-02
  1.10503833e-03 -4.01638485e-02  9.75344852e-02 -7.44961575e-03
 -3.23454440e-02 -1.15186743e-01  2.07910314e-02 -1.92402527e-02
  1.77769328e-03  6.50933310e-02  7.22633153e-02  3.08487955e-02
 -5.12149883e-03 -7.18465969e-02  1.50648970e-02 -4.00795750e-02
  1.95472185e-02  3.60142603e-03  1.37883620e-02 -6.32722899e-02
 -5.78108318e-02 -9.48458537e-02  3.47833969e-02 -2.20026166e-04
 -5.60573004e-02  1.16317846e-01 -6.87026903e-02 -1.45324590e-02
  6.06888421e-02 -1.02933049e-01  2.81070303e-02 -6.41113967e-02
 -3.01875621e-02 -2.50184499e-02  6.93252087e-02  4.19522226e-02
  6.56515583e-02 -9.00351722e-03 -9.58005115e-02  2.13436093e-02
  3.03055961e-02 -8.14238749e-03  6.76683476e-03 -4.52897958e-02
 -5.32282926e-02  6.95138946e-02  1.69690866e-02 -2.81203467e-33
  2.16230992e-02 -4.05023508e-02 -6.05448000e-02 -1.70964561e-02
 -7.04559311e-02  3.90065163e-02  2.03388557e-02 -6.14458136e-02
  8.61814171e-02 -4.57019433e-02 -3.33115109e-03 -6.76100627e-02
 -5.91398850e-02 -7.09868129e-03 -1.04843400e-01 -4.63327393e-02
  2.34969873e-02  7.41783753e-02 -7.40751326e-02  1.93533972e-02
 -7.10677505e-02 -1.35525819e-02  1.12363398e-02 -3.64785492e-02
  6.37824973e-03  5.71211241e-02 -5.04433960e-02  3.64766680e-02
 -5.90577349e-02  7.23296851e-02  5.86450007e-03 -2.03482043e-02
  2.98130307e-02 -2.81497892e-02  1.15486048e-01  9.41173956e-02
  7.84846842e-02 -5.17623499e-02  2.44019721e-02  4.94998842e-02
 -5.07596647e-03 -4.94984537e-02  8.40912685e-02  1.96940880e-02
  3.19203623e-02  8.90479386e-02 -9.95059684e-02 -1.23789031e-02
  5.88716613e-03  4.62342612e-03  2.07031853e-02 -9.28882882e-02
  2.86561977e-02 -1.53695187e-02 -5.46166338e-02 -7.50836655e-02
 -6.83474466e-02 -7.72489905e-02  5.14236912e-02 -4.69739810e-02
 -2.00095307e-02 -3.07319891e-02  1.48583474e-02  6.65364787e-02
 -1.03133909e-01  1.68071948e-02 -2.89797895e-02  6.52502775e-02
  1.06914222e-05 -3.71795595e-02 -1.36042029e-01  2.46360749e-02
 -2.76165549e-02  4.14137319e-02  4.80980501e-02 -2.73974463e-02
 -1.18779819e-02 -5.11744246e-02  9.68585089e-02 -5.26296608e-02
  3.19694132e-02  3.40502001e-02 -5.69680110e-02 -6.43046051e-02
 -2.08804919e-03  8.17694366e-02  1.27017284e-02  2.41637640e-02
 -2.49055941e-02  4.11442481e-02 -1.25932395e-02 -6.39260933e-02
 -6.20946139e-02  6.57290071e-02  4.04889099e-02 -2.84280457e-08
  1.18534505e-01 -2.55966582e-03  2.80769076e-02  4.23602909e-02
 -5.23001924e-02 -3.83647606e-02 -9.56672281e-02  1.23838903e-02
  8.41955468e-02 -4.04100195e-02 -1.05416059e-01  1.04533851e-01
  4.24002036e-02 -2.16523930e-02 -1.87554210e-02 -3.34652439e-02
  3.67367230e-02 -4.41130064e-02 -5.67733757e-02 -4.92928103e-02
  4.31532459e-03  4.70035970e-02  3.90129350e-02 -1.85893793e-02
  9.02037621e-02  3.15298066e-02  7.19644595e-03 -1.24301136e-01
  7.99197797e-03 -5.42014875e-02 -2.59173885e-02 -7.12626753e-03
 -4.83853780e-02 -1.03927413e-02  8.77326578e-02  4.03970070e-02
  4.85530719e-02  4.44818810e-02  3.37685756e-02 -3.37065454e-03
  2.58250777e-02  4.19323286e-03 -4.39867042e-02 -2.72458810e-02
 -6.62758052e-02 -9.69035700e-02 -2.68591102e-03 -4.19584587e-02
  2.03886419e-03 -2.22978462e-03  8.26982260e-02 -3.40597611e-03
  5.18312678e-03  8.79836455e-03 -5.53499088e-02 -4.98049781e-02
  1.73440836e-02 -4.34476770e-02 -7.24877371e-03 -3.18643749e-02
 -9.83218178e-02 -4.58187945e-02  2.96746031e-03 -1.03706233e-02]"
How does Typhoid Fever impact mental health?,"Prolonged illness and complications from Typhoid Fever can lead to mental health issues such as stress, anxiety, and depression, especially in cases of severe or chronic illness.","Prolonged or severe Typhoid can lead to mental health issues like stress, anxiety, and depression.","How does Typhoid Fever impact mental health? Prolonged illness and complications from Typhoid Fever can lead to mental health issues such as stress, anxiety, and depression, especially in cases of severe or chronic illness.","[ 1.09053373e-01  8.34248737e-02  1.09431311e-01  8.45295377e-03
  1.96948480e-02  8.52957144e-02  8.45499635e-02  8.15298408e-02
  2.68426854e-02  1.34125622e-02 -2.38910373e-02  5.69717698e-02
  3.93165201e-02  3.84912305e-02  1.09850354e-01 -1.05909398e-03
 -4.22720127e-02 -6.84961909e-04 -3.53938416e-02  3.16754058e-02
 -4.93401140e-02 -3.94077934e-02  3.01606972e-02 -7.79035548e-03
 -2.56615970e-02  4.03675176e-02 -2.22055409e-02 -2.71901768e-02
 -1.09251291e-02  5.62077798e-02 -4.80726697e-02  9.75855142e-02
 -4.06119600e-02  5.03022894e-02  1.36787060e-03 -5.06658219e-02
 -6.12545498e-02  5.82373179e-02  3.57094011e-03  7.63173681e-03
 -4.62368354e-02 -1.43993180e-02  6.48481771e-02  9.45454370e-03
 -4.42171805e-02 -6.73450530e-02 -8.47074483e-03  3.18016410e-02
  8.54046177e-03 -1.91795807e-02 -5.89848086e-02  7.13130683e-02
  1.34496436e-01 -5.72090782e-03  3.88623937e-03  3.56885716e-02
  6.82801753e-02  1.14237273e-03 -1.14409201e-01  9.85822305e-02
 -4.67320010e-02 -2.14930959e-02  3.58818471e-02 -7.27997646e-02
  4.34617810e-02  7.00279977e-03 -7.40973130e-02  4.91499552e-04
  3.29227075e-02 -3.70597243e-02  2.36878712e-02 -2.21184678e-02
  7.73184421e-03 -2.37506330e-02 -1.40895806e-02  6.39513060e-02
 -5.30040488e-02 -4.40686159e-02  5.68737388e-02  3.73461172e-02
  4.62947898e-02  7.91456923e-02  1.05901308e-01 -4.72511686e-02
  2.35204119e-02 -6.58302531e-02  9.20764506e-02  4.48388420e-02
 -5.39471842e-02  1.79542586e-01  2.73637678e-02 -1.34092614e-01
  7.35022575e-02  3.42101348e-03  4.33167536e-03  1.55280279e-02
 -1.11707613e-01  8.79034121e-03 -3.13225091e-02 -3.23592238e-02
 -2.11649686e-02 -4.57981043e-02 -3.97389308e-02  5.31469844e-02
 -8.19046237e-03  7.70740286e-02  3.91246639e-02 -1.14762463e-01
 -4.54747230e-02 -4.24787030e-02 -4.87145782e-02 -4.75900713e-03
  2.83459350e-02 -1.72985587e-02 -4.16960418e-02 -8.60163849e-03
  1.75937358e-02 -2.84728147e-02 -1.92030258e-02  3.78782279e-04
  4.60130535e-02 -5.47436327e-02 -2.10830010e-02  8.96592438e-02
  5.21239527e-02  3.30963805e-02 -1.41490446e-02  9.96488877e-34
  8.11384171e-02  2.59319041e-02 -4.09803761e-04  1.42030679e-02
  2.80782562e-02  2.73445603e-02 -1.05758756e-02 -6.83623254e-02
  3.88475507e-02 -6.50651902e-02 -5.31422794e-02 -4.55804318e-02
  2.36771964e-02 -5.86218084e-04 -8.77375603e-02 -2.65272427e-03
 -5.28256781e-02  8.62032846e-02  4.62589525e-02  6.08357489e-02
 -3.17497887e-02 -7.31772929e-02 -8.79142899e-03  2.03692187e-02
 -7.45421788e-03  2.34679901e-03  5.84326684e-03  4.37894352e-02
  1.13706421e-02 -4.79778601e-03 -7.10995272e-02  1.54778641e-02
 -1.30874745e-04  5.57808504e-02 -1.39915040e-02  1.92324966e-02
 -1.88434664e-02  3.61298956e-02 -2.38601416e-02 -1.31793413e-02
  1.59159955e-02  3.48801240e-02 -3.62621844e-02  1.40586361e-01
  3.50510180e-02 -2.57008225e-02 -5.80607019e-02 -5.87491728e-02
 -5.94957694e-02  7.75266998e-03 -1.71534140e-02  3.53258150e-03
 -5.59541620e-02 -2.28245873e-02  1.57199614e-02 -6.56184033e-02
  5.25183007e-02 -6.44028559e-02  1.87296215e-02  3.48431095e-02
  4.90091927e-03 -3.54863927e-02 -4.38894704e-02 -1.00434914e-01
  1.08989909e-01  2.10280670e-03  6.11885786e-02 -7.16840997e-02
 -7.20445216e-02 -1.92119572e-02  2.96308547e-02 -5.52147217e-02
 -2.48785107e-03  2.99232248e-02 -1.29571371e-02  6.44378215e-02
 -3.35594118e-02 -1.35723501e-01 -3.79490703e-02 -6.29301816e-02
 -2.34867409e-02 -3.65971737e-02  4.07913215e-02  4.67605470e-03
 -1.33938929e-02  7.13587478e-02  5.88023162e-04 -6.06446527e-02
 -2.60767285e-02 -8.45195428e-02  5.64171784e-02  3.75646390e-02
  3.66253108e-02  5.73219024e-02 -7.56730214e-02 -2.26704426e-33
 -4.33952920e-02  3.34755778e-02 -1.05863065e-01 -1.37213066e-01
 -1.07035637e-02  4.63970229e-02 -2.04690415e-02 -2.30313595e-02
  2.78837066e-02  1.94464857e-03  7.41414586e-03 -1.02404401e-01
 -2.59326044e-02  1.75190307e-02 -7.20944330e-02 -8.56531411e-02
  5.40304780e-02  3.49724256e-02 -7.56701455e-02  6.92570675e-03
 -4.99861091e-02 -2.93833483e-03  7.23530119e-03  1.36388391e-02
 -3.13243121e-02  2.62295641e-02 -3.09828594e-02 -2.60056788e-03
  1.63072962e-02  1.48363309e-02  3.53628211e-02  4.32375334e-02
  1.98870953e-02  2.02675792e-03  1.24439895e-01  3.47737260e-02
  1.16724223e-02 -6.81467652e-02  6.89525949e-03 -8.69866237e-02
  8.05825181e-03 -3.62059176e-02  7.91814104e-02 -3.45821530e-02
  1.19855069e-02 -4.79582604e-03 -1.24415848e-03  2.07517687e-02
  2.03256588e-02  3.41423973e-02  7.28042005e-03 -6.08556271e-02
  3.68406028e-02 -8.78926180e-03 -4.85514253e-02 -1.28094792e-01
 -1.07881047e-01 -1.13482647e-01 -7.76098892e-02  5.84527757e-03
 -3.31636593e-02 -2.58889492e-03  4.27798973e-03  4.46432605e-02
 -6.97658956e-02 -7.76367709e-02  1.37806702e-02  3.18514071e-02
  3.61465067e-02  4.23424458e-03 -7.00147152e-02  1.74833611e-02
  2.18082890e-02  3.45912464e-02  1.48765929e-02 -1.14221526e-02
 -3.01671177e-02  4.52586226e-02  8.61577690e-02 -1.38715701e-02
 -3.19403261e-02  4.79406156e-02 -7.40901381e-02 -8.83672684e-02
 -6.62486479e-02 -2.81802099e-02  1.33504570e-02  4.37171571e-02
 -1.31560136e-02  5.28994687e-02 -4.55930978e-02  2.07976736e-02
 -1.07493758e-01  7.68917147e-03 -1.69823784e-02 -2.78852212e-08
  9.03366879e-02 -8.07205588e-02  1.36835910e-02  4.83862720e-02
  1.67563856e-02 -1.45927211e-02 -3.49098966e-02  4.54602689e-02
  7.18979165e-02  8.25075656e-02 -2.53663603e-02  6.23359419e-02
 -4.76782620e-02 -1.34865446e-02 -8.08292851e-02  4.11744649e-03
  1.24868564e-02  8.00004695e-03  3.66376862e-02 -5.80776483e-02
 -1.75623801e-02 -2.16498338e-02  3.57563794e-02  1.27260787e-02
  2.38635670e-02  4.72969897e-02 -1.48368878e-02 -4.25345898e-02
 -5.77376038e-02 -1.26063041e-02  3.94094512e-02  2.80510951e-02
 -9.68492962e-03  7.22853839e-02  8.32221135e-02 -5.40843569e-02
  4.20463420e-02 -2.01596636e-02  2.14574393e-02 -1.32663436e-02
  3.47262397e-02  7.04136640e-02 -5.63957402e-03  2.28950772e-02
  9.37034376e-03 -9.11223367e-02 -5.90587035e-03 -2.20916122e-02
  5.41181536e-03 -6.40688911e-02  6.93814903e-02  8.54639262e-02
 -2.15326194e-02  6.14364967e-02 -6.98763281e-02  4.85365354e-02
  8.83287750e-03  1.76294744e-02 -1.09638311e-02 -8.27434734e-02
  7.50428811e-03  2.31292918e-02 -8.15106183e-03 -5.48592722e-03]"
Can Typhoid Fever be eradicated?,"Eradication of Typhoid Fever is challenging due to its prevalence in areas with poor sanitation. However, improvements in water quality, sanitation, hygiene, and vaccination can significantly reduce its incidence.","Eradication is challenging but can be approached with better sanitation, hygiene, water quality, and vaccination.","Can Typhoid Fever be eradicated? Eradication of Typhoid Fever is challenging due to its prevalence in areas with poor sanitation. However, improvements in water quality, sanitation, hygiene, and vaccination can significantly reduce its incidence.","[ 6.94056824e-02  9.20011178e-02  1.02989428e-01 -1.00739524e-01
 -8.77254084e-03 -1.21892709e-02  5.59500456e-02  1.11879958e-02
 -2.76777744e-02  4.67146710e-02  3.85901034e-02  4.57171313e-02
  1.10558957e-01  1.08242720e-01 -2.71214060e-02 -4.58223931e-02
  1.87454559e-03 -4.27137641e-03  5.51759591e-03 -1.81821790e-02
 -3.51481587e-02  4.12365198e-02  6.23472668e-02 -6.24097325e-02
 -4.89002466e-02 -3.50590423e-03 -1.04395552e-02 -2.65398435e-02
 -5.12100160e-02  2.41495576e-02 -4.60472032e-02  5.74253276e-02
 -3.62066348e-05 -5.76331355e-02 -7.40926759e-03 -4.23992053e-02
 -2.21457053e-02 -1.64123364e-02  1.06524443e-02  5.87003529e-02
  2.21449789e-02 -3.38689685e-02 -3.97425033e-02 -3.13890427e-02
 -5.74830547e-03  3.14775705e-02 -9.78990495e-02  2.07319185e-02
 -2.91702338e-02 -1.89059004e-02  6.04547597e-02 -1.88917969e-03
  8.06040838e-02  4.86843809e-02 -5.07975779e-02 -4.61072922e-02
  5.74065605e-03 -4.70292643e-02 -1.00314811e-01 -4.11721505e-02
 -1.38335247e-02 -7.47245224e-03 -1.95999034e-02 -4.58484516e-02
  4.34664786e-02 -4.08594571e-02  3.38810473e-03 -1.86179504e-02
  1.03513524e-01  1.03190122e-02  2.71791331e-02  6.50577545e-02
  6.28486201e-02  8.58219154e-03 -7.64746815e-02  2.18684468e-02
  6.51764721e-02 -6.47426695e-02  6.13138378e-02  8.01931471e-02
  1.87158473e-02 -6.73892722e-02  1.80431023e-01 -1.78325512e-02
  4.82086465e-02 -3.04031800e-02  1.26443310e-02 -1.56735796e-02
  1.38237234e-03  4.43533584e-02  3.01395357e-03 -1.19346585e-02
  1.23296209e-01 -5.00683933e-02  1.76539626e-02 -1.03928577e-02
  3.12312339e-02 -1.68915801e-02 -3.55718285e-02  2.27835495e-02
 -9.41478163e-02 -1.11434422e-01 -3.81350070e-02 -6.04003593e-02
  2.05837358e-02 -1.50833623e-02  9.36828833e-03 -3.96945849e-02
  7.02442648e-03 -1.20738924e-01 -4.43199165e-02 -2.34194528e-02
  6.15095235e-02  3.35824937e-02 -1.48583006e-03  3.04109380e-02
  7.52195045e-02 -4.40204255e-02 -3.47883180e-02 -2.83091981e-02
 -1.36727253e-02 -7.11745322e-02 -3.27462517e-02 -4.36803652e-03
  7.73787871e-02  5.11123762e-02  7.96408132e-02  7.84088252e-34
 -5.54435141e-02  7.03145117e-02  6.27140850e-02 -5.68390638e-02
  3.52268033e-02 -3.18710841e-02  1.91477519e-02  3.89139517e-03
  5.90067729e-02 -7.58200586e-02 -1.71534496e-03 -4.90335263e-02
 -2.75000893e-02 -1.85323730e-02 -5.97213395e-03 -1.87793523e-02
  3.85104194e-02  1.08438738e-01 -3.64477709e-02 -8.34121834e-03
  6.47531524e-02 -2.89495885e-02 -2.34148223e-02 -5.09072617e-02
 -2.87557803e-02 -4.22195392e-03  2.68602767e-03  2.00783610e-02
  5.24141416e-02 -5.15315030e-03  1.94262192e-02  4.30396385e-02
 -4.69057970e-02  7.23830387e-02 -2.11420450e-02 -4.12059836e-02
 -1.81936231e-02  4.38298471e-02 -2.63001323e-02 -1.39029631e-02
 -1.66360866e-02  5.52530177e-02 -7.49859819e-03  2.84281485e-02
  7.94275701e-02 -4.59460877e-02 -1.24964782e-03 -3.58569585e-02
 -1.47484289e-02 -3.10437772e-02  3.80958840e-02  3.20202857e-02
 -5.98117486e-02 -1.00181080e-01  1.88737269e-02 -6.55512810e-02
  4.12450284e-02 -3.12044309e-03  6.36382252e-02  1.13184024e-02
  4.27895859e-02  1.77933238e-02 -3.54031622e-02 -3.62661295e-02
  7.28308558e-02 -4.56617959e-02  7.03029856e-02 -3.51734944e-02
 -6.52739406e-02 -5.67247719e-02  6.71292022e-02 -2.52490025e-02
 -7.24164620e-02  6.57675788e-02 -5.51113263e-02  2.33786851e-02
  5.94102331e-02 -1.14582635e-01  7.30169425e-03 -7.37185776e-02
 -6.18937202e-02 -1.70214549e-02  6.07557632e-02  3.40724550e-02
  3.18175629e-02  1.47969089e-02  4.97116707e-03 -1.23521667e-02
 -4.28041071e-03  4.28404007e-03  4.82427105e-02  4.03060578e-02
 -1.07562535e-01  4.89426516e-02 -2.57944893e-02 -1.36737241e-33
  1.29107926e-02  4.04680297e-02 -1.21997640e-01 -3.82290073e-02
 -1.76554937e-02  3.91927734e-02  4.48899902e-02 -6.86351443e-03
  6.41315579e-02  2.07879823e-02 -1.83830981e-03 -2.02881563e-02
  5.22412620e-02 -3.22634578e-02 -6.95181116e-02 -7.55947502e-03
  7.14707598e-02  3.89390886e-02 -1.31861478e-01  3.02835926e-02
 -9.53460112e-02 -2.23816466e-02  3.33171524e-02 -2.62862351e-02
 -8.20368826e-02  6.11786954e-02  6.62897015e-03  2.71607973e-02
 -6.89910054e-02  2.86509860e-02 -2.74331085e-02  8.13961308e-03
  4.41646352e-02 -1.62535552e-02  5.79402633e-02  2.44012605e-02
  7.28899762e-02 -8.62773880e-02  7.55792931e-02  2.20569111e-02
  8.73707328e-03 -8.16523582e-02 -2.26964317e-02  3.48704532e-02
  5.41317537e-02  1.01938188e-01  4.63974057e-03  3.43548581e-02
  5.77103011e-02  2.21520793e-02  1.11639360e-02 -1.64918939e-03
  2.00816989e-03 -4.34712395e-02 -1.00757003e-01 -5.33802733e-02
 -2.98848245e-02 -1.05044372e-01 -1.95892639e-02  2.41112281e-02
  5.89100383e-02  6.90502971e-02 -4.21441682e-02  9.16540250e-02
 -1.07283965e-02 -6.22155331e-03  1.43644083e-02  1.06990442e-01
  1.94394924e-02 -8.26336592e-02 -4.31841426e-02  1.17754592e-02
 -1.91376936e-02  1.64275598e-02  4.25075144e-02 -1.00462347e-01
 -1.23986881e-03  5.08016460e-02  8.28430876e-02 -5.94983101e-02
 -7.39409775e-03  2.00145151e-02 -2.79235225e-02 -8.51154327e-02
  3.37154754e-02 -3.21195163e-02 -1.73249710e-02 -7.62898549e-02
 -1.88463759e-02  6.04571290e-02 -2.23873015e-02 -3.37277502e-02
 -7.21801296e-02  5.36422953e-02  1.07718185e-02 -2.82597146e-08
  1.64121717e-01 -1.95512678e-02  3.74053121e-02  4.49001007e-02
 -2.60253660e-02 -1.43311489e-02 -6.56596497e-02  8.78443345e-02
  1.29632264e-01  1.46486936e-02 -7.14522451e-02  1.17138132e-01
 -2.92557869e-02 -4.52505387e-02 -1.00165373e-02 -4.14038124e-03
 -9.96472035e-03 -6.71307221e-02 -6.93382621e-02 -4.86793369e-02
  4.49860562e-03 -6.03378331e-03  1.88942645e-02 -4.26999852e-02
  7.39842802e-02  4.06081304e-02 -1.36228558e-02 -2.41634808e-02
 -8.68033804e-03 -6.87862709e-02 -2.55441628e-02  3.27857444e-03
 -6.90508112e-02  4.41911481e-02  8.37293565e-02 -6.54538395e-03
  1.87625103e-02  4.20681871e-02 -8.52964446e-03 -2.94456370e-02
  3.82534112e-03  6.43006861e-02 -2.77352612e-02  9.78375319e-04
 -2.73725521e-02 -5.93477152e-02 -6.63574114e-02 -3.21723558e-02
  5.15697040e-02 -3.11625134e-02  4.44690809e-02 -7.31681287e-03
  2.94942278e-02  5.54751530e-02 -8.28406438e-02  2.14291015e-03
  6.87592104e-02 -2.84073949e-02 -8.12571943e-02  1.18023518e-03
  4.62967232e-02 -5.52693419e-02  1.87690742e-02 -9.27853025e-03]"
How does Typhoid Fever affect pregnancy?,"Typhoid Fever during pregnancy can lead to complications such as miscarriage, premature birth, and low birth weight. Pregnant women with Typhoid require careful medical management.","Typhoid in pregnancy can cause miscarriage, premature birth, and low birth weight, requiring careful management.","How does Typhoid Fever affect pregnancy? Typhoid Fever during pregnancy can lead to complications such as miscarriage, premature birth, and low birth weight. Pregnant women with Typhoid require careful medical management.","[ 5.25428355e-02  3.57262753e-02  9.91927609e-02 -8.82151909e-03
  5.62322065e-02  5.99564351e-02  2.04982422e-02  1.18694894e-01
  5.37222344e-03  8.93597305e-02 -2.05702186e-02 -6.82509411e-03
  2.58489475e-02 -2.55206507e-02  5.17400578e-02  4.07184707e-03
  4.38460037e-02 -3.72785330e-03  2.19518095e-02 -3.10486667e-02
 -4.77967486e-02 -5.35480715e-02  3.13632339e-02 -1.44058289e-02
  4.05920185e-02 -7.24513223e-03 -1.31986672e-02  1.01234600e-01
 -3.33152562e-02  9.72710364e-03 -1.19602546e-01  9.22033191e-02
 -6.13477081e-02 -3.04348152e-02 -1.01721376e-01  5.72342835e-02
 -1.25303091e-02  3.89274098e-02  3.83037701e-02  4.99030435e-03
  2.20444310e-03  7.72673637e-02 -4.46778275e-02  2.53712907e-02
 -1.41476914e-02 -2.81794667e-02 -1.58188846e-02  1.32976770e-02
 -7.57276267e-02  3.49536799e-02 -7.45427515e-03  1.85368769e-02
  1.01725109e-01 -6.12239959e-03 -3.57836969e-02 -8.81619006e-02
 -1.25322966e-02 -2.52202954e-02 -7.21612275e-02 -4.28199470e-02
 -5.88849336e-02 -3.65918688e-02  1.31898141e-02 -1.04708359e-01
  4.34565693e-02  1.84985623e-02  3.73140872e-02  5.86788345e-04
  4.40557636e-02 -6.15043975e-02  4.16306108e-02  8.68409202e-02
  5.85802980e-02  4.12622057e-02 -1.91979576e-02  4.82373200e-02
  3.22730020e-02  1.64146591e-02 -2.00489219e-02 -7.53168529e-03
  3.79348616e-03  3.67935635e-02  3.60851362e-02  7.37199094e-03
 -3.74192670e-02  1.21904509e-02  5.68358377e-02 -3.13793570e-02
  8.43064580e-03  1.06198266e-01  2.44310331e-02 -8.85405242e-02
  9.14673805e-02 -3.32106501e-02 -4.93598655e-02  6.44598342e-03
 -8.78207907e-02 -6.29649535e-02  2.14022808e-02 -2.71334834e-02
  3.90303545e-02 -4.14994806e-02 -9.01459157e-03  9.48229432e-02
  5.22108264e-02  8.14261064e-02 -4.42306399e-02 -1.05401807e-01
 -5.85277490e-02 -4.15436849e-02 -2.37173755e-02 -1.00023728e-02
  7.26051629e-02  5.32226600e-02 -6.97139949e-02  3.01456731e-02
  2.39002630e-02 -1.34927742e-02 -7.58847594e-02 -1.46926299e-03
 -1.83640178e-02 -2.00480502e-02 -1.71452630e-02  3.04313507e-02
 -1.02446589e-03 -1.23179458e-01  1.35799702e-02  3.16983439e-33
  4.63016964e-02 -7.59126106e-03  3.48192155e-02  2.34105829e-02
  1.84666039e-03  6.91656619e-02 -6.20270707e-03 -1.48993852e-02
  4.44006696e-02 -3.41604203e-02 -2.17541624e-02 -5.42590693e-02
  5.99859022e-02 -5.05930074e-02 -3.39679536e-03  4.90247533e-02
  4.56102937e-03  4.42054346e-02  2.39569582e-02  1.28295571e-01
 -1.37891034e-02 -7.59152770e-02 -5.72639853e-02 -1.13058455e-01
 -2.76937895e-02 -4.79565887e-03  6.94725057e-03  2.28905622e-02
 -4.19756025e-02 -2.92494651e-02 -7.76081532e-02 -1.88725609e-02
  3.96858566e-02  1.30024133e-02  1.36312470e-02  2.97213867e-02
 -5.97747415e-02 -3.15706730e-02 -7.94651266e-03  6.06476963e-02
 -8.22866932e-02  3.65147479e-02 -3.04722297e-03  1.99030098e-02
  4.95697632e-02 -2.80138366e-02 -1.85734443e-02 -6.04313314e-02
 -3.63800675e-02 -4.54544649e-02  4.93467785e-02 -1.03197701e-01
 -6.41402323e-03  3.48352343e-02  5.75346388e-02  1.69590097e-02
  1.76799521e-02 -4.91068102e-02  2.15728674e-02 -2.06263619e-03
 -4.18938361e-02 -6.70389533e-02 -1.20120775e-02 -4.74805571e-02
 -2.47080699e-02 -8.48615021e-02  6.61128238e-02 -1.60194444e-03
 -4.12495621e-02 -3.77878696e-02  1.37859182e-02 -7.14482069e-02
 -5.16983448e-03  7.58274645e-02 -9.21721458e-02  1.16807468e-01
  3.36852781e-02 -6.03030846e-02  3.65528017e-02 -8.03339481e-02
 -6.89554960e-02 -3.64128202e-02  1.33758292e-01 -5.10520488e-02
  1.55565026e-03  3.42601687e-02  5.31032681e-02  1.56394411e-02
 -6.88464241e-03 -4.75931764e-02  6.09708987e-02  3.82529944e-02
 -9.67722088e-02  6.51308671e-02  4.97882701e-02 -3.30936778e-33
 -5.93995936e-02  6.13524951e-02 -7.82348588e-02 -1.07652597e-01
 -6.89281076e-02 -1.02258166e-02  3.39004323e-02 -4.17065881e-02
 -2.76051145e-02 -1.19500570e-02  1.47684114e-02 -1.16092347e-01
 -5.36590442e-02 -1.49953067e-02 -6.90373359e-03 -5.62593639e-02
  5.95442764e-02  6.14385568e-02 -3.41494358e-03  6.67579547e-02
 -9.20966715e-02 -5.24159111e-02 -3.75799760e-02  2.72547267e-02
  1.98961515e-03  5.07981330e-03 -1.73551254e-02  3.59691791e-02
 -4.10533994e-02  9.75846685e-03 -1.83727946e-02  3.56706642e-02
  6.96326569e-02  1.11057833e-02  1.61707014e-01  4.28748801e-02
 -5.89918392e-03  5.37009425e-02  3.86960618e-02 -8.60375389e-02
 -6.12555258e-03 -1.56984068e-02  8.05574805e-02 -3.62393027e-03
 -3.48854400e-02  8.87138117e-03  1.27547244e-02  2.54787728e-02
  5.22678383e-02  4.34406921e-02 -5.48344757e-03 -1.05271704e-01
 -1.59697309e-02  6.94144471e-03 -4.94516455e-02 -2.00137831e-02
  2.40096617e-02 -8.15328956e-02  7.77141526e-02 -1.25466392e-03
 -3.45663517e-03  3.49552147e-02  1.68092176e-02  2.96608936e-02
 -1.02715425e-01 -5.29670343e-02  3.03586456e-03  2.60493550e-02
  6.53599575e-02 -9.25571006e-03 -4.79352809e-02  1.72399674e-02
  4.88147996e-02  3.56827229e-02  1.83046386e-02 -1.15117729e-01
  4.77504591e-03  5.10120206e-02  1.11820392e-01  2.86524277e-02
  2.29460932e-02  1.06458776e-01 -1.21412892e-02 -4.79540825e-02
 -5.48491068e-02  9.25414357e-03 -5.35571855e-03 -7.14062806e-03
 -1.39571792e-02 -6.82199979e-03  9.14527662e-03  4.19699587e-02
 -1.14718257e-02  7.76230171e-03  6.41737431e-02 -2.88109554e-08
  1.38416767e-01 -2.88227722e-02  3.40074636e-02  4.21906114e-02
 -7.42071941e-02 -1.39071897e-01  1.97267868e-02 -1.54528366e-02
  3.84430178e-02  2.37454642e-02 -1.16780326e-01  1.05917484e-01
 -2.33874619e-02 -3.87639031e-02 -3.71796563e-02  1.04524307e-01
 -3.68179590e-03  2.47991234e-02 -3.29891741e-02 -3.86255458e-02
  4.59464304e-02 -1.34378104e-02  2.83437148e-02  4.26139422e-02
  8.73711854e-02  8.22643563e-02 -2.16330793e-02 -2.16018967e-03
  4.47001159e-02 -2.11594906e-02  7.11997272e-03 -1.91608407e-02
  1.12488335e-02  1.04213292e-02  8.88223872e-02  3.40932906e-02
  1.57936253e-02 -1.29548423e-02 -3.22846393e-03 -2.16785148e-02
 -8.80286936e-03  1.28173111e-02  5.60687445e-02 -2.83789244e-02
  7.22300168e-03 -1.30332619e-01  3.65121402e-02 -1.47881010e-03
  3.24207693e-02  3.47084529e-03 -5.14572905e-03 -6.43978864e-02
  8.21065332e-04 -3.04100628e-04 -2.40689926e-02  7.84745440e-03
 -8.40328576e-05 -5.62028820e-03  1.78850386e-02  1.56285372e-02
 -5.85406236e-02 -5.30758984e-02  4.21409197e-02 -2.87981424e-02]"
What is the role of sanitation in Typhoid Fever control?,"Improved sanitation and access to clean water are crucial for controlling Typhoid Fever, as the bacterium spreads primarily through contaminated water and poor hygiene practices.","Sanitation and clean water are vital in controlling Typhoid, given its fecal-oral transmission route.","What is the role of sanitation in Typhoid Fever control? Improved sanitation and access to clean water are crucial for controlling Typhoid Fever, as the bacterium spreads primarily through contaminated water and poor hygiene practices.","[ 6.84003159e-02  4.73058075e-02  1.10302456e-01 -8.54121968e-02
  1.31280813e-02  5.52202947e-02  4.98025008e-02  3.36058401e-02
 -1.46230194e-03  5.07685617e-02 -3.15217972e-02 -1.46349194e-02
  8.14809948e-02  1.08433291e-01 -2.35869382e-02 -5.60841188e-02
 -4.31087278e-02  2.44524572e-02 -5.90277575e-02 -3.67454104e-02
 -3.33386324e-02 -7.02773035e-03  1.05748467e-01 -8.17041919e-02
 -8.95695761e-02  3.90176848e-02  4.37798239e-02 -3.35413851e-02
 -4.02145274e-02 -1.98021084e-02  4.88669658e-03  3.31030861e-02
  4.65845913e-02 -5.10894582e-02 -8.73850212e-02  3.13951867e-03
  1.29910335e-02 -4.41488698e-02  5.41823469e-02  2.90013347e-02
 -1.19009474e-03 -2.56200843e-02 -2.16901228e-02 -5.76633634e-03
  1.33751938e-03  2.74725500e-02  1.42879644e-02  5.92002459e-03
 -4.07221690e-02 -1.77538507e-02  2.23202948e-02  4.42966148e-02
  7.22584501e-02  3.93799655e-02 -3.92917655e-02  1.50883626e-02
  4.70407940e-02 -9.21849236e-02 -1.14934452e-01 -5.05834855e-02
 -7.54425442e-03 -1.63260158e-02 -3.76343355e-03 -3.94036993e-02
 -8.14660080e-03 -5.64049035e-02 -1.54521978e-02  4.08813395e-02
 -5.22434665e-03 -1.51827466e-02 -3.53061147e-02  7.06268325e-02
  5.03105856e-02  1.45235071e-02 -5.86915612e-02  1.39079103e-02
  3.04034203e-02 -4.73350883e-02  3.53058912e-02 -1.58564541e-02
  1.01308741e-01  2.42828429e-02  1.41182393e-01  7.17088804e-02
  7.20715849e-03 -3.27084325e-02 -4.73615853e-03 -7.73529038e-02
  8.72577261e-03  6.63872808e-02  2.20652204e-02 -7.15242699e-02
  9.69919264e-02 -1.10966466e-01 -8.12324975e-03  5.80957951e-03
 -2.49405727e-02  3.19275656e-03  1.40493549e-02 -1.13772461e-02
 -6.72266185e-02 -1.08012170e-01 -3.39840353e-02  1.56546873e-03
  8.55561346e-02 -4.26739007e-02  2.34676804e-02 -4.81382459e-02
  2.50582490e-02 -7.56399333e-02  2.23565591e-03  1.62688568e-02
  2.79156142e-03  6.75535798e-02  7.62811303e-03  5.74100669e-03
  1.11077949e-02 -6.70852438e-02 -4.85869357e-03  3.12104379e-03
 -6.93471357e-03 -1.04457095e-01 -2.86684502e-02  8.82889237e-03
  4.18561399e-02  8.76338501e-03  2.82850135e-02  7.59827013e-34
 -2.09833384e-02  2.80348789e-02  3.33759747e-02 -1.06184669e-02
  9.79678985e-03 -3.59624997e-02 -2.34785117e-02 -4.65876516e-03
  3.19844782e-02 -4.83232960e-02 -1.16377010e-03 -8.12171847e-02
 -9.95575637e-03  2.74160970e-02 -2.68609468e-02  1.65851824e-02
 -2.08681412e-02  8.22787061e-02  1.22466718e-03  4.57984395e-02
  4.19981405e-02 -3.67641300e-02  2.76307785e-03 -6.36993796e-02
  2.03450788e-02 -4.10763808e-02 -1.68456919e-02  3.65212630e-03
  2.83465348e-02 -1.87453888e-02  8.30663741e-03  1.54350894e-02
 -3.45428139e-02  8.02110136e-02  1.23961465e-02  2.07237545e-02
 -4.86311279e-02 -1.87199898e-02 -1.51852127e-02 -3.88737656e-02
 -2.95845550e-02  4.14206050e-02 -1.11694438e-02  7.25774840e-02
  8.25189054e-03 -2.87119746e-02 -2.60497462e-02 -1.04551064e-02
  2.57448349e-02  3.55094485e-02  4.28860374e-02  1.91174392e-02
 -4.67032082e-02 -1.16108850e-01  5.48496507e-02 -4.50622700e-02
  4.90626581e-02 -5.60073219e-02 -8.49332474e-03  2.66868062e-02
 -1.23186847e-02 -5.83571382e-02 -3.77621353e-02 -2.20934134e-02
  8.94379243e-02 -8.92271462e-04  1.19542427e-01 -3.94066088e-02
  2.73181852e-02 -2.51454692e-02 -7.64727071e-02 -2.83153448e-02
 -8.32021832e-02  1.14705428e-01 -7.25377128e-02  4.90711890e-02
  4.33524605e-03 -1.30803704e-01  1.16468752e-02 -2.00960021e-02
 -7.08156601e-02 -8.37015063e-02  8.52961466e-02  3.30050029e-02
 -4.02235873e-02 -1.44013334e-02  5.99108376e-02  1.49211800e-02
  1.26340352e-02 -4.60200682e-02  8.34285021e-02  9.50121973e-03
 -6.80900291e-02  9.58526134e-02 -2.16536643e-03 -2.41662867e-33
  2.78836600e-02  3.16843740e-03 -9.51748192e-02 -4.80456464e-02
 -2.36098692e-02  2.65647061e-02 -2.04992555e-02 -6.90526739e-02
  6.76998124e-02  4.55488414e-02 -1.66226849e-02  7.04825297e-03
 -8.54733773e-03 -5.65542057e-02 -3.20458896e-02 -6.12492301e-02
  4.83911373e-02  5.75153390e-03 -9.47101861e-02  1.01413541e-02
 -7.26193488e-02  2.74518263e-02  8.00520703e-02 -2.39978358e-02
 -8.03574398e-02  5.53834029e-02 -6.50584623e-02  6.34130090e-02
 -5.03734760e-02  7.79826641e-02 -5.97197041e-02  5.61088584e-02
  7.30851814e-02  8.70387070e-03  4.85953204e-02  4.95245196e-02
  1.89702138e-02 -6.52085915e-02  2.74259374e-02 -2.55903974e-02
  4.35835831e-02 -1.90265719e-02  1.16805285e-02  2.13931147e-02
  2.04380080e-02  1.33932099e-01 -3.82904224e-02  3.39953229e-02
  7.08152633e-03  2.61916257e-02  4.04095426e-02 -3.03602777e-02
  2.14384347e-02 -2.70498339e-02 -5.75513802e-02 -2.43958235e-02
  6.16376102e-03 -1.41514480e-01  2.90175118e-02  5.27426088e-03
 -1.50896329e-02  7.59253129e-02 -9.61239915e-03  1.04438409e-01
 -8.07055607e-02 -2.63486952e-02  2.85252705e-02  6.97293580e-02
  8.70713443e-02 -7.33203813e-02 -7.23821893e-02 -5.11333086e-02
  5.50550222e-02  2.87238229e-02 -2.18634331e-03 -8.87598544e-02
 -9.18082148e-02 -1.44304510e-03  6.53450191e-02 -1.54780103e-02
  5.05963108e-03  4.68327701e-02 -5.79276532e-02 -4.89502251e-02
  1.15426742e-02  2.98029184e-02  1.51567198e-02 -1.91031545e-02
  1.86083801e-02  2.20190063e-02 -2.50058118e-02 -7.98046589e-03
 -9.37431380e-02  5.64857423e-02  2.04628967e-02 -3.02434806e-08
  1.11939915e-01 -3.18088420e-02  5.00745028e-02  3.12685147e-02
 -5.25630303e-02 -5.26848324e-02 -5.14000393e-02  9.72188488e-02
  1.09414838e-01  1.23884529e-01 -6.12433366e-02  1.27325460e-01
 -1.19425301e-02 -5.26458286e-02 -1.45501802e-02  3.57807688e-02
 -3.95006426e-02 -8.87395367e-02 -7.35025182e-02 -5.32560423e-02
  4.84841168e-02 -3.36988494e-02  2.90435627e-02  1.91958658e-02
  9.08542871e-02  2.99046431e-02 -3.37541997e-02  5.12721352e-02
 -2.46625319e-02 -3.83672006e-02  4.83836941e-02 -1.87823232e-02
 -8.58030394e-02  9.65257362e-02  7.98400268e-02  6.46986812e-02
  2.16462612e-02 -5.69953173e-02  6.08549304e-02 -2.31487248e-02
  6.30607875e-03  2.92825866e-02 -5.39192446e-02  5.03346091e-03
 -3.31220739e-02 -1.09087406e-02 -5.48241548e-02  1.84564479e-02
  4.70650345e-02 -3.45292650e-02  1.53070865e-02  1.58744715e-02
  3.35041843e-02  4.93524149e-02 -9.23813507e-02  1.36247370e-02
  4.63403240e-02 -1.79631114e-02 -1.22537985e-02  2.84171058e-03
 -1.73698720e-02  6.45036846e-02 -1.77637860e-03 -6.25646561e-02]"
How does climate change affect Typhoid Fever?,"Climate change, by affecting water availability and quality, can potentially increase the risk of Typhoid Fever outbreaks, especially in areas already struggling with poor sanitation.",Climate change may heighten Typhoid risk by impacting water quality and availability.,"How does climate change affect Typhoid Fever? Climate change, by affecting water availability and quality, can potentially increase the risk of Typhoid Fever outbreaks, especially in areas already struggling with poor sanitation.","[ 5.61178476e-02  5.60602657e-02  1.70442984e-01 -6.30711913e-02
  2.78081615e-02  4.35813554e-02 -5.53969806e-03  1.81899797e-02
 -2.46486021e-03  3.63207422e-02 -3.97385135e-02 -4.08836640e-02
  9.19331089e-02  7.83511102e-02  1.36068407e-02 -3.56176309e-02
 -5.45082726e-02  3.97508517e-02 -5.41985556e-02 -8.86309519e-02
 -1.34720104e-02  3.65791004e-03  1.26615986e-02 -5.78204244e-02
 -6.53374866e-02 -5.78652741e-03 -1.37333479e-02  4.96191606e-02
 -6.42799735e-02  5.14126532e-02 -8.46755579e-02  1.08989194e-01
 -3.26536372e-02 -3.68568711e-02 -3.98346595e-02  3.40298167e-03
  1.19344555e-02  3.50754634e-02 -1.60905663e-02  5.19366823e-02
  1.73946004e-02 -3.10287718e-02 -4.28433018e-03 -1.61924958e-02
 -1.19243618e-02  5.26674883e-03 -2.80173086e-02  4.59127985e-02
 -6.09237850e-02 -9.42552183e-03  8.21710285e-03 -6.81657693e-05
  5.95520921e-02 -1.76057145e-02 -7.74954706e-02 -1.58233270e-02
  5.86995967e-02  6.11018972e-04 -8.79458860e-02 -1.48128122e-02
  6.48012152e-03 -3.23403180e-02 -7.89763220e-03 -5.37657067e-02
  6.06581792e-02 -2.52643991e-02 -1.41309714e-02  6.04918525e-02
  5.51458672e-02 -8.20730552e-02 -1.10046491e-02  1.15024254e-01
  4.91975248e-03 -4.39386666e-02 -4.39609960e-02 -5.34937195e-02
 -3.61910439e-03  1.07366545e-02  1.06842145e-01  2.31102034e-02
  8.36662054e-02 -1.65322702e-02  1.01642191e-01 -2.35308390e-02
  2.74645630e-02 -4.63902168e-02  6.04331829e-02 -4.26830649e-02
 -1.01807676e-02  7.32661337e-02  1.93850491e-02 -7.66015649e-02
  1.10577986e-01 -1.95430983e-02 -8.69051740e-02  4.97622602e-02
 -2.92356461e-02 -2.05092188e-02  2.13883128e-02 -2.98758019e-02
 -5.33852354e-02 -1.01787724e-01 -2.00678166e-02 -7.77146127e-03
  7.56201744e-02 -7.86254462e-03  1.73541103e-02 -7.34331310e-02
 -4.12479378e-02 -3.01581901e-02 -2.42106002e-02  2.25256756e-02
  3.30077261e-02  8.57283548e-03 -1.31128286e-03  1.71669815e-02
 -2.29965821e-02 -3.93883437e-02 -5.78925498e-02 -3.97181660e-02
 -4.17746603e-02 -9.29034054e-02 -4.41535488e-02  1.48862703e-02
  4.20559719e-02  2.69590504e-02  6.30910024e-02 -3.22550283e-35
  5.20428792e-02  3.50401290e-02  3.13219870e-03  4.66575706e-03
  9.44561288e-02 -3.51386145e-02 -3.09985988e-02 -7.33828265e-03
  2.84692310e-02 -8.05319920e-02 -1.18982524e-03 -2.08629407e-02
 -1.27572659e-03  2.31438037e-02 -9.36129305e-04  3.66179273e-02
 -2.78155375e-02  7.82719031e-02 -2.18842179e-03  8.94686356e-02
 -1.60792544e-02 -3.91553044e-02  4.02340386e-03  3.34698870e-03
 -5.70842996e-03 -3.05614993e-02  1.69115718e-02  3.77978645e-02
  1.11237578e-02 -3.00373975e-02  2.05050595e-03 -2.45547444e-02
 -2.88658980e-02  4.85081859e-02  6.88781887e-02 -3.35508725e-03
  1.88564742e-03 -2.05490589e-02 -1.06697567e-02  6.89565437e-03
 -1.60363968e-02  3.68101113e-02 -6.19374914e-03  3.18495817e-02
  6.45700693e-02 -3.87880430e-02  3.42949554e-02 -4.02790867e-03
  2.43010689e-02 -1.50747187e-02 -1.60118155e-02  5.88517152e-02
 -2.97082197e-02 -4.41657938e-02  3.64825949e-02 -5.82946353e-02
  6.45024478e-02 -4.25134301e-02  3.30469720e-02 -3.91303599e-02
 -1.45086721e-02 -7.25899786e-02  3.03567294e-02 -2.91221850e-02
  1.53646082e-01  2.39860415e-02  6.45469055e-02 -3.55506167e-02
 -5.16816303e-02 -1.86404772e-02 -1.01335756e-02 -3.49432044e-02
 -4.07690294e-02  9.85386074e-02 -4.81015146e-02  6.70171380e-02
 -7.90768024e-03 -8.47333893e-02 -1.08163636e-02 -3.12667452e-02
 -6.31805509e-02 -2.09990982e-02  7.51778632e-02  2.66348477e-04
 -1.62069481e-02  3.00790444e-02  8.38482007e-02  9.86408535e-03
  7.36203417e-02 -2.97744256e-02  9.97062996e-02 -1.35081625e-02
 -2.59596668e-02  8.46689641e-02  4.08841595e-02 -1.18911098e-33
 -5.74189834e-02  3.99546418e-03 -1.27535269e-01 -3.59460302e-02
 -3.32794599e-02 -1.96121098e-03  1.09993983e-02  2.70852130e-02
  8.63948241e-02 -4.90253931e-03  1.07412264e-02  2.67275347e-04
 -4.73133698e-02 -3.98514681e-02 -3.39732021e-02 -9.94611233e-02
  8.10765922e-02  6.33294210e-02 -8.85069519e-02  2.00628955e-02
 -7.32438639e-02 -5.92254624e-02  3.33357044e-02  1.15204388e-02
 -1.23778813e-01  3.04719210e-02  8.73663835e-03  3.00825331e-02
 -4.69093919e-02  4.24655266e-02 -5.35676703e-02  5.39287888e-02
  2.50129569e-02  9.44608226e-02  6.96214885e-02  6.54728189e-02
  1.35053294e-02 -1.13177642e-01  4.45184149e-02  1.84631161e-02
  9.53717716e-03 -9.44247916e-02  7.81872720e-02 -5.03335446e-02
  6.38752058e-02  5.61382100e-02 -3.99780199e-02  1.80844348e-02
  1.42635629e-02 -7.19204498e-03  8.74061063e-02 -4.27646004e-03
  8.54545622e-04 -2.47293189e-02 -5.37149608e-02 -7.01764897e-02
 -2.10680049e-02 -1.26373217e-01 -3.45144197e-02  2.60893293e-02
 -4.08017039e-02  4.91801463e-02  2.40949094e-02  5.39145768e-02
 -8.10494795e-02 -5.58499843e-02 -8.98310468e-02  3.34873497e-02
  8.37346092e-02  1.91036146e-02 -3.91755626e-02 -5.13602383e-02
  2.15855371e-02 -4.78126574e-03  2.35063508e-02 -9.89079550e-02
 -6.87153712e-02  3.82875688e-02  3.96335423e-02 -1.14546148e-02
 -1.60148349e-02  5.74268661e-02 -5.66112995e-02 -4.61692140e-02
  9.31140268e-04  2.13764478e-02  1.76800378e-02 -5.78101464e-02
 -8.37645121e-03  9.48118940e-02 -3.23443487e-02 -3.94124445e-03
 -1.19521759e-01  3.58180888e-02  1.33911632e-02 -2.59294008e-08
  1.29986420e-01 -1.74593758e-02  6.30793646e-02  9.92156714e-02
  1.34571397e-03 -5.28539605e-02 -5.31476215e-02  4.45871986e-02
  1.26155645e-01  7.05113262e-02 -6.93790317e-02  1.49787754e-01
  5.91676608e-02 -2.83044688e-02 -1.74130127e-02  5.14208302e-02
  3.62016112e-02 -9.86901000e-02 -4.89662215e-02 -6.41808659e-02
 -2.22049467e-02 -1.76644363e-02  3.41851339e-02  1.09794177e-02
  1.05002008e-01  2.50133369e-02  1.66578367e-02  5.10989651e-02
 -9.74477548e-03 -2.15567779e-02  1.31382979e-02 -4.42718007e-02
 -1.83822494e-02  5.22644818e-02  7.70138130e-02  2.14214977e-02
 -2.50140671e-02  2.43722796e-02  1.17531586e-02  1.79089550e-02
  1.50087448e-02  5.42511307e-02 -8.15880373e-02  2.17113309e-02
 -4.65945862e-02 -7.94993043e-02 -2.53904406e-02 -2.78682075e-02
 -1.99909564e-02  4.18234477e-03  2.61307582e-02  1.99484099e-02
 -2.01344825e-02  1.07969847e-02 -9.16373581e-02  3.17886967e-04
  2.22971626e-02 -2.45919265e-02  5.61394952e-02  3.09092533e-02
 -4.30677272e-02 -4.73802760e-02 -2.05655862e-02 -3.94710340e-02]"
Is there any resistance to Typhoid Fever treatment?,"There is growing concern about antibiotic-resistant strains of Salmonella typhi, which can make Typhoid Fever more difficult to treat and control.",Antibiotic-resistant strains of Salmonella typhi present challenges in treating and controlling Typhoid.,"Is there any resistance to Typhoid Fever treatment? There is growing concern about antibiotic-resistant strains of Salmonella typhi, which can make Typhoid Fever more difficult to treat and control.","[ 4.44122404e-02  1.03300735e-02  8.54952708e-02 -3.91176119e-02
 -2.17720848e-02  1.77161079e-02 -1.12198014e-02  9.75571126e-02
 -1.05071561e-02  6.07604720e-03 -2.07291283e-02  1.75210331e-02
  7.79368952e-02  1.24891102e-01  6.50228038e-02 -7.85794780e-02
  4.10945043e-02  2.14358028e-02  1.13147013e-02 -2.12076679e-02
 -1.10542893e-01  6.19561458e-03  7.83862397e-02  9.04203672e-03
 -3.87155153e-02 -3.44337104e-03  1.22269494e-02  2.23019421e-02
 -4.32731286e-02 -1.44019946e-02 -1.26029566e-01  1.43456534e-02
 -3.77732962e-02  7.43023911e-03 -2.65756901e-02 -4.03599720e-03
 -3.48758721e-03  2.62431446e-02  3.26221511e-02  4.93658818e-02
 -2.85015870e-02  2.35573365e-03 -2.73402384e-03 -1.09710759e-02
 -3.19525190e-02  2.08424777e-02 -1.52893271e-02 -1.26799922e-02
 -2.36865389e-03  5.95100969e-02 -1.10102855e-02 -3.59605104e-02
  1.70485303e-01 -1.01575563e-02  5.52234761e-02  7.45084230e-03
 -2.35922839e-02 -4.27025519e-02 -6.34872168e-02 -4.05000858e-02
 -2.79213190e-02 -2.45852042e-02  5.72713129e-02 -2.08879542e-02
 -5.35943024e-02  3.20380181e-03  1.44706788e-02  7.58734206e-03
  1.11580841e-01 -3.31186689e-02  1.96758267e-02  7.15574771e-02
  2.53538154e-02  5.07829189e-02 -5.00644781e-02 -1.77397132e-02
  9.47723985e-02 -4.44718301e-02  6.47299513e-02 -7.62455259e-03
 -5.88406511e-02 -3.74676473e-02  9.53954458e-02  5.99421784e-02
 -1.43382028e-02 -8.83715004e-02  3.06553207e-02  4.30730246e-02
  2.14923527e-02  3.67890783e-02  2.72300132e-02 -3.64603139e-02
  7.55633265e-02 -5.36395758e-02 -1.37205664e-02 -3.26230898e-02
 -6.75707459e-02 -4.93431389e-02 -5.80239110e-02 -6.41492531e-02
 -3.23406532e-02 -7.09526017e-02 -8.18111748e-03 -1.72223933e-02
  5.07978462e-02 -5.56051806e-02  4.05155234e-02 -1.08224250e-01
 -1.35783050e-02 -6.29248843e-02  2.41423380e-02  3.17851119e-02
  9.39873084e-02  1.30565902e-02 -5.84465377e-02 -6.00247197e-02
  5.18739372e-02 -6.69261813e-02 -2.63973922e-02  4.64277826e-02
  6.10062405e-02 -8.06582943e-02  1.56347863e-02 -1.54102116e-03
  3.87690514e-02  1.96121465e-02  3.14699188e-02  9.08489993e-34
  2.05041207e-02  9.68169048e-02  1.61970034e-02 -5.48702031e-02
  1.48641374e-02 -3.09360288e-02  5.21657355e-02  3.31304106e-03
  2.94133928e-03 -1.02036424e-01 -3.64235453e-02  1.12512363e-02
  2.26247706e-03  1.34442765e-02  3.51996161e-02 -7.61812087e-03
 -1.35112060e-02  2.30587516e-02 -1.62443239e-02  2.09623575e-03
  3.99353951e-02 -2.75897589e-02  1.56334322e-02 -1.27427233e-02
 -9.47328750e-03 -2.00698767e-02 -2.96606906e-02  2.55162716e-02
  6.37639239e-02 -1.82867944e-02 -1.93353295e-02  2.52710655e-02
  2.92626512e-03  8.47668350e-02  3.40620764e-02 -2.63555050e-02
 -4.58398014e-02  5.09183891e-02 -1.60312913e-02 -3.35821845e-02
 -8.37725773e-02  4.77100387e-02 -6.47588959e-03  3.92675623e-02
  8.44974369e-02 -4.89217639e-02 -1.26572056e-02 -6.64622039e-02
 -2.82354821e-02 -3.37085202e-02  5.78404032e-02  1.44398222e-02
 -4.64515574e-02 -9.11118090e-02  9.31807682e-02 -5.52809983e-02
  4.27028388e-02  5.31968139e-02  5.51062040e-02  6.66719675e-02
 -1.11250039e-02  7.77998101e-03 -4.50025424e-02  1.34187506e-03
 -4.08169776e-02 -1.61523931e-02  1.38095869e-02 -6.84107170e-02
 -8.54477882e-02 -1.43025052e-02  3.63993570e-02 -5.85574806e-02
 -1.07099570e-01  6.03444763e-02 -8.26988965e-02 -2.92847045e-02
  3.05978227e-02 -9.08726379e-02  7.51772746e-02 -8.90027657e-02
 -8.88857767e-02 -2.08112746e-02  9.39665064e-02  3.04800663e-02
 -2.98475120e-02  1.82019863e-02  3.13210897e-02  1.57196671e-02
  6.85329456e-03 -2.50395369e-02  5.42396940e-02 -3.62991393e-02
 -4.24022861e-02  3.64931673e-02  1.83116328e-02 -2.12733253e-33
 -1.05580147e-02 -2.00427119e-02 -5.12845851e-02 -5.81190772e-02
 -6.58247471e-02  6.43599108e-02  8.33549537e-03 -2.17321496e-02
  1.26767799e-01 -2.36162059e-02  4.07563522e-02 -2.27350350e-02
 -7.79298320e-02  1.01104537e-02 -9.47755203e-02 -7.22704157e-02
  6.38308302e-02  5.90844192e-02 -7.26676136e-02 -4.74041663e-02
 -6.17901497e-02  1.26762968e-02 -1.53540373e-02 -6.17235247e-03
 -2.78537013e-02  6.00282587e-02 -8.04538466e-03  7.24566802e-02
 -6.22069910e-02 -1.49348704e-02 -2.32489966e-02  1.18441936e-02
 -1.36807114e-02 -4.76031005e-02  6.57071620e-02  7.18644261e-02
  7.15370253e-02  2.16062479e-02 -6.04261970e-03  3.15356925e-02
  1.00847874e-02 -5.74073605e-02  1.67993847e-02  6.25794753e-02
  1.03583336e-02  8.61795023e-02 -4.66129445e-02 -4.46963608e-02
  2.12659519e-02  3.89597891e-03  9.77739692e-03 -2.53810883e-02
  7.71777481e-02 -3.68283316e-02 -1.33423842e-02 -8.47207010e-02
 -4.66192253e-02 -9.28738490e-02 -3.26142423e-02  4.65411134e-03
  1.82316871e-03 -6.44604638e-02  7.40380436e-02  3.42974961e-02
 -2.63357647e-02  4.61834110e-02 -1.78861693e-02  9.51449573e-02
  1.01609409e-01 -1.51083423e-02 -5.06443903e-02  6.24466464e-02
  2.33918568e-03 -9.41231754e-03  1.27963489e-02 -8.23074207e-02
 -3.16797383e-02 -4.19685207e-02  1.14347756e-01 -9.09793600e-02
  9.40382406e-02  2.38342322e-02 -4.03648168e-02 -6.21435903e-02
  4.86089848e-03  8.57730774e-05 -1.31982341e-02 -4.76987287e-03
 -8.00977275e-03  4.31704819e-02 -4.95473184e-02 -2.88270246e-02
 -4.18274058e-03  3.66415121e-02  3.80219519e-02 -2.68335043e-08
  1.17796548e-01 -2.45183632e-02  8.18851516e-02  6.17984831e-02
 -1.79348662e-02 -2.21201777e-02 -7.71934092e-02 -1.88155696e-02
  5.59392534e-02  6.70621693e-02 -5.44276722e-02  1.73857138e-01
  7.00993612e-02 -2.47249175e-02 -6.34693056e-02 -7.82129355e-03
  4.47525382e-02 -5.93753532e-02 -2.87659634e-02 -1.02055825e-01
 -3.33929062e-02  2.16619819e-02  2.77458429e-02 -2.54912972e-02
  6.76317066e-02  3.49971019e-02  2.65669115e-02 -6.03604279e-02
  1.89744576e-04 -1.00824155e-01 -8.98764282e-02 -3.14255916e-02
 -8.82574022e-02  3.96168008e-02  8.20794031e-02 -1.91005357e-02
  6.74451515e-03  6.21649027e-02 -5.59377391e-03 -9.62049887e-03
  2.16280278e-02  2.09364807e-03 -4.06135134e-02  2.75720060e-02
  1.33651048e-02 -4.74207243e-03 -3.50672379e-02 -3.12098078e-02
  2.00611912e-02 -9.68835950e-02  8.63294303e-02  1.37382466e-02
  5.48096895e-02  6.11695796e-02 -1.12581566e-01  4.66523394e-02
  1.26938121e-02 -2.11684164e-02 -3.21069993e-02  1.65584944e-02
 -3.98069173e-02 -6.17410392e-02  5.92861064e-02  2.95629371e-02]"
Can Typhoid Fever reoccur after treatment?,"After recovery, a person can get reinfected with Typhoid Fever if exposed again, especially if they are in an area with poor sanitation and hygiene practices.","Recurrence of Typhoid is possible if re-exposed, particularly in areas with ongoing sanitation challenges.","Can Typhoid Fever reoccur after treatment? After recovery, a person can get reinfected with Typhoid Fever if exposed again, especially if they are in an area with poor sanitation and hygiene practices.","[ 1.86300557e-03 -2.58915219e-02  7.23261908e-02 -1.22760022e-02
 -2.15937141e-02  1.78316701e-02  4.62282188e-02  3.18212658e-02
 -4.08718400e-02 -6.62144693e-03  3.93330231e-02  1.08611420e-01
  8.60792920e-02  1.09311767e-01  2.38832738e-03 -6.79357946e-02
  4.77909297e-02  6.41304031e-02 -8.88925977e-03 -1.29915932e-02
 -7.53115118e-02  5.49221784e-03  1.12274550e-02 -7.21725896e-02
  1.28883161e-02 -4.36928298e-04 -4.02642973e-02  5.72477169e-02
  3.81005462e-03  1.69025753e-02 -8.67445394e-02  5.10549918e-02
 -7.18275607e-02 -4.45738137e-02 -2.56397463e-02  6.00236952e-02
 -5.40545844e-02  6.45602122e-03 -4.35385257e-02  5.29537722e-02
 -3.74969244e-02 -3.80682833e-02 -3.69117446e-02 -2.97092572e-02
  1.01479227e-02 -5.83262229e-03 -3.90500054e-02  3.46757956e-02
  1.69963576e-02 -5.28972596e-04  8.56221542e-02  3.12975980e-02
  7.36567974e-02  4.51328382e-02  7.92310853e-03  9.25434530e-02
  2.25969162e-02 -2.01097429e-02 -9.21200812e-02  2.39193533e-02
 -5.95958680e-02 -1.70511939e-02  6.83861524e-02 -4.37770635e-02
  1.83221977e-02 -1.96471401e-02 -2.77109221e-02 -3.64741348e-02
  1.31303698e-01 -1.64174952e-03  4.13038097e-02  3.26334946e-02
  2.23967340e-02 -7.94282183e-02 -3.63108814e-02  4.65678647e-02
  3.46308984e-02 -5.52512184e-02  6.58278354e-03  8.43392238e-02
 -1.11400476e-02 -2.69615967e-02  8.36260691e-02 -2.88904980e-02
 -2.73985714e-02 -6.65672198e-02  5.12027601e-03 -1.66719221e-02
  3.38911973e-02  9.67015922e-02  2.15969048e-02  1.68631040e-02
  7.21003562e-02 -8.85772705e-02 -1.81364212e-02 -4.82027307e-02
 -5.83411101e-03  1.75892767e-02 -6.82385964e-03 -1.23158824e-02
 -1.06715187e-01 -1.02498800e-01 -3.56736593e-02 -1.99064631e-02
  2.81948186e-02 -3.93894240e-02  3.27282846e-02 -6.93694204e-02
  1.08161336e-02 -4.62662503e-02  4.21685306e-03  2.74682753e-02
  1.18880279e-01 -1.22336682e-03 -3.76519444e-03  4.36064005e-02
 -5.14540412e-02 -9.71541032e-02 -2.93284468e-02  8.36870808e-04
  2.91268453e-02 -6.44949824e-02  7.23782778e-02 -4.48302850e-02
  8.93453658e-02 -3.06874979e-02  1.30839169e-01  1.08544404e-33
 -2.18595620e-02  1.02818936e-01  2.71628425e-02 -1.81547198e-02
  1.40685132e-02 -1.42455276e-03  4.32609115e-03 -3.25135817e-03
  4.02492210e-02 -1.32035449e-01  3.16714086e-02 -5.01042884e-03
  3.30015123e-02  1.94550231e-02 -6.91828951e-02  6.04924932e-02
  6.41261460e-03  8.48339796e-02 -5.71747981e-02  3.76199223e-02
  1.19816568e-02  3.30702960e-02  3.90725350e-03 -3.79814245e-02
 -3.31902876e-02 -1.83109771e-02 -9.79666039e-03  4.11847569e-02
  2.53263712e-02 -1.19017987e-02  1.93885881e-02  9.19819549e-02
 -4.54549305e-02  5.75962923e-02 -6.22248426e-02  3.25160623e-02
  4.60363254e-02  4.39734310e-02 -5.77694224e-03 -5.85483164e-02
  1.44150481e-02  6.72056526e-02  4.73913038e-03  2.79805791e-02
  1.54502559e-02 -9.47540998e-02 -3.45375203e-02 -2.09048521e-02
 -5.40997982e-02 -6.79468066e-02  4.17619310e-02  5.70776612e-02
 -4.97717820e-02 -9.58913043e-02  1.42478282e-02 -2.25720368e-02
  3.05871964e-02  4.85738888e-02  7.22834095e-02  8.47546384e-02
  3.54910605e-02  4.82750013e-02  2.82701431e-03  4.84388089e-03
  5.08133173e-02 -3.50093320e-02  6.50494993e-02 -3.81431840e-02
 -9.44317207e-02 -4.49534990e-02  2.39189658e-02 -4.16676663e-02
 -9.91819277e-02  7.16786087e-02 -5.86760938e-02  2.29045399e-03
  3.74587439e-02 -8.66929740e-02  1.97990891e-03 -6.53706044e-02
 -4.04765606e-02 -8.98986459e-02  6.55573532e-02  3.22376043e-02
  6.24726177e-04  2.07909755e-02 -1.28196422e-02 -5.46731539e-02
 -4.85918531e-03 -3.26372124e-02  7.57237077e-02 -1.09633422e-02
 -2.60728523e-02  5.38536087e-02 -3.77573213e-03 -2.97655924e-33
  1.97562966e-02  7.66120851e-03 -8.66150036e-02 -5.62548749e-02
 -4.92665134e-02  2.90098656e-02  8.87779810e-04  5.56222610e-02
  1.35017214e-02 -4.66914214e-02 -5.33404723e-02 -4.80956770e-02
  3.08891367e-02 -2.33203219e-03 -9.94278789e-02 -2.48363074e-02
 -1.70925334e-02  1.80840995e-02 -1.19798042e-01  4.48028371e-02
 -4.33999337e-02 -7.17169642e-02  8.40950534e-02 -2.88855080e-02
 -5.65241128e-02  6.11176826e-02  3.08213965e-03  3.51672694e-02
 -7.11382627e-02 -3.04027982e-02  3.05024292e-02 -6.99796006e-02
  9.94306244e-03  4.95043956e-02  1.09560810e-01  3.06285433e-02
  3.62496898e-02 -1.20989904e-01  4.43604887e-02  2.59269886e-02
  5.64534254e-02 -3.29302512e-02 -2.52259220e-03  2.54124124e-02
  5.61869517e-02  4.05195430e-02 -3.90053317e-02  1.00356191e-02
  8.33544359e-02 -1.84171908e-02  2.27492675e-02 -2.04583034e-02
  1.34442709e-02 -7.08887950e-02 -6.90764338e-02 -5.05307168e-02
 -1.11454735e-02 -1.06463410e-01 -6.70558065e-02  9.61101893e-03
  1.81658659e-02 -3.98001038e-02  5.19479485e-03  9.13200304e-02
 -1.22944191e-02 -3.95263778e-03  1.30520873e-02  3.70239392e-02
 -5.21936396e-04 -5.00977226e-02 -1.38068488e-02  5.02809510e-02
 -5.87089248e-02 -2.76517533e-02  4.79580574e-02 -8.37512314e-02
 -4.73505929e-02  1.92937255e-02  5.40049262e-02 -6.52118102e-02
 -5.63966893e-02  3.86078432e-02 -1.43236509e-02 -4.90616783e-02
  9.87103581e-02 -2.70904042e-02 -1.82614342e-04 -2.13247240e-02
  2.11415570e-02 -2.33647563e-02 -2.29615951e-03 -2.25995723e-02
 -1.93693731e-02  2.21058242e-02  4.68083611e-03 -2.78041394e-08
  9.92053449e-02  6.33812230e-03  4.72546145e-02  9.25840288e-02
 -3.32644884e-03 -5.60409352e-02 -5.52220345e-02 -2.23940704e-02
  8.40919018e-02  5.70501573e-02 -9.22892839e-02  1.31431103e-01
  2.12831907e-02 -6.37084842e-02 -5.16980886e-02 -1.40919676e-02
 -4.95017460e-03 -9.15380791e-02 -2.32459558e-03 -7.15111792e-02
 -1.52577646e-02 -2.05482133e-02  8.54557827e-02  5.63917011e-02
  3.94960754e-02  1.01809546e-01  5.98636596e-03 -3.16910259e-02
 -4.21344936e-02 -5.05096242e-02 -6.21658228e-02 -4.24151942e-02
 -3.97563986e-02  5.62972240e-02  7.85905421e-02 -3.03051695e-02
  6.98287934e-02  2.48249620e-02  3.51795107e-02 -1.08357675e-01
 -3.68980604e-04  2.45546680e-02  1.95549708e-02  1.77526684e-03
 -2.55666338e-02 -1.14180364e-01 -3.61889377e-02 -8.08726698e-02
  5.87865189e-02 -9.02424082e-02  3.30266654e-02  2.41963547e-02
 -1.52373463e-02  2.20676903e-02 -5.68621494e-02  3.19861039e-03
  2.71490421e-02 -2.20995722e-03 -1.80750117e-02 -2.26988588e-02
 -2.88996957e-02  1.05009484e-03 -5.73968561e-03 -5.26417531e-02]"
What are the challenges in Typhoid Fever control?,"Challenges include the development of antibiotic-resistant strains, the need for improved water and sanitation infrastructure, and ensuring access to effective vaccines and medical treatment in resource-limited settings.","Control challenges involve antibiotic resistance, need for better water/sanitation infrastructure, and access to vaccines and treatment in low-resource areas.","What are the challenges in Typhoid Fever control? Challenges include the development of antibiotic-resistant strains, the need for improved water and sanitation infrastructure, and ensuring access to effective vaccines and medical treatment in resource-limited settings.","[ 2.43276469e-02  3.60943154e-02  9.61082950e-02 -7.95284957e-02
 -9.99527285e-04  6.76618889e-02 -1.75360143e-02  1.06276184e-01
 -4.54584695e-02  5.98966517e-02 -5.69993071e-02 -6.17113933e-02
  8.22417736e-02  1.00525692e-01 -2.04129051e-02 -3.71025428e-02
 -2.39547677e-02 -3.66228931e-02 -7.34965270e-03 -5.11732250e-02
 -1.31596019e-02  2.23650690e-02  7.72704780e-02 -2.44987588e-02
 -8.55348706e-02 -2.29653269e-02  2.84719113e-02 -9.26960912e-03
 -3.49458829e-02 -2.17153355e-02 -3.31091322e-02  5.46365641e-02
 -1.97334718e-02 -3.32862958e-02 -3.25159132e-02 -3.29871029e-02
 -1.05611701e-02  8.63372348e-03  5.02728075e-02  2.40272488e-02
 -3.60308439e-02 -1.21731445e-01 -4.50301282e-02 -2.68341731e-02
  2.93695903e-03  1.24565354e-02 -6.87600393e-03  1.98905542e-02
 -2.27356106e-02 -7.74572464e-03 -8.88694264e-03 -4.77615707e-02
  1.14064753e-01 -8.07131268e-03 -2.03705691e-02 -7.08829984e-02
  7.44288042e-03 -2.63084136e-02 -6.23010285e-02 -2.81013474e-02
 -1.63520854e-02 -6.62227049e-02 -2.76288353e-02 -2.33040340e-02
 -8.85387044e-03 -1.38582410e-02 -5.52406721e-02  4.85803839e-03
  7.28586838e-02  2.74822768e-03 -3.31890061e-02  7.11000711e-02
  1.38806757e-02  2.75857076e-02 -3.46630514e-02  3.96803021e-03
  5.24201393e-02 -2.94691287e-02  6.82598874e-02 -1.33256996e-02
  7.82978535e-02 -5.09728529e-02  9.36776474e-02  7.59315565e-02
  6.04758300e-02 -4.24310677e-02  8.80784355e-03  5.22562582e-03
  1.88473966e-02  7.43042901e-02  1.22495582e-02 -5.38229495e-02
  1.07240580e-01 -4.51000668e-02  1.16380425e-02  2.82361172e-02
 -1.22997640e-02 -3.08718737e-02  1.59176567e-03 -1.39391264e-02
 -4.25543711e-02 -1.17714077e-01  2.81412061e-02  1.32398698e-02
  7.63378590e-02 -3.92177179e-02  6.17866814e-02 -1.27497733e-01
  1.19040757e-02 -7.98573419e-02  2.40374431e-02 -9.19158757e-03
  8.29817951e-02  7.94544583e-04 -3.01371962e-02 -2.25353129e-02
  1.23624979e-02 -8.24387297e-02 -6.82591554e-03  2.30348986e-02
 -2.08620597e-02 -8.20904151e-02 -2.45747790e-02 -3.76245528e-02
  7.26808459e-02  5.31190969e-02 -7.66019663e-03 -1.05449686e-33
  2.99862176e-02  8.52709413e-02 -6.83870260e-03  1.11509999e-02
 -2.10919045e-02 -1.31023498e-02 -2.63579674e-02  5.97794913e-03
 -1.52779464e-02 -7.01690465e-02 -1.32170739e-02 -2.02871263e-02
 -9.74656083e-03  2.40552388e-02  4.50768210e-02 -1.02273144e-01
 -3.21329683e-02  8.74511600e-02  9.98243038e-03  4.56090234e-02
 -3.02614085e-03 -6.97577372e-02 -3.94290034e-03 -2.55291257e-02
  9.06863529e-03  2.53162291e-02  8.85660574e-03 -3.24510857e-02
  8.18827450e-02 -1.81799736e-02 -3.31837684e-02  4.75327000e-02
  5.26259886e-03  7.50945732e-02  7.97440205e-03  2.49075200e-02
 -2.39622872e-02 -1.33460229e-02 -3.63242030e-02 -2.26893136e-03
 -4.96954322e-02  7.34400153e-02  1.07845869e-02  4.91397679e-02
  8.87322649e-02 -2.53602192e-02  4.85144481e-02 -7.38999620e-02
 -8.32196176e-02 -2.59415340e-02  2.40543410e-02  3.82856280e-02
 -7.31038228e-02 -8.01936239e-02  9.49914455e-02 -1.67289916e-02
 -2.11662650e-02 -7.43172169e-02  3.41060646e-02  7.33714029e-02
  4.36719656e-02 -4.01988439e-02 -9.32038669e-03 -4.05701622e-02
  4.51729335e-02  2.36060414e-02  2.37328522e-02 -4.99554798e-02
 -3.76224034e-02  2.77052317e-02  5.65608544e-03 -1.06533721e-01
 -4.66396473e-02  4.96180803e-02 -1.25583997e-02  8.37584212e-02
  5.90735413e-02 -8.03756341e-02 -7.95833534e-04 -1.03916697e-01
 -7.81215653e-02 -2.46268325e-02  7.42784366e-02  4.39620987e-02
 -6.20293140e-04 -3.08012720e-02  3.05146985e-02 -1.51779689e-02
 -7.04662055e-02 -2.42584292e-02  2.73888167e-02  5.73239243e-03
 -4.18114327e-02  1.02677867e-01  6.09219745e-02  1.58075854e-34
 -1.64183956e-02  2.35333014e-02 -1.32633299e-01 -7.86593929e-02
  8.73215031e-03  4.93976846e-02  1.23079475e-02  2.84876511e-03
  1.10102832e-01 -5.29495673e-03 -5.18362736e-03 -4.29465137e-02
 -1.96175799e-02 -3.02729718e-02 -1.13529287e-01 -1.57887235e-01
  4.34351601e-02  3.00028548e-02 -3.13698910e-02  1.57133285e-02
 -4.75818627e-02  1.86309349e-02 -3.88906524e-02  1.44355660e-02
 -3.76242921e-02  9.76059288e-02 -5.59134036e-02 -8.20648670e-03
 -5.54331392e-02  1.54183330e-02 -7.12092891e-02  2.81763938e-03
  4.05897945e-03  5.24937809e-02  7.00063109e-02  8.20414126e-02
  3.18008848e-02 -3.48654129e-02  7.05437362e-02 -1.24770999e-02
  6.73260912e-02 -8.62544850e-02  1.21462187e-02  2.71543153e-02
  4.41094600e-02  7.78565556e-02 -3.09628993e-02  2.84746606e-02
  3.43052223e-02  2.47474108e-02  4.20360714e-02 -6.31682277e-02
  3.45750786e-02 -3.37121412e-02 -5.76658063e-02 -7.31204003e-02
 -3.24848145e-02 -1.49258912e-01  4.05634716e-02  3.48677710e-02
  9.35986079e-03  3.53145488e-02  1.85679235e-02  1.01156577e-01
 -4.28193137e-02 -1.55080315e-02  1.69782396e-02  1.01996459e-01
  4.55000512e-02  5.30062057e-03 -1.54224792e-02  1.61679497e-03
  1.58207100e-02  2.39569191e-02  3.68759334e-02 -7.63312131e-02
 -7.88557604e-02  4.64767916e-03  1.04996033e-01 -3.75488512e-02
  3.71666439e-02  4.48580198e-02 -3.90508696e-02 -1.77354384e-02
  4.23092116e-03  5.18851541e-02  1.99579168e-02 -2.88071018e-02
  4.24932502e-02  4.66608629e-02 -7.64489919e-02 -1.00946063e-02
 -8.88847113e-02  9.96545479e-02 -3.28518567e-03 -3.16229674e-08
  1.54047683e-01 -4.11679633e-02  4.31291871e-02  1.77666675e-02
 -1.11276712e-02  1.51202362e-02 -7.14771673e-02 -2.37249471e-02
  1.03554264e-01  1.26874268e-01 -3.37477103e-02  1.40838549e-01
  1.28799619e-03  2.33901688e-03 -3.54507081e-02  2.94123385e-02
  1.49694760e-03  1.39350388e-02 -4.00086232e-02 -9.94738564e-02
 -1.13064861e-02  1.73601061e-02 -2.26445235e-02 -1.24854343e-02
  8.27534124e-02  3.66830304e-02 -3.27606732e-03 -2.02233326e-02
 -9.38626193e-03  1.38907577e-03 -2.98958458e-02 -3.58648528e-03
 -4.54782173e-02  8.02299082e-02  1.76531505e-02  3.71825956e-02
 -5.20503484e-02  2.46218126e-02  2.44377907e-02 -3.71988155e-02
  8.15553963e-03  7.99584314e-02 -3.21003124e-02 -4.08812724e-02
 -4.97779958e-02  7.87590165e-04 -5.70757352e-02  4.63558249e-02
 -2.62306212e-03 -4.76082154e-02  3.43968049e-02  2.71171425e-02
  7.65388757e-02  6.21423200e-02 -6.99102134e-02  4.57537584e-02
  3.24694589e-02 -4.37006280e-02  7.64668919e-03 -8.33215564e-03
  1.06730601e-02  2.19376641e-04 -5.57683827e-03  3.17892022e-02]"
